# time Tc_folded Tref_folded value value_err offset model full_model val_compare val_compare_err residuals residuals_err jitter jitter_flag offset_flag subset_flag 
59333.151961 0.000000 0.000000 -2.770000 0.197000 0.045601 -3.169097 -3.194584 -2.744514 0.197000 0.424584 0.197000 1.107009  -1  -1  -1 
59333.152667 0.000000 0.000000 -1.924000 0.197000 0.045601 -3.168794 -3.190925 -1.901868 0.197000 1.266925 0.197000 1.107009  -1  -1  -1 
59333.153373 0.000000 0.000000 -2.959000 0.197000 0.045601 -3.168490 -3.187267 -2.940223 0.197000 0.228267 0.197000 1.107009  -1  -1  -1 
59336.044295 0.000000 0.000000 -3.670000 0.196000 0.045601 -1.913757 -2.232072 -3.351685 0.196000 -1.437928 0.196000 1.107009  -1  -1  -1 
59336.045745 0.000000 0.000000 -1.842000 0.196000 0.045601 -1.913145 -2.224649 -1.530496 0.196000 0.382649 0.196000 1.107009  -1  -1  -1 
59336.046451 0.000000 0.000000 -2.082000 0.196000 0.045601 -1.912847 -2.221033 -1.773814 0.196000 0.139033 0.196000 1.107009  -1  -1  -1 
59337.054588 0.000000 0.000000 0.800000 0.204000 0.045601 -1.499112 0.566385 -1.265498 0.204000 0.233615 0.204000 1.107009  -1  -1  -1 
59337.055294 0.000000 0.000000 1.084000 0.204000 0.045601 -1.498832 0.565334 -0.980166 0.204000 0.518666 0.204000 1.107009  -1  -1  -1 
59337.055999 0.000000 0.000000 1.685000 0.204000 0.045601 -1.498552 0.564279 -0.377831 0.204000 1.120721 0.204000 1.107009  -1  -1  -1 
59338.142666 0.000000 0.000000 -3.695000 0.193000 0.045601 -1.086786 -3.066665 -1.715121 0.193000 -0.628335 0.193000 1.107009  -1  -1  -1 
59338.143375 0.000000 0.000000 -4.166000 0.193000 0.045601 -1.086531 -3.067797 -2.184735 0.193000 -1.098203 0.193000 1.107009  -1  -1  -1 
59338.144784 0.000000 0.000000 -3.391000 0.192000 0.045601 -1.086026 -3.070032 -1.406993 0.192000 -0.320968 0.192000 1.107009  -1  -1  -1 
59339.164449 0.000000 0.000000 -0.406000 0.196000 0.045601 -0.741933 -0.276024 -0.871909 0.196000 -0.129976 0.196000 1.107009  -1  -1  -1 
59339.165155 0.000000 0.000000 -2.684000 0.196000 0.045601 -0.741711 -0.272515 -3.153196 0.196000 -2.411485 0.196000 1.107009  -1  -1  -1 
59339.166567 0.000000 0.000000 -0.028000 0.196000 0.045601 -0.741267 -0.265501 -0.503766 0.196000 0.237501 0.196000 1.107009  -1  -1  -1 
59340.102238 0.000000 0.000000 1.154000 0.196000 0.045601 -0.468004 1.383631 -0.697635 0.196000 -0.229631 0.196000 1.107009  -1  -1  -1 
59340.103650 0.000000 0.000000 1.360000 0.196000 0.045601 -0.467624 1.380218 -0.487842 0.196000 -0.020218 0.196000 1.107009  -1  -1  -1 
59340.104356 0.000000 0.000000 0.898000 0.197000 0.045601 -0.467435 1.378506 -0.947940 0.197000 -0.480506 0.197000 1.107009  -1  -1  -1 
59341.060305 0.000000 0.000000 -1.111000 0.200000 0.045601 -0.234195 -2.136368 0.791173 0.200000 1.025368 0.200000 1.107009  -1  -1  -1 
59341.061717 0.000000 0.000000 -1.590000 0.201000 0.045601 -0.233886 -2.139279 0.315393 0.201000 0.549279 0.201000 1.107009  -1  -1  -1 
59341.062423 0.000000 0.000000 -1.253000 0.201000 0.045601 -0.233731 -2.140727 0.653996 0.201000 0.887727 0.201000 1.107009  -1  -1  -1 
59342.127214 0.000000 0.000000 0.050000 0.194000 0.045601 -0.030387 0.475187 -0.455574 0.194000 -0.425187 0.194000 1.107009  -1  -1  -1 
59342.128626 0.000000 0.000000 1.355000 0.194000 0.045601 -0.030156 0.481964 0.842880 0.194000 0.873036 0.194000 1.107009  -1  -1  -1 
59342.129333 0.000000 0.000000 -0.812000 0.194000 0.045601 -0.030041 0.485356 -1.327396 0.194000 -1.297356 0.194000 1.107009  -1  -1  -1 
59343.096509 0.000000 0.000000 1.988000 0.195000 0.045601 0.104361 1.842389 0.249972 0.195000 0.145611 0.195000 1.107009  -1  -1  -1 
59343.097921 0.000000 0.000000 2.506000 0.195000 0.045601 0.104524 1.838321 0.772203 0.195000 0.667679 0.195000 1.107009  -1  -1  -1 
59343.098626 0.000000 0.000000 2.200000 0.195000 0.045601 0.104605 1.836284 0.468322 0.195000 0.363716 0.195000 1.107009  -1  -1  -1 
59345.087496 0.000000 0.000000 -0.696000 0.201000 0.045601 0.250366 0.783970 -1.229603 0.201000 -1.479970 0.201000 1.107009  -1  -1  -1 
59345.088908 0.000000 0.000000 1.858000 0.200000 0.045601 0.250418 0.790548 1.317870 0.200000 1.067452 0.200000 1.107009  -1  -1  -1 
59345.089615 0.000000 0.000000 1.968000 0.200000 0.045601 0.250444 0.793840 1.424604 0.200000 1.174160 0.200000 1.107009  -1  -1  -1 
59347.165174 0.000000 0.000000 -2.802000 0.196000 0.045601 0.278309 -1.892497 -0.631193 0.196000 -0.909503 0.196000 1.107009  -1  -1  -1 
59347.165880 0.000000 0.000000 -1.935000 0.196000 0.045601 0.278308 -1.892781 0.236090 0.196000 -0.042219 0.196000 1.107009  -1  -1  -1 
59347.166589 0.000000 0.000000 -4.061000 0.196000 0.045601 0.278308 -1.893061 -1.889631 0.196000 -2.167939 0.196000 1.107009  -1  -1  -1 
59349.156919 0.000000 0.000000 1.677000 0.194000 0.045601 0.281886 1.486982 0.471904 0.194000 0.190018 0.194000 1.107009  -1  -1  -1 
59349.159037 0.000000 0.000000 0.724000 0.194000 0.045601 0.281914 1.478602 -0.472688 0.194000 -0.754602 0.194000 1.107009  -1  -1  -1 
59349.159743 0.000000 0.000000 2.045000 0.195000 0.045601 0.281923 1.475804 0.851119 0.195000 0.569196 0.195000 1.107009  -1  -1  -1 
59351.095299 0.000000 0.000000 3.229000 0.199000 0.045601 0.357032 1.334940 2.251092 0.199000 1.894060 0.199000 1.107009  -1  -1  -1 
59351.096005 0.000000 0.000000 1.539000 0.199000 0.045601 0.357082 1.338016 0.558066 0.199000 0.200984 0.199000 1.107009  -1  -1  -1 
59351.097417 0.000000 0.000000 0.629000 0.199000 0.045601 0.357182 1.344161 -0.357979 0.199000 -0.715161 0.199000 1.107009  -1  -1  -1 
59352.132027 0.000000 0.000000 0.491000 0.196000 0.045601 0.452488 1.573714 -0.630226 0.196000 -1.082714 0.196000 1.107009  -1  -1  -1 
59352.134142 0.000000 0.000000 1.053000 0.195000 0.045601 0.452730 1.565340 -0.059610 0.195000 -0.512340 0.195000 1.107009  -1  -1  -1 
59352.134848 0.000000 0.000000 -0.236000 0.195000 0.045601 0.452811 1.562540 -1.345729 0.195000 -1.798540 0.195000 1.107009  -1  -1  -1 
59358.106134 0.000000 0.000000 2.204000 0.216000 0.045601 1.992791 2.837388 1.359402 0.216000 -0.633388 0.216000 1.107009  -1  -1  -1 
59358.106840 0.000000 0.000000 4.348000 0.216000 0.045601 1.993062 2.834591 3.506471 0.216000 1.513409 0.216000 1.107009  -1  -1  -1 
59358.108959 0.000000 0.000000 5.673000 0.216000 0.045601 1.993878 2.826185 4.840693 0.216000 2.846815 0.216000 1.107009  -1  -1  -1 
59359.054266 0.000000 0.000000 1.143000 0.217000 0.045601 2.370139 0.196565 3.316574 0.217000 0.946435 0.217000 1.107009  -1  -1  -1 
59359.056384 0.000000 0.000000 1.230000 0.218000 0.045601 2.371006 0.198151 3.402855 0.218000 1.031849 0.218000 1.107009  -1  -1  -1 
59359.057090 0.000000 0.000000 0.803000 0.218000 0.045601 2.371295 0.198690 2.975605 0.218000 0.604310 0.218000 1.107009  -1  -1  -1 
59360.145042 0.000000 0.000000 3.290000 0.210000 0.045601 2.827207 4.510616 1.606591 0.210000 -1.220616 0.210000 1.107009  -1  -1  -1 
59360.146454 0.000000 0.000000 4.504000 0.210000 0.045601 2.827809 4.515669 2.816140 0.210000 -0.011669 0.210000 1.107009  -1  -1  -1 
59360.147195 0.000000 0.000000 4.142000 0.209000 0.045601 2.828125 4.518315 2.451810 0.209000 -0.376315 0.209000 1.107009  -1  -1  -1 
