# time Tc_folded Tref_folded model model_err 
59319.654344 0.000000 0.000000    -5.555090     1.000251 
59319.707276 0.000000 0.000000    -5.555462     0.999915 
59319.760208 0.000000 0.000000    -5.555872     0.999577 
59319.813139 0.000000 0.000000    -5.556318     0.999237 
59319.866071 0.000000 0.000000    -5.556798     0.998896 
59319.919003 0.000000 0.000000    -5.557309     0.998552 
59319.971935 0.000000 0.000000    -5.557851     0.998206 
59320.024867 0.000000 0.000000    -5.558421     0.997858 
59320.077799 0.000000 0.000000    -5.559017     0.997507 
59320.130730 0.000000 0.000000    -5.559638     0.997154 
59320.183662 0.000000 0.000000    -5.560281     0.996799 
59320.236594 0.000000 0.000000    -5.560945     0.996442 
59320.289526 0.000000 0.000000    -5.561628     0.996081 
59320.342458 0.000000 0.000000    -5.562327     0.995718 
59320.395390 0.000000 0.000000    -5.563042     0.995353 
59320.448321 0.000000 0.000000    -5.563770     0.994984 
59320.501253 0.000000 0.000000    -5.564508     0.994613 
59320.554185 0.000000 0.000000    -5.565257     0.994238 
59320.607117 0.000000 0.000000    -5.566012     0.993861 
59320.660049 0.000000 0.000000    -5.566773     0.993480 
59320.712981 0.000000 0.000000    -5.567537     0.993097 
59320.765912 0.000000 0.000000    -5.568303     0.992710 
59320.818844 0.000000 0.000000    -5.569069     0.992320 
59320.871776 0.000000 0.000000    -5.569832     0.991926 
59320.924708 0.000000 0.000000    -5.570592     0.991529 
59320.977640 0.000000 0.000000    -5.571345     0.991128 
59321.030572 0.000000 0.000000    -5.572090     0.990724 
59321.083503 0.000000 0.000000    -5.572826     0.990316 
59321.136435 0.000000 0.000000    -5.573550     0.989904 
59321.189367 0.000000 0.000000    -5.574260     0.989489 
59321.242299 0.000000 0.000000    -5.574954     0.989069 
59321.295231 0.000000 0.000000    -5.575631     0.988646 
59321.348163 0.000000 0.000000    -5.576289     0.988218 
59321.401094 0.000000 0.000000    -5.576926     0.987787 
59321.454026 0.000000 0.000000    -5.577539     0.987351 
59321.506958 0.000000 0.000000    -5.578128     0.986911 
59321.559890 0.000000 0.000000    -5.578690     0.986466 
59321.612822 0.000000 0.000000    -5.579222     0.986017 
59321.665754 0.000000 0.000000    -5.579725     0.985564 
59321.718685 0.000000 0.000000    -5.580195     0.985106 
59321.771617 0.000000 0.000000    -5.580630     0.984643 
59321.824549 0.000000 0.000000    -5.581030     0.984176 
59321.877481 0.000000 0.000000    -5.581391     0.983704 
59321.930413 0.000000 0.000000    -5.581713     0.983226 
59321.983345 0.000000 0.000000    -5.581993     0.982744 
59322.036276 0.000000 0.000000    -5.582230     0.982257 
59322.089208 0.000000 0.000000    -5.582421     0.981765 
59322.142140 0.000000 0.000000    -5.582566     0.981268 
59322.195072 0.000000 0.000000    -5.582661     0.980765 
59322.248004 0.000000 0.000000    -5.582706     0.980257 
59322.300936 0.000000 0.000000    -5.582699     0.979744 
59322.353867 0.000000 0.000000    -5.582637     0.979225 
59322.406799 0.000000 0.000000    -5.582520     0.978700 
59322.459731 0.000000 0.000000    -5.582344     0.978170 
59322.512663 0.000000 0.000000    -5.582110     0.977634 
59322.565595 0.000000 0.000000    -5.581814     0.977093 
59322.618527 0.000000 0.000000    -5.581456     0.976545 
59322.671458 0.000000 0.000000    -5.581033     0.975992 
59322.724390 0.000000 0.000000    -5.580544     0.975432 
59322.777322 0.000000 0.000000    -5.579987     0.974866 
59322.830254 0.000000 0.000000    -5.579360     0.974295 
59322.883186 0.000000 0.000000    -5.578663     0.973716 
59322.936118 0.000000 0.000000    -5.577892     0.973132 
59322.989049 0.000000 0.000000    -5.577047     0.972541 
59323.041981 0.000000 0.000000    -5.576126     0.971943 
59323.094913 0.000000 0.000000    -5.575127     0.971339 
59323.147845 0.000000 0.000000    -5.574050     0.970729 
59323.200777 0.000000 0.000000    -5.572891     0.970111 
59323.253709 0.000000 0.000000    -5.571650     0.969487 
59323.306640 0.000000 0.000000    -5.570325     0.968855 
59323.359572 0.000000 0.000000    -5.568914     0.968217 
59323.412504 0.000000 0.000000    -5.567417     0.967572 
59323.465436 0.000000 0.000000    -5.565831     0.966919 
59323.518368 0.000000 0.000000    -5.564155     0.966259 
59323.571300 0.000000 0.000000    -5.562388     0.965592 
59323.624231 0.000000 0.000000    -5.560528     0.964917 
59323.677163 0.000000 0.000000    -5.558574     0.964235 
59323.730095 0.000000 0.000000    -5.556524     0.963545 
59323.783027 0.000000 0.000000    -5.554377     0.962848 
59323.835959 0.000000 0.000000    -5.552132     0.962143 
59323.888891 0.000000 0.000000    -5.549786     0.961430 
59323.941822 0.000000 0.000000    -5.547340     0.960709 
59323.994754 0.000000 0.000000    -5.544791     0.959980 
59324.047686 0.000000 0.000000    -5.542138     0.959242 
59324.100618 0.000000 0.000000    -5.539380     0.958497 
59324.153550 0.000000 0.000000    -5.536515     0.957743 
59324.206481 0.000000 0.000000    -5.533543     0.956981 
59324.259413 0.000000 0.000000    -5.530462     0.956211 
59324.312345 0.000000 0.000000    -5.527271     0.955431 
59324.365277 0.000000 0.000000    -5.523968     0.954644 
59324.418209 0.000000 0.000000    -5.520553     0.953847 
59324.471141 0.000000 0.000000    -5.517024     0.953042 
59324.524072 0.000000 0.000000    -5.513380     0.952228 
59324.577004 0.000000 0.000000    -5.509620     0.951404 
59324.629936 0.000000 0.000000    -5.505743     0.950572 
59324.682868 0.000000 0.000000    -5.501748     0.949730 
59324.735800 0.000000 0.000000    -5.497633     0.948880 
59324.788732 0.000000 0.000000    -5.493398     0.948019 
59324.841663 0.000000 0.000000    -5.489042     0.947150 
59324.894595 0.000000 0.000000    -5.484563     0.946271 
59324.947527 0.000000 0.000000    -5.479961     0.945382 
59325.000459 0.000000 0.000000    -5.475235     0.944484 
59325.053391 0.000000 0.000000    -5.470383     0.943575 
59325.106323 0.000000 0.000000    -5.465405     0.942657 
59325.159254 0.000000 0.000000    -5.460300     0.941729 
59325.212186 0.000000 0.000000    -5.455067     0.940791 
59325.265118 0.000000 0.000000    -5.449704     0.939843 
59325.318050 0.000000 0.000000    -5.444212     0.938884 
59325.370982 0.000000 0.000000    -5.438590     0.937915 
59325.423914 0.000000 0.000000    -5.432836     0.936936 
59325.476845 0.000000 0.000000    -5.426950     0.935946 
59325.529777 0.000000 0.000000    -5.420930     0.934945 
59325.582709 0.000000 0.000000    -5.414777     0.933934 
59325.635641 0.000000 0.000000    -5.408490     0.932912 
59325.688573 0.000000 0.000000    -5.402068     0.931880 
59325.741505 0.000000 0.000000    -5.395509     0.930836 
59325.794436 0.000000 0.000000    -5.388814     0.929781 
59325.847368 0.000000 0.000000    -5.381982     0.928715 
59325.900300 0.000000 0.000000    -5.375013     0.927638 
59325.953232 0.000000 0.000000    -5.367905     0.926550 
59326.006164 0.000000 0.000000    -5.360658     0.925450 
59326.059096 0.000000 0.000000    -5.353271     0.924339 
59326.112027 0.000000 0.000000    -5.345745     0.923216 
59326.164959 0.000000 0.000000    -5.338078     0.922082 
59326.217891 0.000000 0.000000    -5.330270     0.920936 
59326.270823 0.000000 0.000000    -5.322320     0.919779 
59326.323755 0.000000 0.000000    -5.314229     0.918609 
59326.376687 0.000000 0.000000    -5.305996     0.917427 
59326.429618 0.000000 0.000000    -5.297619     0.916234 
59326.482550 0.000000 0.000000    -5.289100     0.915028 
59326.535482 0.000000 0.000000    -5.280437     0.913810 
59326.588414 0.000000 0.000000    -5.271630     0.912580 
59326.641346 0.000000 0.000000    -5.262680     0.911338 
59326.694278 0.000000 0.000000    -5.253584     0.910083 
59326.747209 0.000000 0.000000    -5.244345     0.908816 
59326.800141 0.000000 0.000000    -5.234960     0.907536 
59326.853073 0.000000 0.000000    -5.225430     0.906244 
59326.906005 0.000000 0.000000    -5.215755     0.904939 
59326.958937 0.000000 0.000000    -5.205935     0.903621 
59327.011869 0.000000 0.000000    -5.195968     0.902290 
59327.064800 0.000000 0.000000    -5.185856     0.900947 
59327.117732 0.000000 0.000000    -5.175599     0.899590 
59327.170664 0.000000 0.000000    -5.165195     0.898221 
59327.223596 0.000000 0.000000    -5.154645     0.896838 
59327.276528 0.000000 0.000000    -5.143949     0.895443 
59327.329460 0.000000 0.000000    -5.133107     0.894034 
59327.382391 0.000000 0.000000    -5.122118     0.892611 
59327.435323 0.000000 0.000000    -5.110984     0.891176 
59327.488255 0.000000 0.000000    -5.099703     0.889727 
59327.541187 0.000000 0.000000    -5.088277     0.888265 
59327.594119 0.000000 0.000000    -5.076704     0.886789 
59327.647051 0.000000 0.000000    -5.064986     0.885300 
59327.699982 0.000000 0.000000    -5.053122     0.883797 
59327.752914 0.000000 0.000000    -5.041112     0.882280 
59327.805846 0.000000 0.000000    -5.028957     0.880750 
59327.858778 0.000000 0.000000    -5.016657     0.879206 
59327.911710 0.000000 0.000000    -5.004212     0.877648 
59327.964642 0.000000 0.000000    -4.991622     0.876077 
59328.017573 0.000000 0.000000    -4.978887     0.874491 
59328.070505 0.000000 0.000000    -4.966008     0.872892 
59328.123437 0.000000 0.000000    -4.952985     0.871279 
59328.176369 0.000000 0.000000    -4.939819     0.869652 
59328.229301 0.000000 0.000000    -4.926509     0.868010 
59328.282233 0.000000 0.000000    -4.913056     0.866355 
59328.335164 0.000000 0.000000    -4.899461     0.864686 
59328.388096 0.000000 0.000000    -4.885724     0.863003 
59328.441028 0.000000 0.000000    -4.871844     0.861305 
59328.493960 0.000000 0.000000    -4.857824     0.859593 
59328.546892 0.000000 0.000000    -4.843662     0.857868 
59328.599824 0.000000 0.000000    -4.829360     0.856128 
59328.652755 0.000000 0.000000    -4.814918     0.854374 
59328.705687 0.000000 0.000000    -4.800337     0.852605 
59328.758619 0.000000 0.000000    -4.785617     0.850823 
59328.811551 0.000000 0.000000    -4.770758     0.849026 
59328.864483 0.000000 0.000000    -4.755762     0.847215 
59328.917414 0.000000 0.000000    -4.740629     0.845390 
59328.970346 0.000000 0.000000    -4.725359     0.843550 
59329.023278 0.000000 0.000000    -4.709953     0.841696 
59329.076210 0.000000 0.000000    -4.694411     0.839828 
59329.129142 0.000000 0.000000    -4.678736     0.837946 
59329.182074 0.000000 0.000000    -4.662926     0.836049 
59329.235005 0.000000 0.000000    -4.646983     0.834139 
59329.287937 0.000000 0.000000    -4.630908     0.832214 
59329.340869 0.000000 0.000000    -4.614700     0.830275 
59329.393801 0.000000 0.000000    -4.598362     0.828321 
59329.446733 0.000000 0.000000    -4.581894     0.826354 
59329.499665 0.000000 0.000000    -4.565296     0.824372 
59329.552596 0.000000 0.000000    -4.548570     0.822377 
59329.605528 0.000000 0.000000    -4.531715     0.820367 
59329.658460 0.000000 0.000000    -4.514734     0.818343 
59329.711392 0.000000 0.000000    -4.497627     0.816305 
59329.764324 0.000000 0.000000    -4.480395     0.814254 
59329.817256 0.000000 0.000000    -4.463038     0.812188 
59329.870187 0.000000 0.000000    -4.445558     0.810108 
59329.923119 0.000000 0.000000    -4.427956     0.808015 
59329.976051 0.000000 0.000000    -4.410232     0.805907 
59330.028983 0.000000 0.000000    -4.392387     0.803786 
59330.081915 0.000000 0.000000    -4.374423     0.801652 
59330.134847 0.000000 0.000000    -4.356341     0.799503 
59330.187778 0.000000 0.000000    -4.338141     0.797341 
59330.240710 0.000000 0.000000    -4.319824     0.795166 
59330.293642 0.000000 0.000000    -4.301392     0.792977 
59330.346574 0.000000 0.000000    -4.282846     0.790775 
59330.399506 0.000000 0.000000    -4.264186     0.788559 
59330.452438 0.000000 0.000000    -4.245415     0.786331 
59330.505369 0.000000 0.000000    -4.226532     0.784089 
59330.558301 0.000000 0.000000    -4.207539     0.781834 
59330.611233 0.000000 0.000000    -4.188437     0.779566 
59330.664165 0.000000 0.000000    -4.169228     0.777286 
59330.717097 0.000000 0.000000    -4.149912     0.774992 
59330.770029 0.000000 0.000000    -4.130490     0.772686 
59330.822960 0.000000 0.000000    -4.110965     0.770368 
59330.875892 0.000000 0.000000    -4.091336     0.768036 
59330.928824 0.000000 0.000000    -4.071606     0.765693 
59330.981756 0.000000 0.000000    -4.051776     0.763338 
59331.034688 0.000000 0.000000    -4.031846     0.760970 
59331.087620 0.000000 0.000000    -4.011818     0.758590 
59331.140551 0.000000 0.000000    -3.991693     0.756199 
59331.193483 0.000000 0.000000    -3.971474     0.753796 
59331.246415 0.000000 0.000000    -3.951160     0.751381 
59331.299347 0.000000 0.000000    -3.930753     0.748955 
59331.352279 0.000000 0.000000    -3.910255     0.746517 
59331.405211 0.000000 0.000000    -3.889666     0.744069 
59331.458142 0.000000 0.000000    -3.868989     0.741609 
59331.511074 0.000000 0.000000    -3.848224     0.739139 
59331.564006 0.000000 0.000000    -3.827374     0.736658 
59331.616938 0.000000 0.000000    -3.806439     0.734166 
59331.669870 0.000000 0.000000    -3.785420     0.731665 
59331.722802 0.000000 0.000000    -3.764320     0.729153 
59331.775733 0.000000 0.000000    -3.743139     0.726631 
59331.828665 0.000000 0.000000    -3.721879     0.724099 
59331.881597 0.000000 0.000000    -3.700542     0.721558 
59331.934529 0.000000 0.000000    -3.679129     0.719008 
59331.987461 0.000000 0.000000    -3.657641     0.716448 
59332.040393 0.000000 0.000000    -3.636079     0.713880 
59332.093324 0.000000 0.000000    -3.614446     0.711303 
59332.146256 0.000000 0.000000    -3.592743     0.708717 
59332.199188 0.000000 0.000000    -3.570972     0.706123 
59332.252120 0.000000 0.000000    -3.549133     0.703521 
59332.305052 0.000000 0.000000    -3.527228     0.700912 
59332.357984 0.000000 0.000000    -3.505259     0.698294 
59332.410915 0.000000 0.000000    -3.483228     0.695670 
59332.463847 0.000000 0.000000    -3.461136     0.693038 
59332.516779 0.000000 0.000000    -3.438984     0.690400 
59332.569711 0.000000 0.000000    -3.416774     0.687755 
59332.622643 0.000000 0.000000    -3.394508     0.685104 
59332.675575 0.000000 0.000000    -3.372187     0.682447 
59332.728506 0.000000 0.000000    -3.349813     0.679785 
59332.781438 0.000000 0.000000    -3.327387     0.677117 
59332.834370 0.000000 0.000000    -3.304911     0.674444 
59332.887302 0.000000 0.000000    -3.282387     0.671767 
59332.940234 0.000000 0.000000    -3.259816     0.669085 
59332.993166 0.000000 0.000000    -3.237200     0.666399 
59333.046097 0.000000 0.000000    -3.214541     0.663709 
59333.099029 0.000000 0.000000    -3.191839     0.661016 
59333.151961 0.000000 0.000000    -3.169097     0.658320 
59333.204893 0.000000 0.000000    -3.146317     0.655621 
59333.257825 0.000000 0.000000    -3.123499     0.652920 
59333.310756 0.000000 0.000000    -3.100647     0.650217 
59333.363688 0.000000 0.000000    -3.077760     0.647513 
59333.416620 0.000000 0.000000    -3.054842     0.644807 
59333.469552 0.000000 0.000000    -3.031894     0.642101 
59333.522484 0.000000 0.000000    -3.008916     0.639394 
59333.575416 0.000000 0.000000    -2.985912     0.636688 
59333.628347 0.000000 0.000000    -2.962883     0.633982 
59333.681279 0.000000 0.000000    -2.939830     0.631277 
59333.734211 0.000000 0.000000    -2.916755     0.628573 
59333.787143 0.000000 0.000000    -2.893660     0.625871 
59333.840075 0.000000 0.000000    -2.870546     0.623172 
59333.893007 0.000000 0.000000    -2.847416     0.620475 
59333.945938 0.000000 0.000000    -2.824270     0.617782 
59333.998870 0.000000 0.000000    -2.801111     0.615093 
59334.051802 0.000000 0.000000    -2.777941     0.612408 
59334.104734 0.000000 0.000000    -2.754760     0.609727 
59334.157666 0.000000 0.000000    -2.731571     0.607052 
59334.210598 0.000000 0.000000    -2.708376     0.604383 
59334.263529 0.000000 0.000000    -2.685176     0.601721 
59334.316461 0.000000 0.000000    -2.661973     0.599065 
59334.369393 0.000000 0.000000    -2.638769     0.596417 
59334.422325 0.000000 0.000000    -2.615564     0.593777 
59334.475257 0.000000 0.000000    -2.592362     0.591146 
59334.528189 0.000000 0.000000    -2.569164     0.588524 
59334.581120 0.000000 0.000000    -2.545971     0.585912 
59334.634052 0.000000 0.000000    -2.522786     0.583310 
59334.686984 0.000000 0.000000    -2.499609     0.580720 
59334.739916 0.000000 0.000000    -2.476444     0.578141 
59334.792848 0.000000 0.000000    -2.453290     0.575575 
59334.845780 0.000000 0.000000    -2.430151     0.573022 
59334.898711 0.000000 0.000000    -2.407028     0.570482 
59334.951643 0.000000 0.000000    -2.383922     0.567957 
59335.004575 0.000000 0.000000    -2.360835     0.565447 
59335.057507 0.000000 0.000000    -2.337770     0.562953 
59335.110439 0.000000 0.000000    -2.314727     0.560475 
59335.163371 0.000000 0.000000    -2.291708     0.558015 
59335.216302 0.000000 0.000000    -2.268716     0.555572 
59335.269234 0.000000 0.000000    -2.245752     0.553148 
59335.322166 0.000000 0.000000    -2.222817     0.550743 
59335.375098 0.000000 0.000000    -2.199913     0.548358 
59335.428030 0.000000 0.000000    -2.177043     0.545994 
59335.480962 0.000000 0.000000    -2.154207     0.543651 
59335.533893 0.000000 0.000000    -2.131407     0.541331 
59335.586825 0.000000 0.000000    -2.108646     0.539033 
59335.639757 0.000000 0.000000    -2.085924     0.536759 
59335.692689 0.000000 0.000000    -2.063243     0.534510 
59335.745621 0.000000 0.000000    -2.040606     0.532285 
59335.798553 0.000000 0.000000    -2.018013     0.530087 
59335.851484 0.000000 0.000000    -1.995467     0.527915 
59335.904416 0.000000 0.000000    -1.972968     0.525770 
59335.957348 0.000000 0.000000    -1.950520     0.523653 
59336.010280 0.000000 0.000000    -1.928122     0.521565 
59336.063212 0.000000 0.000000    -1.905778     0.519507 
59336.116144 0.000000 0.000000    -1.883488     0.517478 
59336.169075 0.000000 0.000000    -1.861255     0.515481 
59336.222007 0.000000 0.000000    -1.839079     0.513515 
59336.274939 0.000000 0.000000    -1.816963     0.511581 
59336.327871 0.000000 0.000000    -1.794908     0.509680 
59336.380803 0.000000 0.000000    -1.772915     0.507813 
59336.433735 0.000000 0.000000    -1.750987     0.505979 
59336.486666 0.000000 0.000000    -1.729124     0.504180 
59336.539598 0.000000 0.000000    -1.707329     0.502417 
59336.592530 0.000000 0.000000    -1.685603     0.500689 
59336.645462 0.000000 0.000000    -1.663948     0.498997 
59336.698394 0.000000 0.000000    -1.642364     0.497343 
59336.751326 0.000000 0.000000    -1.620855     0.495726 
59336.804257 0.000000 0.000000    -1.599420     0.494146 
59336.857189 0.000000 0.000000    -1.578062     0.492605 
59336.910121 0.000000 0.000000    -1.556782     0.491102 
59336.963053 0.000000 0.000000    -1.535582     0.489638 
59337.015985 0.000000 0.000000    -1.514463     0.488213 
59337.068917 0.000000 0.000000    -1.493426     0.486828 
59337.121848 0.000000 0.000000    -1.472474     0.485483 
59337.174780 0.000000 0.000000    -1.451607     0.484178 
59337.227712 0.000000 0.000000    -1.430827     0.482913 
59337.280644 0.000000 0.000000    -1.410136     0.481689 
59337.333576 0.000000 0.000000    -1.389534     0.480505 
59337.386508 0.000000 0.000000    -1.369024     0.479362 
59337.439439 0.000000 0.000000    -1.348606     0.478259 
59337.492371 0.000000 0.000000    -1.328282     0.477197 
59337.545303 0.000000 0.000000    -1.308054     0.476176 
59337.598235 0.000000 0.000000    -1.287922     0.475195 
59337.651167 0.000000 0.000000    -1.267889     0.474255 
59337.704098 0.000000 0.000000    -1.247955     0.473355 
59337.757030 0.000000 0.000000    -1.228122     0.472495 
59337.809962 0.000000 0.000000    -1.208390     0.471674 
59337.862894 0.000000 0.000000    -1.188762     0.470894 
59337.915826 0.000000 0.000000    -1.169239     0.470152 
59337.968758 0.000000 0.000000    -1.149822     0.469450 
59338.021689 0.000000 0.000000    -1.130511     0.468786 
59338.074621 0.000000 0.000000    -1.111309     0.468160 
59338.127553 0.000000 0.000000    -1.092217     0.467571 
59338.180485 0.000000 0.000000    -1.073235     0.467020 
59338.233417 0.000000 0.000000    -1.054365     0.466506 
59338.286349 0.000000 0.000000    -1.035609     0.466027 
59338.339280 0.000000 0.000000    -1.016966     0.465585 
59338.392212 0.000000 0.000000    -0.998439     0.465177 
59338.445144 0.000000 0.000000    -0.980029     0.464803 
59338.498076 0.000000 0.000000    -0.961736     0.464463 
59338.551008 0.000000 0.000000    -0.943562     0.464156 
59338.603940 0.000000 0.000000    -0.925507     0.463882 
59338.656871 0.000000 0.000000    -0.907574     0.463639 
59338.709803 0.000000 0.000000    -0.889762     0.463427 
59338.762735 0.000000 0.000000    -0.872073     0.463245 
59338.815667 0.000000 0.000000    -0.854508     0.463092 
59338.868599 0.000000 0.000000    -0.837068     0.462969 
59338.921531 0.000000 0.000000    -0.819754     0.462873 
59338.974462 0.000000 0.000000    -0.802566     0.462804 
59339.027394 0.000000 0.000000    -0.785506     0.462761 
59339.080326 0.000000 0.000000    -0.768575     0.462744 
59339.133258 0.000000 0.000000    -0.751773     0.462752 
59339.186190 0.000000 0.000000    -0.735101     0.462784 
59339.239122 0.000000 0.000000    -0.718561     0.462838 
59339.292053 0.000000 0.000000    -0.702153     0.462915 
59339.344985 0.000000 0.000000    -0.685877     0.463014 
59339.397917 0.000000 0.000000    -0.669735     0.463133 
59339.450849 0.000000 0.000000    -0.653727     0.463273 
59339.503781 0.000000 0.000000    -0.637855     0.463431 
59339.556713 0.000000 0.000000    -0.622118     0.463608 
59339.609644 0.000000 0.000000    -0.606518     0.463802 
59339.662576 0.000000 0.000000    -0.591055     0.464014 
59339.715508 0.000000 0.000000    -0.575730     0.464241 
59339.768440 0.000000 0.000000    -0.560543     0.464484 
59339.821372 0.000000 0.000000    -0.545496     0.464741 
59339.874304 0.000000 0.000000    -0.530588     0.465013 
59339.927235 0.000000 0.000000    -0.515821     0.465298 
59339.980167 0.000000 0.000000    -0.501195     0.465595 
59340.033099 0.000000 0.000000    -0.486710     0.465904 
59340.086031 0.000000 0.000000    -0.472367     0.466224 
59340.138963 0.000000 0.000000    -0.458166     0.466555 
59340.191895 0.000000 0.000000    -0.444109     0.466896 
59340.244826 0.000000 0.000000    -0.430194     0.467246 
59340.297758 0.000000 0.000000    -0.416424     0.467605 
59340.350690 0.000000 0.000000    -0.402797     0.467971 
59340.403622 0.000000 0.000000    -0.389316     0.468346 
59340.456554 0.000000 0.000000    -0.375979     0.468727 
59340.509486 0.000000 0.000000    -0.362787     0.469115 
59340.562417 0.000000 0.000000    -0.349741     0.469509 
59340.615349 0.000000 0.000000    -0.336841     0.469908 
59340.668281 0.000000 0.000000    -0.324087     0.470312 
59340.721213 0.000000 0.000000    -0.311479     0.470721 
59340.774145 0.000000 0.000000    -0.299018     0.471133 
59340.827077 0.000000 0.000000    -0.286703     0.471549 
59340.880008 0.000000 0.000000    -0.274536     0.471968 
59340.932940 0.000000 0.000000    -0.262515     0.472390 
59340.985872 0.000000 0.000000    -0.250642     0.472814 
59341.038804 0.000000 0.000000    -0.238916     0.473240 
59341.091736 0.000000 0.000000    -0.227337     0.473668 
59341.144668 0.000000 0.000000    -0.215906     0.474096 
59341.197599 0.000000 0.000000    -0.204622     0.474526 
59341.250531 0.000000 0.000000    -0.193486     0.474956 
59341.303463 0.000000 0.000000    -0.182497     0.475386 
59341.356395 0.000000 0.000000    -0.171656     0.475816 
59341.409327 0.000000 0.000000    -0.160962     0.476246 
59341.462259 0.000000 0.000000    -0.150415     0.476675 
59341.515190 0.000000 0.000000    -0.140015     0.477103 
59341.568122 0.000000 0.000000    -0.129763     0.477530 
59341.621054 0.000000 0.000000    -0.119657     0.477956 
59341.673986 0.000000 0.000000    -0.109697     0.478379 
59341.726918 0.000000 0.000000    -0.099885     0.478802 
59341.779850 0.000000 0.000000    -0.090218     0.479222 
59341.832781 0.000000 0.000000    -0.080697     0.479639 
59341.885713 0.000000 0.000000    -0.071322     0.480055 
59341.938645 0.000000 0.000000    -0.062092     0.480468 
59341.991577 0.000000 0.000000    -0.053007     0.480878 
59342.044509 0.000000 0.000000    -0.044067     0.481285 
59342.097441 0.000000 0.000000    -0.035271     0.481690 
59342.150372 0.000000 0.000000    -0.026619     0.482091 
59342.203304 0.000000 0.000000    -0.018110     0.482489 
59342.256236 0.000000 0.000000    -0.009745     0.482883 
59342.309168 0.000000 0.000000    -0.001521     0.483275 
59342.362100 0.000000 0.000000     0.006560     0.483663 
59342.415031 0.000000 0.000000     0.014500     0.484047 
59342.467963 0.000000 0.000000     0.022299     0.484427 
59342.520895 0.000000 0.000000     0.029957     0.484804 
59342.573827 0.000000 0.000000     0.037476     0.485177 
59342.626759 0.000000 0.000000     0.044856     0.485546 
59342.679691 0.000000 0.000000     0.052097     0.485912 
59342.732622 0.000000 0.000000     0.059200     0.486273 
59342.785554 0.000000 0.000000     0.066166     0.486631 
59342.838486 0.000000 0.000000     0.072996     0.486985 
59342.891418 0.000000 0.000000     0.079690     0.487335 
59342.944350 0.000000 0.000000     0.086250     0.487681 
59342.997282 0.000000 0.000000     0.092675     0.488023 
59343.050213 0.000000 0.000000     0.098967     0.488361 
59343.103145 0.000000 0.000000     0.105126     0.488695 
59343.156077 0.000000 0.000000     0.111154     0.489026 
59343.209009 0.000000 0.000000     0.117051     0.489353 
59343.261941 0.000000 0.000000     0.122818     0.489676 
59343.314873 0.000000 0.000000     0.128456     0.489995 
59343.367804 0.000000 0.000000     0.133966     0.490310 
59343.420736 0.000000 0.000000     0.139349     0.490622 
59343.473668 0.000000 0.000000     0.144606     0.490930 
59343.526600 0.000000 0.000000     0.149738     0.491235 
59343.579532 0.000000 0.000000     0.154746     0.491537 
59343.632464 0.000000 0.000000     0.159630     0.491835 
59343.685395 0.000000 0.000000     0.164393     0.492129 
59343.738327 0.000000 0.000000     0.169035     0.492421 
59343.791259 0.000000 0.000000     0.173558     0.492709 
59343.844191 0.000000 0.000000     0.177961     0.492995 
59343.897123 0.000000 0.000000     0.182248     0.493277 
59343.950055 0.000000 0.000000     0.186418     0.493557 
59344.002986 0.000000 0.000000     0.190472     0.493833 
59344.055918 0.000000 0.000000     0.194413     0.494108 
59344.108850 0.000000 0.000000     0.198242     0.494379 
59344.161782 0.000000 0.000000     0.201959     0.494649 
59344.214714 0.000000 0.000000     0.205566     0.494915 
59344.267646 0.000000 0.000000     0.209064     0.495180 
59344.320577 0.000000 0.000000     0.212454     0.495443 
59344.373509 0.000000 0.000000     0.215738     0.495704 
59344.426441 0.000000 0.000000     0.218918     0.495963 
59344.479373 0.000000 0.000000     0.221994     0.496220 
59344.532305 0.000000 0.000000     0.224968     0.496475 
59344.585237 0.000000 0.000000     0.227841     0.496730 
59344.638168 0.000000 0.000000     0.230614     0.496982 
59344.691100 0.000000 0.000000     0.233290     0.497234 
59344.744032 0.000000 0.000000     0.235870     0.497485 
59344.796964 0.000000 0.000000     0.238354     0.497735 
59344.849896 0.000000 0.000000     0.240745     0.497984 
59344.902828 0.000000 0.000000     0.243044     0.498232 
59344.955759 0.000000 0.000000     0.245253     0.498480 
59345.008691 0.000000 0.000000     0.247372     0.498728 
59345.061623 0.000000 0.000000     0.249404     0.498975 
59345.114555 0.000000 0.000000     0.251351     0.499223 
59345.167487 0.000000 0.000000     0.253213     0.499470 
59345.220419 0.000000 0.000000     0.254992     0.499718 
59345.273350 0.000000 0.000000     0.256690     0.499966 
59345.326282 0.000000 0.000000     0.258309     0.500215 
59345.379214 0.000000 0.000000     0.259850     0.500464 
59345.432146 0.000000 0.000000     0.261315     0.500715 
59345.485078 0.000000 0.000000     0.262705     0.500966 
59345.538010 0.000000 0.000000     0.264022     0.501218 
59345.590941 0.000000 0.000000     0.265268     0.501472 
59345.643873 0.000000 0.000000     0.266445     0.501727 
59345.696805 0.000000 0.000000     0.267554     0.501984 
59345.749737 0.000000 0.000000     0.268597     0.502242 
59345.802669 0.000000 0.000000     0.269575     0.502502 
59345.855601 0.000000 0.000000     0.270491     0.502764 
59345.908532 0.000000 0.000000     0.271346     0.503029 
59345.961464 0.000000 0.000000     0.272141     0.503295 
59346.014396 0.000000 0.000000     0.272880     0.503564 
59346.067328 0.000000 0.000000     0.273562     0.503835 
59346.120260 0.000000 0.000000     0.274191     0.504110 
59346.173192 0.000000 0.000000     0.274768     0.504386 
59346.226123 0.000000 0.000000     0.275295     0.504666 
59346.279055 0.000000 0.000000     0.275774     0.504949 
59346.331987 0.000000 0.000000     0.276206     0.505235 
59346.384919 0.000000 0.000000     0.276593     0.505524 
59346.437851 0.000000 0.000000     0.276937     0.505816 
59346.490783 0.000000 0.000000     0.277240     0.506112 
59346.543714 0.000000 0.000000     0.277504     0.506412 
59346.596646 0.000000 0.000000     0.277731     0.506715 
59346.649578 0.000000 0.000000     0.277922     0.507022 
59346.702510 0.000000 0.000000     0.278079     0.507333 
59346.755442 0.000000 0.000000     0.278205     0.507648 
59346.808373 0.000000 0.000000     0.278300     0.507967 
59346.861305 0.000000 0.000000     0.278368     0.508290 
59346.914237 0.000000 0.000000     0.278410     0.508617 
59346.967169 0.000000 0.000000     0.278427     0.508948 
59347.020101 0.000000 0.000000     0.278422     0.509284 
59347.073033 0.000000 0.000000     0.278397     0.509624 
59347.125964 0.000000 0.000000     0.278353     0.509969 
59347.178896 0.000000 0.000000     0.278292     0.510318 
59347.231828 0.000000 0.000000     0.278217     0.510672 
59347.284760 0.000000 0.000000     0.278128     0.511030 
59347.337692 0.000000 0.000000     0.278029     0.511393 
59347.390624 0.000000 0.000000     0.277921     0.511761 
59347.443555 0.000000 0.000000     0.277805     0.512133 
59347.496487 0.000000 0.000000     0.277684     0.512510 
59347.549419 0.000000 0.000000     0.277560     0.512892 
59347.602351 0.000000 0.000000     0.277435     0.513278 
59347.655283 0.000000 0.000000     0.277310     0.513670 
59347.708215 0.000000 0.000000     0.277187     0.514066 
59347.761146 0.000000 0.000000     0.277068     0.514466 
59347.814078 0.000000 0.000000     0.276956     0.514872 
59347.867010 0.000000 0.000000     0.276852     0.515282 
59347.919942 0.000000 0.000000     0.276758     0.515696 
59347.972874 0.000000 0.000000     0.276675     0.516116 
59348.025806 0.000000 0.000000     0.276607     0.516539 
59348.078737 0.000000 0.000000     0.276554     0.516968 
59348.131669 0.000000 0.000000     0.276518     0.517401 
59348.184601 0.000000 0.000000     0.276502     0.517838 
59348.237533 0.000000 0.000000     0.276507     0.518280 
59348.290465 0.000000 0.000000     0.276535     0.518726 
59348.343397 0.000000 0.000000     0.276588     0.519176 
59348.396328 0.000000 0.000000     0.276669     0.519630 
59348.449260 0.000000 0.000000     0.276777     0.520088 
59348.502192 0.000000 0.000000     0.276917     0.520550 
59348.555124 0.000000 0.000000     0.277088     0.521016 
59348.608056 0.000000 0.000000     0.277294     0.521486 
59348.660988 0.000000 0.000000     0.277536     0.521960 
59348.713919 0.000000 0.000000     0.277816     0.522436 
59348.766851 0.000000 0.000000     0.278136     0.522917 
59348.819783 0.000000 0.000000     0.278497     0.523400 
59348.872715 0.000000 0.000000     0.278901     0.523887 
59348.925647 0.000000 0.000000     0.279350     0.524376 
59348.978579 0.000000 0.000000     0.279846     0.524869 
59349.031510 0.000000 0.000000     0.280391     0.525364 
59349.084442 0.000000 0.000000     0.280986     0.525861 
59349.137374 0.000000 0.000000     0.281633     0.526361 
59349.190306 0.000000 0.000000     0.282334     0.526863 
59349.243238 0.000000 0.000000     0.283091     0.527367 
59349.296170 0.000000 0.000000     0.283905     0.527873 
59349.349101 0.000000 0.000000     0.284778     0.528381 
59349.402033 0.000000 0.000000     0.285711     0.528890 
59349.454965 0.000000 0.000000     0.286707     0.529400 
59349.507897 0.000000 0.000000     0.287767     0.529912 
59349.560829 0.000000 0.000000     0.288893     0.530424 
59349.613761 0.000000 0.000000     0.290086     0.530937 
59349.666692 0.000000 0.000000     0.291348     0.531451 
59349.719624 0.000000 0.000000     0.292680     0.531965 
59349.772556 0.000000 0.000000     0.294085     0.532479 
59349.825488 0.000000 0.000000     0.295564     0.532993 
59349.878420 0.000000 0.000000     0.297118     0.533506 
59349.931352 0.000000 0.000000     0.298749     0.534019 
59349.984283 0.000000 0.000000     0.300458     0.534531 
59350.037215 0.000000 0.000000     0.302247     0.535043 
59350.090147 0.000000 0.000000     0.304118     0.535553 
59350.143079 0.000000 0.000000     0.306072     0.536061 
59350.196011 0.000000 0.000000     0.308111     0.536568 
59350.248943 0.000000 0.000000     0.310235     0.537074 
59350.301874 0.000000 0.000000     0.312448     0.537576 
59350.354806 0.000000 0.000000     0.314749     0.538077 
59350.407738 0.000000 0.000000     0.317140     0.538575 
59350.460670 0.000000 0.000000     0.319623     0.539070 
59350.513602 0.000000 0.000000     0.322199     0.539563 
59350.566534 0.000000 0.000000     0.324870     0.540052 
59350.619465 0.000000 0.000000     0.327637     0.540537 
59350.672397 0.000000 0.000000     0.330501     0.541019 
59350.725329 0.000000 0.000000     0.333464     0.541497 
59350.778261 0.000000 0.000000     0.336527     0.541970 
59350.831193 0.000000 0.000000     0.339690     0.542439 
59350.884125 0.000000 0.000000     0.342957     0.542904 
59350.937056 0.000000 0.000000     0.346327     0.543363 
59350.989988 0.000000 0.000000     0.349802     0.543818 
59351.042920 0.000000 0.000000     0.353383     0.544267 
59351.095852 0.000000 0.000000     0.357071     0.544710 
59351.148784 0.000000 0.000000     0.360868     0.545148 
59351.201715 0.000000 0.000000     0.364775     0.545580 
59351.254647 0.000000 0.000000     0.368793     0.546005 
59351.307579 0.000000 0.000000     0.372923     0.546424 
59351.360511 0.000000 0.000000     0.377165     0.546837 
59351.413443 0.000000 0.000000     0.381523     0.547242 
59351.466375 0.000000 0.000000     0.385995     0.547640 
59351.519306 0.000000 0.000000     0.390584     0.548031 
59351.572238 0.000000 0.000000     0.395290     0.548415 
59351.625170 0.000000 0.000000     0.400114     0.548791 
59351.678102 0.000000 0.000000     0.405058     0.549159 
59351.731034 0.000000 0.000000     0.410122     0.549518 
59351.783966 0.000000 0.000000     0.415307     0.549870 
59351.836897 0.000000 0.000000     0.420614     0.550213 
59351.889829 0.000000 0.000000     0.426045     0.550547 
59351.942761 0.000000 0.000000     0.431599     0.550873 
59351.995693 0.000000 0.000000     0.437279     0.551189 
59352.048625 0.000000 0.000000     0.443084     0.551497 
59352.101557 0.000000 0.000000     0.449015     0.551795 
59352.154488 0.000000 0.000000     0.455074     0.552083 
59352.207420 0.000000 0.000000     0.461261     0.552362 
59352.260352 0.000000 0.000000     0.467577     0.552631 
59352.313284 0.000000 0.000000     0.474022     0.552890 
59352.366216 0.000000 0.000000     0.480598     0.553139 
59352.419148 0.000000 0.000000     0.487305     0.553378 
59352.472079 0.000000 0.000000     0.494143     0.553606 
59352.525011 0.000000 0.000000     0.501114     0.553824 
59352.577943 0.000000 0.000000     0.508217     0.554032 
59352.630875 0.000000 0.000000     0.515454     0.554228 
59352.683807 0.000000 0.000000     0.522826     0.554414 
59352.736739 0.000000 0.000000     0.530332     0.554590 
59352.789670 0.000000 0.000000     0.537973     0.554754 
59352.842602 0.000000 0.000000     0.545750     0.554907 
59352.895534 0.000000 0.000000     0.553663     0.555049 
59352.948466 0.000000 0.000000     0.561713     0.555180 
59353.001398 0.000000 0.000000     0.569901     0.555300 
59353.054330 0.000000 0.000000     0.578225     0.555408 
59353.107261 0.000000 0.000000     0.586688     0.555505 
59353.160193 0.000000 0.000000     0.595290     0.555591 
59353.213125 0.000000 0.000000     0.604030     0.555666 
59353.266057 0.000000 0.000000     0.612909     0.555729 
59353.318989 0.000000 0.000000     0.621928     0.555781 
59353.371921 0.000000 0.000000     0.631087     0.555822 
59353.424852 0.000000 0.000000     0.640385     0.555851 
59353.477784 0.000000 0.000000     0.649824     0.555869 
59353.530716 0.000000 0.000000     0.659404     0.555876 
59353.583648 0.000000 0.000000     0.669124     0.555872 
59353.636580 0.000000 0.000000     0.678985     0.555856 
59353.689512 0.000000 0.000000     0.688987     0.555830 
59353.742443 0.000000 0.000000     0.699131     0.555793 
59353.795375 0.000000 0.000000     0.709416     0.555744 
59353.848307 0.000000 0.000000     0.719842     0.555685 
59353.901239 0.000000 0.000000     0.730410     0.555616 
59353.954171 0.000000 0.000000     0.741120     0.555536 
59354.007103 0.000000 0.000000     0.751972     0.555445 
59354.060034 0.000000 0.000000     0.762965     0.555345 
59354.112966 0.000000 0.000000     0.774099     0.555234 
59354.165898 0.000000 0.000000     0.785376     0.555113 
59354.218830 0.000000 0.000000     0.796794     0.554983 
59354.271762 0.000000 0.000000     0.808354     0.554844 
59354.324694 0.000000 0.000000     0.820055     0.554695 
59354.377625 0.000000 0.000000     0.831897     0.554537 
59354.430557 0.000000 0.000000     0.843881     0.554371 
59354.483489 0.000000 0.000000     0.856006     0.554196 
59354.536421 0.000000 0.000000     0.868271     0.554013 
59354.589353 0.000000 0.000000     0.880678     0.553822 
59354.642285 0.000000 0.000000     0.893224     0.553623 
59354.695216 0.000000 0.000000     0.905911     0.553418 
59354.748148 0.000000 0.000000     0.918739     0.553205 
59354.801080 0.000000 0.000000     0.931705     0.552986 
59354.854012 0.000000 0.000000     0.944811     0.552761 
59354.906944 0.000000 0.000000     0.958057     0.552530 
59354.959876 0.000000 0.000000     0.971441     0.552293 
59355.012807 0.000000 0.000000     0.984963     0.552052 
59355.065739 0.000000 0.000000     0.998623     0.551806 
59355.118671 0.000000 0.000000     1.012421     0.551556 
59355.171603 0.000000 0.000000     1.026357     0.551303 
59355.224535 0.000000 0.000000     1.040429     0.551047 
59355.277467 0.000000 0.000000     1.054637     0.550788 
59355.330398 0.000000 0.000000     1.068981     0.550527 
59355.383330 0.000000 0.000000     1.083460     0.550264 
59355.436262 0.000000 0.000000     1.098074     0.550001 
59355.489194 0.000000 0.000000     1.112822     0.549738 
59355.542126 0.000000 0.000000     1.127704     0.549474 
59355.595058 0.000000 0.000000     1.142719     0.549212 
59355.647989 0.000000 0.000000     1.157867     0.548951 
59355.700921 0.000000 0.000000     1.173147     0.548692 
59355.753853 0.000000 0.000000     1.188557     0.548436 
59355.806785 0.000000 0.000000     1.204099     0.548183 
59355.859717 0.000000 0.000000     1.219770     0.547935 
59355.912648 0.000000 0.000000     1.235570     0.547692 
59355.965580 0.000000 0.000000     1.251499     0.547454 
59356.018512 0.000000 0.000000     1.267556     0.547223 
59356.071444 0.000000 0.000000     1.283740     0.546999 
59356.124376 0.000000 0.000000     1.300050     0.546782 
59356.177308 0.000000 0.000000     1.316486     0.546575 
59356.230239 0.000000 0.000000     1.333047     0.546377 
59356.283171 0.000000 0.000000     1.349731     0.546189 
59356.336103 0.000000 0.000000     1.366538     0.546013 
59356.389035 0.000000 0.000000     1.383468     0.545848 
59356.441967 0.000000 0.000000     1.400519     0.545696 
59356.494899 0.000000 0.000000     1.417691     0.545558 
59356.547830 0.000000 0.000000     1.434982     0.545435 
59356.600762 0.000000 0.000000     1.452392     0.545326 
59356.653694 0.000000 0.000000     1.469919     0.545235 
59356.706626 0.000000 0.000000     1.487564     0.545160 
59356.759558 0.000000 0.000000     1.505324     0.545103 
59356.812490 0.000000 0.000000     1.523199     0.545065 
59356.865421 0.000000 0.000000     1.541187     0.545047 
59356.918353 0.000000 0.000000     1.559289     0.545050 
59356.971285 0.000000 0.000000     1.577502     0.545074 
59357.024217 0.000000 0.000000     1.595827     0.545121 
59357.077149 0.000000 0.000000     1.614261     0.545190 
59357.130081 0.000000 0.000000     1.632803     0.545285 
59357.183012 0.000000 0.000000     1.651453     0.545404 
59357.235944 0.000000 0.000000     1.670210     0.545549 
59357.288876 0.000000 0.000000     1.689072     0.545720 
59357.341808 0.000000 0.000000     1.708038     0.545919 
59357.394740 0.000000 0.000000     1.727107     0.546147 
59357.447672 0.000000 0.000000     1.746278     0.546404 
59357.500603 0.000000 0.000000     1.765549     0.546690 
59357.553535 0.000000 0.000000     1.784920     0.547007 
59357.606467 0.000000 0.000000     1.804390     0.547356 
59357.659399 0.000000 0.000000     1.823957     0.547737 
59357.712331 0.000000 0.000000     1.843619     0.548150 
59357.765263 0.000000 0.000000     1.863376     0.548597 
59357.818194 0.000000 0.000000     1.883227     0.549078 
59357.871126 0.000000 0.000000     1.903170     0.549593 
59357.924058 0.000000 0.000000     1.923203     0.550144 
59357.976990 0.000000 0.000000     1.943326     0.550730 
59358.029922 0.000000 0.000000     1.963538     0.551353 
59358.082854 0.000000 0.000000     1.983836     0.552012 
59358.135785 0.000000 0.000000     2.004220     0.552709 
59358.188717 0.000000 0.000000     2.024688     0.553443 
59358.241649 0.000000 0.000000     2.045239     0.554215 
59358.294581 0.000000 0.000000     2.065872     0.555025 
59358.347513 0.000000 0.000000     2.086585     0.555873 
59358.400445 0.000000 0.000000     2.107377     0.556760 
59358.453376 0.000000 0.000000     2.128246     0.557686 
59358.506308 0.000000 0.000000     2.149191     0.558651 
59358.559240 0.000000 0.000000     2.170211     0.559655 
59358.612172 0.000000 0.000000     2.191304     0.560699 
59358.665104 0.000000 0.000000     2.212469     0.561781 
59358.718036 0.000000 0.000000     2.233704     0.562903 
59358.770967 0.000000 0.000000     2.255008     0.564064 
59358.823899 0.000000 0.000000     2.276379     0.565264 
59358.876831 0.000000 0.000000     2.297816     0.566503 
59358.929763 0.000000 0.000000     2.319318     0.567781 
59358.982695 0.000000 0.000000     2.340883     0.569097 
59359.035627 0.000000 0.000000     2.362509     0.570452 
59359.088558 0.000000 0.000000     2.384195     0.571845 
59359.141490 0.000000 0.000000     2.405940     0.573275 
59359.194422 0.000000 0.000000     2.427741     0.574743 
59359.247354 0.000000 0.000000     2.449598     0.576248 
59359.300286 0.000000 0.000000     2.471509     0.577789 
59359.353218 0.000000 0.000000     2.493472     0.579366 
59359.406149 0.000000 0.000000     2.515486     0.580979 
59359.459081 0.000000 0.000000     2.537549     0.582627 
59359.512013 0.000000 0.000000     2.559659     0.584310 
59359.564945 0.000000 0.000000     2.581816     0.586027 
59359.617877 0.000000 0.000000     2.604017     0.587777 
59359.670809 0.000000 0.000000     2.626262     0.589560 
59359.723740 0.000000 0.000000     2.648547     0.591375 
59359.776672 0.000000 0.000000     2.670872     0.593222 
59359.829604 0.000000 0.000000     2.693235     0.595099 
59359.882536 0.000000 0.000000     2.715635     0.597007 
59359.935468 0.000000 0.000000     2.738070     0.598944 
59359.988400 0.000000 0.000000     2.760538     0.600911 
59360.041331 0.000000 0.000000     2.783037     0.602905 
59360.094263 0.000000 0.000000     2.805567     0.604927 
59360.147195 0.000000 0.000000     2.828125     0.606975 
59360.200127 0.000000 0.000000     2.850710     0.609049 
59360.253059 0.000000 0.000000     2.873320     0.611148 
59360.305990 0.000000 0.000000     2.895953     0.613272 
59360.358922 0.000000 0.000000     2.918608     0.615419 
59360.411854 0.000000 0.000000     2.941283     0.617589 
59360.464786 0.000000 0.000000     2.963977     0.619781 
59360.517718 0.000000 0.000000     2.986688     0.621995 
59360.570650 0.000000 0.000000     3.009413     0.624229 
59360.623581 0.000000 0.000000     3.032153     0.626483 
59360.676513 0.000000 0.000000     3.054904     0.628756 
59360.729445 0.000000 0.000000     3.077665     0.631047 
59360.782377 0.000000 0.000000     3.100435     0.633356 
59360.835309 0.000000 0.000000     3.123212     0.635681 
59360.888241 0.000000 0.000000     3.145994     0.638023 
59360.941172 0.000000 0.000000     3.168779     0.640380 
59360.994104 0.000000 0.000000     3.191566     0.642751 
59361.047036 0.000000 0.000000     3.214353     0.645136 
59361.099968 0.000000 0.000000     3.237139     0.647535 
59361.152900 0.000000 0.000000     3.259921     0.649945 
59361.205832 0.000000 0.000000     3.282699     0.652368 
59361.258763 0.000000 0.000000     3.305470     0.654802 
59361.311695 0.000000 0.000000     3.328233     0.657246 
59361.364627 0.000000 0.000000     3.350985     0.659699 
59361.417559 0.000000 0.000000     3.373727     0.662162 
59361.470491 0.000000 0.000000     3.396454     0.664633 
59361.523423 0.000000 0.000000     3.419167     0.667112 
59361.576354 0.000000 0.000000     3.441863     0.669597 
59361.629286 0.000000 0.000000     3.464541     0.672090 
59361.682218 0.000000 0.000000     3.487199     0.674588 
59361.735150 0.000000 0.000000     3.509835     0.677092 
59361.788082 0.000000 0.000000     3.532448     0.679600 
59361.841014 0.000000 0.000000     3.555036     0.682112 
59361.893945 0.000000 0.000000     3.577597     0.684629 
59361.946877 0.000000 0.000000     3.600130     0.687148 
59361.999809 0.000000 0.000000     3.622632     0.689669 
59362.052741 0.000000 0.000000     3.645103     0.692193 
59362.105673 0.000000 0.000000     3.667541     0.694718 
59362.158605 0.000000 0.000000     3.689944     0.697244 
59362.211536 0.000000 0.000000     3.712310     0.699770 
59362.264468 0.000000 0.000000     3.734638     0.702297 
59362.317400 0.000000 0.000000     3.756926     0.704823 
59362.370332 0.000000 0.000000     3.779173     0.707348 
59362.423264 0.000000 0.000000     3.801376     0.709871 
59362.476196 0.000000 0.000000     3.823534     0.712393 
59362.529127 0.000000 0.000000     3.845646     0.714913 
59362.582059 0.000000 0.000000     3.867711     0.717430 
59362.634991 0.000000 0.000000     3.889725     0.719944 
59362.687923 0.000000 0.000000     3.911688     0.722454 
59362.740855 0.000000 0.000000     3.933599     0.724961 
59362.793787 0.000000 0.000000     3.955455     0.727463 
59362.846718 0.000000 0.000000     3.977255     0.729961 
59362.899650 0.000000 0.000000     3.998997     0.732453 
59362.952582 0.000000 0.000000     4.020681     0.734941 
59363.005514 0.000000 0.000000     4.042303     0.737423 
59363.058446 0.000000 0.000000     4.063864     0.739899 
59363.111378 0.000000 0.000000     4.085360     0.742369 
59363.164309 0.000000 0.000000     4.106791     0.744832 
59363.217241 0.000000 0.000000     4.128156     0.747288 
59363.270173 0.000000 0.000000     4.149451     0.749737 
59363.323105 0.000000 0.000000     4.170677     0.752178 
59363.376037 0.000000 0.000000     4.191832     0.754612 
59363.428969 0.000000 0.000000     4.212913     0.757038 
59363.481900 0.000000 0.000000     4.233921     0.759456 
59363.534832 0.000000 0.000000     4.254852     0.761865 
59363.587764 0.000000 0.000000     4.275706     0.764265 
59363.640696 0.000000 0.000000     4.296481     0.766657 
59363.693628 0.000000 0.000000     4.317176     0.769039 
59363.746560 0.000000 0.000000     4.337789     0.771411 
59363.799491 0.000000 0.000000     4.358319     0.773775 
59363.852423 0.000000 0.000000     4.378764     0.776128 
59363.905355 0.000000 0.000000     4.399123     0.778471 
59363.958287 0.000000 0.000000     4.419395     0.780804 
59364.011219 0.000000 0.000000     4.439579     0.783126 
59364.064151 0.000000 0.000000     4.459672     0.785438 
59364.117082 0.000000 0.000000     4.479673     0.787739 
59364.170014 0.000000 0.000000     4.499582     0.790029 
59364.222946 0.000000 0.000000     4.519397     0.792308 
59364.275878 0.000000 0.000000     4.539116     0.794575 
59364.328810 0.000000 0.000000     4.558738     0.796831 
59364.381742 0.000000 0.000000     4.578262     0.799076 
59364.434673 0.000000 0.000000     4.597687     0.801309 
59364.487605 0.000000 0.000000     4.617010     0.803530 
59364.540537 0.000000 0.000000     4.636233     0.805739 
59364.593469 0.000000 0.000000     4.655351     0.807936 
59364.646401 0.000000 0.000000     4.674366     0.810120 
59364.699332 0.000000 0.000000     4.693275     0.812292 
59364.752264 0.000000 0.000000     4.712076     0.814452 
59364.805196 0.000000 0.000000     4.730770     0.816599 
59364.858128 0.000000 0.000000     4.749355     0.818734 
59364.911060 0.000000 0.000000     4.767829     0.820855 
59364.963992 0.000000 0.000000     4.786192     0.822964 
59365.016923 0.000000 0.000000     4.804442     0.825060 
59365.069855 0.000000 0.000000     4.822578     0.827143 
59365.122787 0.000000 0.000000     4.840600     0.829212 
59365.175719 0.000000 0.000000     4.858506     0.831269 
59365.228651 0.000000 0.000000     4.876294     0.833312 
59365.281583 0.000000 0.000000     4.893965     0.835342 
59365.334514 0.000000 0.000000     4.911516     0.837358 
59365.387446 0.000000 0.000000     4.928947     0.839361 
59365.440378 0.000000 0.000000     4.946257     0.841350 
59365.493310 0.000000 0.000000     4.963446     0.843326 
59365.546242 0.000000 0.000000     4.980511     0.845288 
59365.599174 0.000000 0.000000     4.997452     0.847237 
59365.652105 0.000000 0.000000     5.014268     0.849171 
59365.705037 0.000000 0.000000     5.030958     0.851092 
59365.757969 0.000000 0.000000     5.047522     0.852999 
59365.810901 0.000000 0.000000     5.063958     0.854893 
59365.863833 0.000000 0.000000     5.080265     0.856772 
59365.916765 0.000000 0.000000     5.096443     0.858638 
59365.969696 0.000000 0.000000     5.112491     0.860489 
59366.022628 0.000000 0.000000     5.128409     0.862327 
59366.075560 0.000000 0.000000     5.144194     0.864150 
59366.128492 0.000000 0.000000     5.159847     0.865960 
59366.181424 0.000000 0.000000     5.175367     0.867756 
59366.234356 0.000000 0.000000     5.190753     0.869537 
59366.287287 0.000000 0.000000     5.206004     0.871305 
59366.340219 0.000000 0.000000     5.221120     0.873058 
59366.393151 0.000000 0.000000     5.236100     0.874798 
59366.446083 0.000000 0.000000     5.250943     0.876523 
59366.499015 0.000000 0.000000     5.265649     0.878235 
59366.551947 0.000000 0.000000     5.280218     0.879932 
59366.604878 0.000000 0.000000     5.294647     0.881615 
59366.657810 0.000000 0.000000     5.308938     0.883284 
59366.710742 0.000000 0.000000     5.323090     0.884939 
59366.763674 0.000000 0.000000     5.337101     0.886580 
59366.816606 0.000000 0.000000     5.350972     0.888208 
59366.869538 0.000000 0.000000     5.364701     0.889821 
59366.922469 0.000000 0.000000     5.378290     0.891420 
59366.975401 0.000000 0.000000     5.391736     0.893005 
59367.028333 0.000000 0.000000     5.405040     0.894576 
59367.081265 0.000000 0.000000     5.418201     0.896133 
59367.134197 0.000000 0.000000     5.431220     0.897677 
59367.187129 0.000000 0.000000     5.444094     0.899206 
59367.240060 0.000000 0.000000     5.456825     0.900722 
59367.292992 0.000000 0.000000     5.469412     0.902224 
59367.345924 0.000000 0.000000     5.481855     0.903712 
59367.398856 0.000000 0.000000     5.494153     0.905186 
59367.451788 0.000000 0.000000     5.506307     0.906646 
59367.504720 0.000000 0.000000     5.518315     0.908093 
59367.557651 0.000000 0.000000     5.530178     0.909526 
59367.610583 0.000000 0.000000     5.541896     0.910946 
59367.663515 0.000000 0.000000     5.553468     0.912352 
59367.716447 0.000000 0.000000     5.564894     0.913744 
59367.769379 0.000000 0.000000     5.576175     0.915123 
59367.822311 0.000000 0.000000     5.587310     0.916489 
59367.875242 0.000000 0.000000     5.598299     0.917841 
59367.928174 0.000000 0.000000     5.609142     0.919179 
59367.981106 0.000000 0.000000     5.619840     0.920505 
59368.034038 0.000000 0.000000     5.630391     0.921817 
59368.086970 0.000000 0.000000     5.640796     0.923116 
59368.139902 0.000000 0.000000     5.651056     0.924401 
59368.192833 0.000000 0.000000     5.661170     0.925674 
59368.245765 0.000000 0.000000     5.671138     0.926933 
59368.298697 0.000000 0.000000     5.680961     0.928180 
59368.351629 0.000000 0.000000     5.690639     0.929414 
59368.404561 0.000000 0.000000     5.700171     0.930634 
59368.457493 0.000000 0.000000     5.709559     0.931842 
59368.510424 0.000000 0.000000     5.718802     0.933037 
59368.563356 0.000000 0.000000     5.727900     0.934220 
59368.616288 0.000000 0.000000     5.736854     0.935390 
59368.669220 0.000000 0.000000     5.745665     0.936547 
59368.722152 0.000000 0.000000     5.754331     0.937691 
59368.775084 0.000000 0.000000     5.762855     0.938824 
59368.828015 0.000000 0.000000     5.771236     0.939943 
59368.880947 0.000000 0.000000     5.779474     0.941051 
59368.933879 0.000000 0.000000     5.787570     0.942146 
59368.986811 0.000000 0.000000     5.795524     0.943229 
59369.039743 0.000000 0.000000     5.803338     0.944300 
59369.092675 0.000000 0.000000     5.811011     0.945359 
59369.145606 0.000000 0.000000     5.818543     0.946406 
59369.198538 0.000000 0.000000     5.825936     0.947441 
59369.251470 0.000000 0.000000     5.833190     0.948464 
59369.304402 0.000000 0.000000     5.840305     0.949476 
59369.357334 0.000000 0.000000     5.847282     0.950476 
59369.410265 0.000000 0.000000     5.854122     0.951464 
59369.463197 0.000000 0.000000     5.860826     0.952441 
59369.516129 0.000000 0.000000     5.867393     0.953406 
59369.569061 0.000000 0.000000     5.873825     0.954360 
59369.621993 0.000000 0.000000     5.880123     0.955302 
59369.674925 0.000000 0.000000     5.886286     0.956234 
59369.727856 0.000000 0.000000     5.892317     0.957154 
59369.780788 0.000000 0.000000     5.898215     0.958063 
59369.833720 0.000000 0.000000     5.903981     0.958962 
59369.886652 0.000000 0.000000     5.909617     0.959849 
59369.939584 0.000000 0.000000     5.915123     0.960726 
59369.992516 0.000000 0.000000     5.920500     0.961592 
59370.045447 0.000000 0.000000     5.925749     0.962447 
59370.098379 0.000000 0.000000     5.930870     0.963292 
59370.151311 0.000000 0.000000     5.935865     0.964127 
59370.204243 0.000000 0.000000     5.940735     0.964951 
59370.257175 0.000000 0.000000     5.945481     0.965765 
59370.310107 0.000000 0.000000     5.950103     0.966569 
59370.363038 0.000000 0.000000     5.954603     0.967362 
59370.415970 0.000000 0.000000     5.958981     0.968146 
59370.468902 0.000000 0.000000     5.963239     0.968920 
59370.521834 0.000000 0.000000     5.967378     0.969684 
59370.574766 0.000000 0.000000     5.971398     0.970438 
59370.627698 0.000000 0.000000     5.975302     0.971183 
59370.680629 0.000000 0.000000     5.979090     0.971918 
59370.733561 0.000000 0.000000     5.982763     0.972644 
59370.786493 0.000000 0.000000     5.986322     0.973360 
59370.839425 0.000000 0.000000     5.989769     0.974067 
59370.892357 0.000000 0.000000     5.993105     0.974765 
59370.945289 0.000000 0.000000     5.996330     0.975455 
59370.998220 0.000000 0.000000     5.999448     0.976135 
59371.051152 0.000000 0.000000     6.002457     0.976806 
59371.104084 0.000000 0.000000     6.005361     0.977469 
59371.157016 0.000000 0.000000     6.008159     0.978123 
59371.209948 0.000000 0.000000     6.010854     0.978768 
59371.262880 0.000000 0.000000     6.013447     0.979405 
59371.315811 0.000000 0.000000     6.015939     0.980034 
59371.368743 0.000000 0.000000     6.018331     0.980655 
59371.421675 0.000000 0.000000     6.020625     0.981267 
59371.474607 0.000000 0.000000     6.022823     0.981872 
59371.527539 0.000000 0.000000     6.024925     0.982468 
59371.580471 0.000000 0.000000     6.026933     0.983057 
59371.633402 0.000000 0.000000     6.028849     0.983638 
59371.686334 0.000000 0.000000     6.030674     0.984212 
59371.739266 0.000000 0.000000     6.032409     0.984778 
59371.792198 0.000000 0.000000     6.034057     0.985337 
59371.845130 0.000000 0.000000     6.035617     0.985888 
59371.898062 0.000000 0.000000     6.037093     0.986432 
59371.950993 0.000000 0.000000     6.038486     0.986969 
59372.003925 0.000000 0.000000     6.039796     0.987500 
59372.056857 0.000000 0.000000     6.041026     0.988023 
59372.109789 0.000000 0.000000     6.042178     0.988540 
59372.162721 0.000000 0.000000     6.043252     0.989050 
59372.215653 0.000000 0.000000     6.044251     0.989554 
59372.268584 0.000000 0.000000     6.045175     0.990051 
59372.321516 0.000000 0.000000     6.046028     0.990542 
59372.374448 0.000000 0.000000     6.046810     0.991027 
59372.427380 0.000000 0.000000     6.047522     0.991506 
59372.480312 0.000000 0.000000     6.048168     0.991979 
59372.533244 0.000000 0.000000     6.048747     0.992446 
59372.586175 0.000000 0.000000     6.049263     0.992908 
59372.639107 0.000000 0.000000     6.049716     0.993363 
59372.692039 0.000000 0.000000     6.050109     0.993814 
59372.744971 0.000000 0.000000     6.050442     0.994259 
59372.797903 0.000000 0.000000     6.050719     0.994698 
59372.850835 0.000000 0.000000     6.050940     0.995133 
59372.903766 0.000000 0.000000     6.051107     0.995563 
59372.956698 0.000000 0.000000     6.051223     0.995987 
59373.009630 0.000000 0.000000     6.051288     0.996407 
59373.062562 0.000000 0.000000     6.051304     0.996822 
59373.115494 0.000000 0.000000     6.051274     0.997233 
59373.168426 0.000000 0.000000     6.051199     0.997639 
59373.221357 0.000000 0.000000     6.051081     0.998041 
59373.274289 0.000000 0.000000     6.050922     0.998438 
59373.327221 0.000000 0.000000     6.050723     0.998832 
59373.380153 0.000000 0.000000     6.050486     0.999221 
59373.433085 0.000000 0.000000     6.050213     0.999607 
59373.486017 0.000000 0.000000     6.049906     0.999989 
59373.538948 0.000000 0.000000     6.049567     1.000367 
59373.591880 0.000000 0.000000     0.417424          nan 
