# time Tc_folded Tref_folded model model_err 
59318.650141 0.000000 0.000000     0.495346     0.565505 
59318.687751 0.000000 0.000000     0.503895     0.567790 
59318.725361 0.000000 0.000000     0.512258     0.570152 
59318.762971 0.000000 0.000000     0.520412     0.572583 
59318.800582 0.000000 0.000000     0.528333     0.575076 
59318.838192 0.000000 0.000000     0.535999     0.577620 
59318.875802 0.000000 0.000000     0.543387     0.580209 
59318.913412 0.000000 0.000000     0.550474     0.582832 
59318.951022 0.000000 0.000000     0.557237     0.585482 
59318.988632 0.000000 0.000000     0.563655     0.588150 
59319.026243 0.000000 0.000000     0.569704     0.590827 
59319.063853 0.000000 0.000000     0.575363     0.593505 
59319.101463 0.000000 0.000000     0.580610     0.596176 
59319.139073 0.000000 0.000000     0.585425     0.598833 
59319.176683 0.000000 0.000000     0.589785     0.601467 
59319.214293 0.000000 0.000000     0.593671     0.604071 
59319.251903 0.000000 0.000000     0.597063     0.606639 
59319.289514 0.000000 0.000000     0.599942     0.609163 
59319.327124 0.000000 0.000000     0.602289     0.611637 
59319.364734 0.000000 0.000000     0.604086     0.614055 
59319.402344 0.000000 0.000000     0.605315     0.616410 
59319.439954 0.000000 0.000000     0.605960     0.618698 
59319.477564 0.000000 0.000000     0.606005     0.620912 
59319.515175 0.000000 0.000000     0.605434     0.623048 
59319.552785 0.000000 0.000000     0.604234     0.625102 
59319.590395 0.000000 0.000000     0.602390     0.627068 
59319.628005 0.000000 0.000000     0.599890     0.628942 
59319.665615 0.000000 0.000000     0.596722     0.630720 
59319.703225 0.000000 0.000000     0.592875     0.632400 
59319.740836 0.000000 0.000000     0.588340     0.633977 
59319.778446 0.000000 0.000000     0.583107     0.635448 
59319.816056 0.000000 0.000000     0.577169     0.636811 
59319.853666 0.000000 0.000000     0.570519     0.638063 
59319.891276 0.000000 0.000000     0.563151     0.639201 
59319.928886 0.000000 0.000000     0.555060     0.640223 
59319.966496 0.000000 0.000000     0.546243     0.641128 
59320.004107 0.000000 0.000000     0.536696     0.641914 
59320.041717 0.000000 0.000000     0.526420     0.642579 
59320.079327 0.000000 0.000000     0.515413     0.643123 
59320.116937 0.000000 0.000000     0.503677     0.643543 
59320.154547 0.000000 0.000000     0.491213     0.643840 
59320.192157 0.000000 0.000000     0.478024     0.644012 
59320.229768 0.000000 0.000000     0.464116     0.644060 
59320.267378 0.000000 0.000000     0.449492     0.643982 
59320.304988 0.000000 0.000000     0.434162     0.643780 
59320.342598 0.000000 0.000000     0.418131     0.643454 
59320.380208 0.000000 0.000000     0.401409     0.643003 
59320.417818 0.000000 0.000000     0.384006     0.642429 
59320.455428 0.000000 0.000000     0.365934     0.641732 
59320.493039 0.000000 0.000000     0.347205     0.640913 
59320.530649 0.000000 0.000000     0.327832     0.639974 
59320.568259 0.000000 0.000000     0.307830     0.638915 
59320.605869 0.000000 0.000000     0.287216     0.637740 
59320.643479 0.000000 0.000000     0.266005     0.636449 
59320.681089 0.000000 0.000000     0.244215     0.635044 
59320.718700 0.000000 0.000000     0.221867     0.633528 
59320.756310 0.000000 0.000000     0.198979     0.631903 
59320.793920 0.000000 0.000000     0.175572     0.630172 
59320.831530 0.000000 0.000000     0.151669     0.628338 
59320.869140 0.000000 0.000000     0.127291     0.626404 
59320.906750 0.000000 0.000000     0.102464     0.624372 
59320.944360 0.000000 0.000000     0.077211     0.622247 
59320.981971 0.000000 0.000000     0.051559     0.620033 
59321.019581 0.000000 0.000000     0.025532     0.617733 
59321.057191 0.000000 0.000000    -0.000842     0.615352 
59321.094801 0.000000 0.000000    -0.027535     0.612893 
59321.132411 0.000000 0.000000    -0.054518     0.610362 
59321.170021 0.000000 0.000000    -0.081763     0.607763 
59321.207632 0.000000 0.000000    -0.109241     0.605102 
59321.245242 0.000000 0.000000    -0.136920     0.602384 
59321.282852 0.000000 0.000000    -0.164770     0.599615 
59321.320462 0.000000 0.000000    -0.192760     0.596799 
59321.358072 0.000000 0.000000    -0.220859     0.593944 
59321.395682 0.000000 0.000000    -0.249034     0.591054 
59321.433293 0.000000 0.000000    -0.277253     0.588138 
59321.470903 0.000000 0.000000    -0.305483     0.585200 
59321.508513 0.000000 0.000000    -0.333692     0.582249 
59321.546123 0.000000 0.000000    -0.361847     0.579290 
59321.583733 0.000000 0.000000    -0.389914     0.576331 
59321.621343 0.000000 0.000000    -0.417860     0.573378 
59321.658953 0.000000 0.000000    -0.445652     0.570440 
59321.696564 0.000000 0.000000    -0.473257     0.567523 
59321.734174 0.000000 0.000000    -0.500642     0.564634 
59321.771784 0.000000 0.000000    -0.527774     0.561781 
59321.809394 0.000000 0.000000    -0.554619     0.558970 
59321.847004 0.000000 0.000000    -0.581145     0.556210 
59321.884614 0.000000 0.000000    -0.607320     0.553506 
59321.922225 0.000000 0.000000    -0.633112     0.550866 
59321.959835 0.000000 0.000000    -0.658490     0.548296 
59321.997445 0.000000 0.000000    -0.683422     0.545803 
59322.035055 0.000000 0.000000    -0.707877     0.543392 
59322.072665 0.000000 0.000000    -0.731825     0.541068 
59322.110275 0.000000 0.000000    -0.755238     0.538838 
59322.147885 0.000000 0.000000    -0.778085     0.536705 
59322.185496 0.000000 0.000000    -0.800339     0.534673 
59322.223106 0.000000 0.000000    -0.821972     0.532747 
59322.260716 0.000000 0.000000    -0.842958     0.530928 
59322.298326 0.000000 0.000000    -0.863270     0.529221 
59322.335936 0.000000 0.000000    -0.882884     0.527625 
59322.373546 0.000000 0.000000    -0.901775     0.526142 
59322.411157 0.000000 0.000000    -0.919920     0.524772 
59322.448767 0.000000 0.000000    -0.937297     0.523516 
59322.486377 0.000000 0.000000    -0.953884     0.522371 
59322.523987 0.000000 0.000000    -0.969662     0.521337 
59322.561597 0.000000 0.000000    -0.984612     0.520411 
59322.599207 0.000000 0.000000    -0.998715     0.519590 
59322.636817 0.000000 0.000000    -1.011955     0.518871 
59322.674428 0.000000 0.000000    -1.024315     0.518250 
59322.712038 0.000000 0.000000    -1.035783     0.517722 
59322.749648 0.000000 0.000000    -1.046344     0.517284 
59322.787258 0.000000 0.000000    -1.055986     0.516929 
59322.824868 0.000000 0.000000    -1.064700     0.516652 
59322.862478 0.000000 0.000000    -1.072475     0.516448 
59322.900089 0.000000 0.000000    -1.079304     0.516311 
59322.937699 0.000000 0.000000    -1.085180     0.516235 
59322.975309 0.000000 0.000000    -1.090097     0.516213 
59323.012919 0.000000 0.000000    -1.094053     0.516241 
59323.050529 0.000000 0.000000    -1.097043     0.516311 
59323.088139 0.000000 0.000000    -1.099067     0.516419 
59323.125750 0.000000 0.000000    -1.100126     0.516558 
59323.163360 0.000000 0.000000    -1.100220     0.516722 
59323.200970 0.000000 0.000000    -1.099353     0.516906 
59323.238580 0.000000 0.000000    -1.097529     0.517106 
59323.276190 0.000000 0.000000    -1.094753     0.517316 
59323.313800 0.000000 0.000000    -1.091034     0.517531 
59323.351410 0.000000 0.000000    -1.086378     0.517746 
59323.389021 0.000000 0.000000    -1.080797     0.517959 
59323.426631 0.000000 0.000000    -1.074302     0.518165 
59323.464241 0.000000 0.000000    -1.066904     0.518360 
59323.501851 0.000000 0.000000    -1.058618     0.518541 
59323.539461 0.000000 0.000000    -1.049459     0.518706 
59323.577071 0.000000 0.000000    -1.039443     0.518852 
59323.614682 0.000000 0.000000    -1.028588     0.518977 
59323.652292 0.000000 0.000000    -1.016913     0.519079 
59323.689902 0.000000 0.000000    -1.004438     0.519156 
59323.727512 0.000000 0.000000    -0.991184     0.519208 
59323.765122 0.000000 0.000000    -0.977174     0.519233 
59323.802732 0.000000 0.000000    -0.962431     0.519231 
59323.840342 0.000000 0.000000    -0.946980     0.519201 
59323.877953 0.000000 0.000000    -0.930846     0.519143 
59323.915563 0.000000 0.000000    -0.914056     0.519058 
59323.953173 0.000000 0.000000    -0.896638     0.518947 
59323.990783 0.000000 0.000000    -0.878620     0.518809 
59324.028393 0.000000 0.000000    -0.860031     0.518645 
59324.066003 0.000000 0.000000    -0.840902     0.518458 
59324.103614 0.000000 0.000000    -0.821264     0.518248 
59324.141224 0.000000 0.000000    -0.801148     0.518017 
59324.178834 0.000000 0.000000    -0.780587     0.517766 
59324.216444 0.000000 0.000000    -0.759614     0.517498 
59324.254054 0.000000 0.000000    -0.738263     0.517214 
59324.291664 0.000000 0.000000    -0.716567     0.516916 
59324.329274 0.000000 0.000000    -0.694562     0.516607 
59324.366885 0.000000 0.000000    -0.672283     0.516289 
59324.404495 0.000000 0.000000    -0.649764     0.515964 
59324.442105 0.000000 0.000000    -0.627043     0.515635 
59324.479715 0.000000 0.000000    -0.604154     0.515304 
59324.517325 0.000000 0.000000    -0.581134     0.514973 
59324.554935 0.000000 0.000000    -0.558020     0.514645 
59324.592546 0.000000 0.000000    -0.534848     0.514322 
59324.630156 0.000000 0.000000    -0.511655     0.514007 
59324.667766 0.000000 0.000000    -0.488476     0.513701 
59324.705376 0.000000 0.000000    -0.465349     0.513407 
59324.742986 0.000000 0.000000    -0.442310     0.513127 
59324.780596 0.000000 0.000000    -0.419395     0.512862 
59324.818207 0.000000 0.000000    -0.396640     0.512615 
59324.855817 0.000000 0.000000    -0.374080     0.512387 
59324.893427 0.000000 0.000000    -0.351750     0.512179 
59324.931037 0.000000 0.000000    -0.329685     0.511993 
59324.968647 0.000000 0.000000    -0.307920     0.511829 
59325.006257 0.000000 0.000000    -0.286488     0.511689 
59325.043867 0.000000 0.000000    -0.265422     0.511574 
59325.081478 0.000000 0.000000    -0.244755     0.511483 
59325.119088 0.000000 0.000000    -0.224519     0.511417 
59325.156698 0.000000 0.000000    -0.204744     0.511376 
59325.194308 0.000000 0.000000    -0.185460     0.511360 
59325.231918 0.000000 0.000000    -0.166698     0.511369 
59325.269528 0.000000 0.000000    -0.148486     0.511401 
59325.307139 0.000000 0.000000    -0.130851     0.511457 
59325.344749 0.000000 0.000000    -0.113820     0.511535 
59325.382359 0.000000 0.000000    -0.097418     0.511634 
59325.419969 0.000000 0.000000    -0.081670     0.511753 
59325.457579 0.000000 0.000000    -0.066599     0.511891 
59325.495189 0.000000 0.000000    -0.052227     0.512046 
59325.532799 0.000000 0.000000    -0.038575     0.512216 
59325.570410 0.000000 0.000000    -0.025664     0.512399 
59325.608020 0.000000 0.000000    -0.013511     0.512595 
59325.645630 0.000000 0.000000    -0.002134     0.512800 
59325.683240 0.000000 0.000000     0.008452     0.513013 
59325.720850 0.000000 0.000000     0.018231     0.513232 
59325.758460 0.000000 0.000000     0.027191     0.513454 
59325.796071 0.000000 0.000000     0.035320     0.513678 
59325.833681 0.000000 0.000000     0.042607     0.513902 
59325.871291 0.000000 0.000000     0.049044     0.514124 
59325.908901 0.000000 0.000000     0.054624     0.514340 
59325.946511 0.000000 0.000000     0.059339     0.514551 
59325.984121 0.000000 0.000000     0.063187     0.514754 
59326.021731 0.000000 0.000000     0.066163     0.514946 
59326.059342 0.000000 0.000000     0.068266     0.515126 
59326.096952 0.000000 0.000000     0.069497     0.515294 
59326.134562 0.000000 0.000000     0.069857     0.515446 
59326.172172 0.000000 0.000000     0.069348     0.515582 
59326.209782 0.000000 0.000000     0.067975     0.515700 
59326.247392 0.000000 0.000000     0.065745     0.515800 
59326.285003 0.000000 0.000000     0.062665     0.515880 
59326.322613 0.000000 0.000000     0.058744     0.515939 
59326.360223 0.000000 0.000000     0.053992     0.515977 
59326.397833 0.000000 0.000000     0.048421     0.515993 
59326.435443 0.000000 0.000000     0.042045     0.515987 
59326.473053 0.000000 0.000000     0.034878     0.515958 
59326.510664 0.000000 0.000000     0.026938     0.515907 
59326.548274 0.000000 0.000000     0.018240     0.515833 
59326.585884 0.000000 0.000000     0.008805     0.515737 
59326.623494 0.000000 0.000000    -0.001348     0.515619 
59326.661104 0.000000 0.000000    -0.012197     0.515479 
59326.698714 0.000000 0.000000    -0.023719     0.515318 
59326.736324 0.000000 0.000000    -0.035890     0.515138 
59326.773935 0.000000 0.000000    -0.048685     0.514939 
59326.811545 0.000000 0.000000    -0.062077     0.514721 
59326.849155 0.000000 0.000000    -0.076039     0.514487 
59326.886765 0.000000 0.000000    -0.090543     0.514238 
59326.924375 0.000000 0.000000    -0.105558     0.513975 
59326.961985 0.000000 0.000000    -0.121054     0.513700 
59326.999596 0.000000 0.000000    -0.137000     0.513415 
59327.037206 0.000000 0.000000    -0.153362     0.513121 
59327.074816 0.000000 0.000000    -0.170109     0.512819 
59327.112426 0.000000 0.000000    -0.187205     0.512513 
59327.150036 0.000000 0.000000    -0.204616     0.512204 
59327.187646 0.000000 0.000000    -0.222306     0.511895 
59327.225256 0.000000 0.000000    -0.240240     0.511586 
59327.262867 0.000000 0.000000    -0.258380     0.511280 
59327.300477 0.000000 0.000000    -0.276690     0.510980 
59327.338087 0.000000 0.000000    -0.295132     0.510687 
59327.375697 0.000000 0.000000    -0.313667     0.510404 
59327.413307 0.000000 0.000000    -0.332257     0.510132 
59327.450917 0.000000 0.000000    -0.350865     0.509873 
59327.488528 0.000000 0.000000    -0.369450     0.509630 
59327.526138 0.000000 0.000000    -0.387974     0.509404 
59327.563748 0.000000 0.000000    -0.406398     0.509196 
59327.601358 0.000000 0.000000    -0.424682     0.509009 
59327.638968 0.000000 0.000000    -0.442788     0.508844 
59327.676578 0.000000 0.000000    -0.460676     0.508702 
59327.714188 0.000000 0.000000    -0.478308     0.508584 
59327.751799 0.000000 0.000000    -0.495646     0.508492 
59327.789409 0.000000 0.000000    -0.512650     0.508426 
59327.827019 0.000000 0.000000    -0.529282     0.508387 
59327.864629 0.000000 0.000000    -0.545507     0.508376 
59327.902239 0.000000 0.000000    -0.561285     0.508393 
59327.939849 0.000000 0.000000    -0.576581     0.508438 
59327.977460 0.000000 0.000000    -0.591359     0.508511 
59328.015070 0.000000 0.000000    -0.605583     0.508612 
59328.052680 0.000000 0.000000    -0.619219     0.508740 
59328.090290 0.000000 0.000000    -0.632233     0.508896 
59328.127900 0.000000 0.000000    -0.644591     0.509077 
59328.165510 0.000000 0.000000    -0.656263     0.509284 
59328.203121 0.000000 0.000000    -0.667216     0.509516 
59328.240731 0.000000 0.000000    -0.677420     0.509770 
59328.278341 0.000000 0.000000    -0.686847     0.510046 
59328.315951 0.000000 0.000000    -0.695468     0.510342 
59328.353561 0.000000 0.000000    -0.703255     0.510656 
59328.391171 0.000000 0.000000    -0.710185     0.510987 
59328.428781 0.000000 0.000000    -0.716230     0.511332 
59328.466392 0.000000 0.000000    -0.721369     0.511690 
59328.504002 0.000000 0.000000    -0.725580     0.512059 
59328.541612 0.000000 0.000000    -0.728841     0.512436 
59328.579222 0.000000 0.000000    -0.731134     0.512820 
59328.616832 0.000000 0.000000    -0.732440     0.513207 
59328.654442 0.000000 0.000000    -0.732743     0.513596 
59328.692053 0.000000 0.000000    -0.732028     0.513985 
59328.729663 0.000000 0.000000    -0.730283     0.514371 
59328.767273 0.000000 0.000000    -0.727494     0.514751 
59328.804883 0.000000 0.000000    -0.723651     0.515124 
59328.842493 0.000000 0.000000    -0.718746     0.515487 
59328.880103 0.000000 0.000000    -0.712772     0.515839 
59328.917713 0.000000 0.000000    -0.705723     0.516176 
59328.955324 0.000000 0.000000    -0.697594     0.516497 
59328.992934 0.000000 0.000000    -0.688385     0.516800 
59329.030544 0.000000 0.000000    -0.678094     0.517082 
59329.068154 0.000000 0.000000    -0.666721     0.517342 
59329.105764 0.000000 0.000000    -0.654271     0.517579 
59329.143374 0.000000 0.000000    -0.640747     0.517789 
59329.180985 0.000000 0.000000    -0.626155     0.517973 
59329.218595 0.000000 0.000000    -0.610502     0.518127 
59329.256205 0.000000 0.000000    -0.593799     0.518252 
59329.293815 0.000000 0.000000    -0.576056     0.518345 
59329.331425 0.000000 0.000000    -0.557286     0.518405 
59329.369035 0.000000 0.000000    -0.537502     0.518431 
59329.406645 0.000000 0.000000    -0.516721     0.518423 
59329.444256 0.000000 0.000000    -0.494961     0.518379 
59329.481866 0.000000 0.000000    -0.472239     0.518300 
59329.519476 0.000000 0.000000    -0.448577     0.518183 
59329.557086 0.000000 0.000000    -0.423996     0.518029 
59329.594696 0.000000 0.000000    -0.398521     0.517838 
59329.632306 0.000000 0.000000    -0.372175     0.517609 
59329.669917 0.000000 0.000000    -0.344986     0.517342 
59329.707527 0.000000 0.000000    -0.316981     0.517037 
59329.745137 0.000000 0.000000    -0.288189     0.516694 
59329.782747 0.000000 0.000000    -0.258641     0.516315 
59329.820357 0.000000 0.000000    -0.228369     0.515898 
59329.857967 0.000000 0.000000    -0.197404     0.515445 
59329.895578 0.000000 0.000000    -0.165783     0.514956 
59329.933188 0.000000 0.000000    -0.133539     0.514432 
59329.970798 0.000000 0.000000    -0.100710     0.513874 
59330.008408 0.000000 0.000000    -0.067332     0.513283 
59330.046018 0.000000 0.000000    -0.033443     0.512659 
59330.083628 0.000000 0.000000     0.000915     0.512005 
59330.121238 0.000000 0.000000     0.035705     0.511321 
59330.158849 0.000000 0.000000     0.070884     0.510608 
59330.196459 0.000000 0.000000     0.106410     0.509868 
59330.234069 0.000000 0.000000     0.142242     0.509103 
59330.271679 0.000000 0.000000     0.178336     0.508314 
59330.309289 0.000000 0.000000     0.214648     0.507503 
59330.346899 0.000000 0.000000     0.251134     0.506671 
59330.384510 0.000000 0.000000     0.287750     0.505821 
59330.422120 0.000000 0.000000     0.324450     0.504954 
59330.459730 0.000000 0.000000     0.361188     0.504072 
59330.497340 0.000000 0.000000     0.397920     0.503177 
59330.534950 0.000000 0.000000     0.434599     0.502270 
59330.572560 0.000000 0.000000     0.471179     0.501355 
59330.610170 0.000000 0.000000     0.507615     0.500433 
59330.647781 0.000000 0.000000     0.543859     0.499506 
59330.685391 0.000000 0.000000     0.579866     0.498576 
59330.723001 0.000000 0.000000     0.615589     0.497645 
59330.760611 0.000000 0.000000     0.650984     0.496715 
59330.798221 0.000000 0.000000     0.686005     0.495788 
59330.835831 0.000000 0.000000     0.720606     0.494867 
59330.873442 0.000000 0.000000     0.754742     0.493952 
59330.911052 0.000000 0.000000     0.788371     0.493047 
59330.948662 0.000000 0.000000     0.821446     0.492152 
59330.986272 0.000000 0.000000     0.853926     0.491271 
59331.023882 0.000000 0.000000     0.885768     0.490404 
59331.061492 0.000000 0.000000     0.916930     0.489552 
59331.099102 0.000000 0.000000     0.947371     0.488719 
59331.136713 0.000000 0.000000     0.977050     0.487905 
59331.174323 0.000000 0.000000     1.005928     0.487112 
59331.211933 0.000000 0.000000     1.033967     0.486340 
59331.249543 0.000000 0.000000     1.061129     0.485592 
59331.287153 0.000000 0.000000     1.087378     0.484868 
59331.324763 0.000000 0.000000     1.112679     0.484170 
59331.362374 0.000000 0.000000     1.136997     0.483497 
59331.399984 0.000000 0.000000     1.160300     0.482852 
59331.437594 0.000000 0.000000     1.182555     0.482234 
59331.475204 0.000000 0.000000     1.203732     0.481644 
59331.512814 0.000000 0.000000     1.223803     0.481083 
59331.550424 0.000000 0.000000     1.242740     0.480550 
59331.588035 0.000000 0.000000     1.260515     0.480046 
59331.625645 0.000000 0.000000     1.277106     0.479571 
59331.663255 0.000000 0.000000     1.292487     0.479125 
59331.700865 0.000000 0.000000     1.306639     0.478707 
59331.738475 0.000000 0.000000     1.319539     0.478318 
59331.776085 0.000000 0.000000     1.331170     0.477956 
59331.813695 0.000000 0.000000     1.341515     0.477620 
59331.851306 0.000000 0.000000     1.350559     0.477312 
59331.888916 0.000000 0.000000     1.358287     0.477028 
59331.926526 0.000000 0.000000     1.364687     0.476770 
59331.964136 0.000000 0.000000     1.369750     0.476535 
59332.001746 0.000000 0.000000     1.373467     0.476322 
59332.039356 0.000000 0.000000     1.375831     0.476131 
59332.076967 0.000000 0.000000     1.376836     0.475960 
59332.114577 0.000000 0.000000     1.376480     0.475809 
59332.152187 0.000000 0.000000     1.374760     0.475674 
59332.189797 0.000000 0.000000     1.371677     0.475556 
59332.227407 0.000000 0.000000     1.367233     0.475453 
59332.265017 0.000000 0.000000     1.361432     0.475363 
59332.302627 0.000000 0.000000     1.354278     0.475284 
59332.340238 0.000000 0.000000     1.345778     0.475216 
59332.377848 0.000000 0.000000     1.335943     0.475157 
59332.415458 0.000000 0.000000     1.324781     0.475105 
59332.453068 0.000000 0.000000     1.312305     0.475058 
59332.490678 0.000000 0.000000     1.298530     0.475016 
59332.528288 0.000000 0.000000     1.283470     0.474976 
59332.565899 0.000000 0.000000     1.267143     0.474937 
59332.603509 0.000000 0.000000     1.249567     0.474897 
59332.641119 0.000000 0.000000     1.230763     0.474856 
59332.678729 0.000000 0.000000     1.210753     0.474811 
59332.716339 0.000000 0.000000     1.189560     0.474762 
59332.753949 0.000000 0.000000     1.167210     0.474706 
59332.791559 0.000000 0.000000     1.143727     0.474642 
59332.829170 0.000000 0.000000     1.119141     0.474570 
59332.866780 0.000000 0.000000     1.093480     0.474487 
59332.904390 0.000000 0.000000     1.066774     0.474393 
59332.942000 0.000000 0.000000     1.039056     0.474287 
59332.979610 0.000000 0.000000     1.010358     0.474167 
59333.017220 0.000000 0.000000     0.980715     0.474032 
59333.054831 0.000000 0.000000     0.950161     0.473882 
59333.092441 0.000000 0.000000     0.918733     0.473715 
59333.130051 0.000000 0.000000     0.886469     0.473532 
59333.167661 0.000000 0.000000     0.853406     0.473330 
59333.205271 0.000000 0.000000     0.819585     0.473109 
59333.242881 0.000000 0.000000     0.785044     0.472870 
59333.280492 0.000000 0.000000     0.749827     0.472611 
59333.318102 0.000000 0.000000     0.713973     0.472331 
59333.355712 0.000000 0.000000     0.677525     0.472031 
59333.393322 0.000000 0.000000     0.640527     0.471711 
59333.430932 0.000000 0.000000     0.603022     0.471370 
59333.468542 0.000000 0.000000     0.565055     0.471008 
59333.506152 0.000000 0.000000     0.526669     0.470625 
59333.543763 0.000000 0.000000     0.487910     0.470221 
59333.581373 0.000000 0.000000     0.448824     0.469798 
59333.618983 0.000000 0.000000     0.409455     0.469354 
59333.656593 0.000000 0.000000     0.369850     0.468891 
59333.694203 0.000000 0.000000     0.330054     0.468410 
59333.731813 0.000000 0.000000     0.290114     0.467910 
59333.769424 0.000000 0.000000     0.250075     0.467393 
59333.807034 0.000000 0.000000     0.209984     0.466859 
59333.844644 0.000000 0.000000     0.169885     0.466311 
59333.882254 0.000000 0.000000     0.129826     0.465748 
59333.919864 0.000000 0.000000     0.089850     0.465173 
59333.957474 0.000000 0.000000     0.050004     0.464586 
59333.995084 0.000000 0.000000     0.010332     0.463989 
59334.032695 0.000000 0.000000    -0.029122     0.463385 
59334.070305 0.000000 0.000000    -0.068314     0.462774 
59334.107915 0.000000 0.000000    -0.107201     0.462159 
59334.145525 0.000000 0.000000    -0.145740     0.461541 
59334.183135 0.000000 0.000000    -0.183889     0.460923 
59334.220745 0.000000 0.000000    -0.221608     0.460307 
59334.258356 0.000000 0.000000    -0.258854     0.459696 
59334.295966 0.000000 0.000000    -0.295590     0.459091 
59334.333576 0.000000 0.000000    -0.331776     0.458495 
59334.371186 0.000000 0.000000    -0.367374     0.457911 
59334.408796 0.000000 0.000000    -0.402347     0.457342 
59334.446406 0.000000 0.000000    -0.436660     0.456790 
59334.484016 0.000000 0.000000    -0.470278     0.456257 
59334.521627 0.000000 0.000000    -0.503167     0.455747 
59334.559237 0.000000 0.000000    -0.535294     0.455263 
59334.596847 0.000000 0.000000    -0.566629     0.454807 
59334.634457 0.000000 0.000000    -0.597141     0.454381 
59334.672067 0.000000 0.000000    -0.626801     0.453990 
59334.709677 0.000000 0.000000    -0.655582     0.453635 
59334.747288 0.000000 0.000000    -0.683458     0.453319 
59334.784898 0.000000 0.000000    -0.710403     0.453045 
59334.822508 0.000000 0.000000    -0.736395     0.452815 
59334.860118 0.000000 0.000000    -0.761411     0.452631 
59334.897728 0.000000 0.000000    -0.785430     0.452496 
59334.935338 0.000000 0.000000    -0.808434     0.452411 
59334.972949 0.000000 0.000000    -0.830405     0.452379 
59335.010559 0.000000 0.000000    -0.851326     0.452401 
59335.048169 0.000000 0.000000    -0.871183     0.452478 
59335.085779 0.000000 0.000000    -0.889963     0.452612 
59335.123389 0.000000 0.000000    -0.907654     0.452804 
59335.160999 0.000000 0.000000    -0.924245     0.453054 
59335.198609 0.000000 0.000000    -0.939729     0.453363 
59335.236220 0.000000 0.000000    -0.954099     0.453731 
59335.273830 0.000000 0.000000    -0.967348     0.454157 
59335.311440 0.000000 0.000000    -0.979472     0.454643 
59335.349050 0.000000 0.000000    -0.990470     0.455186 
59335.386660 0.000000 0.000000    -1.000341     0.455786 
59335.424270 0.000000 0.000000    -1.009084     0.456442 
59335.461881 0.000000 0.000000    -1.016702     0.457153 
59335.499491 0.000000 0.000000    -1.023199     0.457916 
59335.537101 0.000000 0.000000    -1.028579     0.458730 
59335.574711 0.000000 0.000000    -1.032849     0.459594 
59335.612321 0.000000 0.000000    -1.036017     0.460503 
59335.649931 0.000000 0.000000    -1.038092     0.461457 
59335.687541 0.000000 0.000000    -1.039085     0.462452 
59335.725152 0.000000 0.000000    -1.039008     0.463486 
59335.762762 0.000000 0.000000    -1.037875     0.464555 
59335.800372 0.000000 0.000000    -1.035699     0.465657 
59335.837982 0.000000 0.000000    -1.032498     0.466789 
59335.875592 0.000000 0.000000    -1.028287     0.467947 
59335.913202 0.000000 0.000000    -1.023086     0.469127 
59335.950813 0.000000 0.000000    -1.016914     0.470328 
59335.988423 0.000000 0.000000    -1.009792     0.471545 
59336.026033 0.000000 0.000000    -1.001741     0.472775 
59336.063643 0.000000 0.000000    -0.992784     0.474015 
59336.101253 0.000000 0.000000    -0.982945     0.475261 
59336.138863 0.000000 0.000000    -0.972249     0.476511 
59336.176473 0.000000 0.000000    -0.960720     0.477761 
59336.214084 0.000000 0.000000    -0.948387     0.479009 
59336.251694 0.000000 0.000000    -0.935275     0.480251 
59336.289304 0.000000 0.000000    -0.921413     0.481485 
59336.326914 0.000000 0.000000    -0.906830     0.482707 
59336.364524 0.000000 0.000000    -0.891555     0.483917 
59336.402134 0.000000 0.000000    -0.875618     0.485110 
59336.439745 0.000000 0.000000    -0.859049     0.486285 
59336.477355 0.000000 0.000000    -0.841881     0.487440 
59336.514965 0.000000 0.000000    -0.824143     0.488573 
59336.552575 0.000000 0.000000    -0.805868     0.489682 
59336.590185 0.000000 0.000000    -0.787089     0.490766 
59336.627795 0.000000 0.000000    -0.767837     0.491823 
59336.665406 0.000000 0.000000    -0.748146     0.492852 
59336.703016 0.000000 0.000000    -0.728049     0.493852 
59336.740626 0.000000 0.000000    -0.707578     0.494822 
59336.778236 0.000000 0.000000    -0.686767     0.495762 
59336.815846 0.000000 0.000000    -0.665649     0.496671 
59336.853456 0.000000 0.000000    -0.644257     0.497549 
59336.891066 0.000000 0.000000    -0.622624     0.498397 
59336.928677 0.000000 0.000000    -0.600783     0.499214 
59336.966287 0.000000 0.000000    -0.578766     0.500000 
59337.003897 0.000000 0.000000    -0.556607     0.500757 
59337.041507 0.000000 0.000000    -0.534337     0.501485 
59337.079117 0.000000 0.000000    -0.511989     0.502185 
59337.116727 0.000000 0.000000    -0.489593     0.502858 
59337.154338 0.000000 0.000000    -0.467180     0.503505 
59337.191948 0.000000 0.000000    -0.444782     0.504129 
59337.229558 0.000000 0.000000    -0.422428     0.504731 
59337.267168 0.000000 0.000000    -0.400148     0.505312 
59337.304778 0.000000 0.000000    -0.377970     0.505874 
59337.342388 0.000000 0.000000    -0.355923     0.506421 
59337.379998 0.000000 0.000000    -0.334033     0.506953 
59337.417609 0.000000 0.000000    -0.312329     0.507474 
59337.455219 0.000000 0.000000    -0.290835     0.507986 
59337.492829 0.000000 0.000000    -0.269577     0.508491 
59337.530439 0.000000 0.000000    -0.248580     0.508992 
59337.568049 0.000000 0.000000    -0.227866     0.509493 
59337.605659 0.000000 0.000000    -0.207458     0.509995 
59337.643270 0.000000 0.000000    -0.187378     0.510501 
59337.680880 0.000000 0.000000    -0.167646     0.511015 
59337.718490 0.000000 0.000000    -0.148282     0.511539 
59337.756100 0.000000 0.000000    -0.129305     0.512076 
59337.793710 0.000000 0.000000    -0.110732     0.512629 
59337.831320 0.000000 0.000000    -0.092580     0.513200 
59337.868930 0.000000 0.000000    -0.074865     0.513792 
59337.906541 0.000000 0.000000    -0.057600     0.514407 
59337.944151 0.000000 0.000000    -0.040799     0.515047 
59337.981761 0.000000 0.000000    -0.024475     0.515716 
59338.019371 0.000000 0.000000    -0.008638     0.516414 
59338.056981 0.000000 0.000000     0.006702     0.517144 
59338.094591 0.000000 0.000000     0.021535     0.517907 
59338.132202 0.000000 0.000000     0.035854     0.518704 
59338.169812 0.000000 0.000000     0.049653     0.519537 
59338.207422 0.000000 0.000000     0.062926     0.520406 
59338.245032 0.000000 0.000000     0.075668     0.521313 
59338.282642 0.000000 0.000000     0.087877     0.522256 
59338.320252 0.000000 0.000000     0.099549     0.523237 
59338.357863 0.000000 0.000000     0.110686     0.524255 
59338.395473 0.000000 0.000000     0.121285     0.525309 
59338.433083 0.000000 0.000000     0.131349     0.526399 
59338.470693 0.000000 0.000000     0.140880     0.527523 
59338.508303 0.000000 0.000000     0.149881     0.528681 
59338.545913 0.000000 0.000000     0.158357     0.529870 
59338.583523 0.000000 0.000000     0.166312     0.531089 
59338.621134 0.000000 0.000000     0.173753     0.532335 
59338.658744 0.000000 0.000000     0.180688     0.533606 
59338.696354 0.000000 0.000000     0.187124     0.534899 
59338.733964 0.000000 0.000000     0.193071     0.536212 
59338.771574 0.000000 0.000000     0.198539     0.537541 
59338.809184 0.000000 0.000000     0.203539     0.538884 
59338.846795 0.000000 0.000000     0.208082     0.540236 
59338.884405 0.000000 0.000000     0.212181     0.541595 
59338.922015 0.000000 0.000000     0.215849     0.542957 
59338.959625 0.000000 0.000000     0.219101     0.544319 
59338.997235 0.000000 0.000000     0.221951     0.545675 
59339.034845 0.000000 0.000000     0.224414     0.547024 
59339.072455 0.000000 0.000000     0.226506     0.548360 
59339.110066 0.000000 0.000000     0.228244     0.549681 
59339.147676 0.000000 0.000000     0.229645     0.550981 
59339.185286 0.000000 0.000000     0.230726     0.552259 
59339.222896 0.000000 0.000000     0.231505     0.553508 
59339.260506 0.000000 0.000000     0.232002     0.554727 
59339.298116 0.000000 0.000000     0.232234     0.555911 
59339.335727 0.000000 0.000000     0.232220     0.557057 
59339.373337 0.000000 0.000000     0.231981     0.558162 
59339.410947 0.000000 0.000000     0.231535     0.559221 
59339.448557 0.000000 0.000000     0.230902     0.560232 
59339.486167 0.000000 0.000000     0.230103     0.561192 
59339.523777 0.000000 0.000000     0.229157     0.562097 
59339.561387 0.000000 0.000000     0.228084     0.562946 
59339.598998 0.000000 0.000000     0.226905     0.563735 
59339.636608 0.000000 0.000000     0.225640     0.564462 
59339.674218 0.000000 0.000000     0.224307     0.565124 
59339.711828 0.000000 0.000000     0.222929     0.565721 
59339.749438 0.000000 0.000000     0.221523     0.566249 
59339.787048 0.000000 0.000000     0.220110     0.566708 
59339.824659 0.000000 0.000000     0.218708     0.567095 
59339.862269 0.000000 0.000000     0.217337     0.567411 
59339.899879 0.000000 0.000000     0.216015     0.567653 
59339.937489 0.000000 0.000000     0.214760     0.567822 
59339.975099 0.000000 0.000000     0.213591     0.567916 
59340.012709 0.000000 0.000000     0.212524     0.567936 
59340.050320 0.000000 0.000000     0.211576     0.567882 
59340.087930 0.000000 0.000000     0.210764     0.567754 
59340.125540 0.000000 0.000000     0.210103     0.567554 
59340.163150 0.000000 0.000000     0.209609     0.567281 
59340.200760 0.000000 0.000000     0.209296     0.566938 
59340.238370 0.000000 0.000000     0.209177     0.566526 
59340.275980 0.000000 0.000000     0.209266     0.566047 
59340.313591 0.000000 0.000000     0.209576     0.565503 
59340.351201 0.000000 0.000000     0.210118     0.564897 
59340.388811 0.000000 0.000000     0.210902     0.564232 
59340.426421 0.000000 0.000000     0.211939     0.563512 
59340.464031 0.000000 0.000000     0.213239     0.562739 
59340.501641 0.000000 0.000000     0.214809     0.561919 
59340.539252 0.000000 0.000000     0.216658     0.561056 
59340.576862 0.000000 0.000000     0.218791     0.560153 
59340.614472 0.000000 0.000000     0.221215     0.559218 
59340.652082 0.000000 0.000000     0.223934     0.558254 
59340.689692 0.000000 0.000000     0.226952     0.557269 
59340.727302 0.000000 0.000000     0.230273     0.556267 
59340.764912 0.000000 0.000000     0.233898     0.555257 
59340.802523 0.000000 0.000000     0.237828     0.554244 
59340.840133 0.000000 0.000000     0.242064     0.553237 
59340.877743 0.000000 0.000000     0.246605     0.552241 
59340.915353 0.000000 0.000000     0.251448     0.551266 
59340.952963 0.000000 0.000000     0.256592     0.550319 
59340.990573 0.000000 0.000000     0.262032     0.549408 
59341.028184 0.000000 0.000000     0.267763     0.548541 
59341.065794 0.000000 0.000000     0.273781     0.547727 
59341.103404 0.000000 0.000000     0.280078     0.546974 
59341.141014 0.000000 0.000000     0.286647     0.546290 
59341.178624 0.000000 0.000000     0.293480     0.545684 
59341.216234 0.000000 0.000000     0.300566     0.545162 
59341.253844 0.000000 0.000000     0.307897     0.544734 
59341.291455 0.000000 0.000000     0.315461     0.544405 
59341.329065 0.000000 0.000000     0.323246     0.544184 
59341.366675 0.000000 0.000000     0.331239     0.544076 
59341.404285 0.000000 0.000000     0.339426     0.544087 
59341.441895 0.000000 0.000000     0.347794     0.544222 
59341.479505 0.000000 0.000000     0.356327     0.544487 
59341.517116 0.000000 0.000000     0.365009     0.544884 
59341.554726 0.000000 0.000000     0.373824     0.545416 
59341.592336 0.000000 0.000000     0.382755     0.546086 
59341.629946 0.000000 0.000000     0.391783     0.546894 
59341.667556 0.000000 0.000000     0.400890     0.547842 
59341.705166 0.000000 0.000000     0.410057     0.548927 
59341.742777 0.000000 0.000000     0.419265     0.550150 
59341.780387 0.000000 0.000000     0.428493     0.551506 
59341.817997 0.000000 0.000000     0.437721     0.552994 
59341.855607 0.000000 0.000000     0.446927     0.554609 
59341.893217 0.000000 0.000000     0.456091     0.556346 
59341.930827 0.000000 0.000000     0.465190     0.558199 
59341.968437 0.000000 0.000000     0.474203     0.560164 
59342.006048 0.000000 0.000000     0.483107     0.562232 
59342.043658 0.000000 0.000000     0.491880     0.564396 
59342.081268 0.000000 0.000000     0.500499     0.566650 
59342.118878 0.000000 0.000000     0.508941     0.568985 
59342.156488 0.000000 0.000000     0.517183     0.571393 
59342.194098 0.000000 0.000000     0.525202     0.573866 
59342.231709 0.000000 0.000000     0.532975     0.576394 
59342.269319 0.000000 0.000000     0.540480     0.578969 
59342.306929 0.000000 0.000000     0.547693     0.581583 
59342.344539 0.000000 0.000000     0.554592     0.584227 
59342.382149 0.000000 0.000000     0.561154     0.586892 
59342.419759 0.000000 0.000000     0.567356     0.589569 
59342.457369 0.000000 0.000000     0.573177     0.592251 
59342.494980 0.000000 0.000000     0.578596     0.594930 
59342.532590 0.000000 0.000000     0.583590     0.597596 
59342.570200 0.000000 0.000000     0.588138     0.600244 
59342.607810 0.000000 0.000000     0.592221     0.602864 
59342.645420 0.000000 0.000000     0.595817     0.605450 
59342.683030 0.000000 0.000000     0.598908     0.607996 
59342.720641 0.000000 0.000000     0.601475     0.610494 
59342.758251 0.000000 0.000000     0.603498     0.612938 
59342.795861 0.000000 0.000000     0.604961     0.615322 
59342.833471 0.000000 0.000000     0.605847     0.617640 
59342.871081 0.000000 0.000000     0.606139     0.619887 
59342.908691 0.000000 0.000000     0.605821     0.622058 
59342.946301 0.000000 0.000000     0.604879     0.624148 
59342.983912 0.000000 0.000000     0.603299     0.626151 
59343.021522 0.000000 0.000000     0.601068     0.628065 
59343.059132 0.000000 0.000000     0.598174     0.629885 
59343.096742 0.000000 0.000000     0.594605     0.631607 
59343.134352 0.000000 0.000000     0.590352     0.633227 
59343.171962 0.000000 0.000000     0.585404     0.634743 
59343.209573 0.000000 0.000000     0.579754     0.636152 
59343.247183 0.000000 0.000000     0.573395     0.637450 
59343.284793 0.000000 0.000000     0.566320     0.638635 
59343.322403 0.000000 0.000000     0.558523     0.639706 
59343.360013 0.000000 0.000000     0.550002     0.640660 
59343.397623 0.000000 0.000000     0.540752     0.641495 
59343.435234 0.000000 0.000000     0.530773     0.642210 
59343.472844 0.000000 0.000000     0.520063     0.642803 
59343.510454 0.000000 0.000000     0.508623     0.643274 
59343.548064 0.000000 0.000000     0.496454     0.643621 
59343.585674 0.000000 0.000000     0.483559     0.643844 
59343.623284 0.000000 0.000000     0.469942     0.643942 
59343.660894 0.000000 0.000000     0.455608     0.643915 
59343.698505 0.000000 0.000000     0.440563     0.643764 
59343.736115 0.000000 0.000000     0.424815     0.643487 
59343.773725 0.000000 0.000000     0.408372     0.643087 
59343.811335 0.000000 0.000000     0.391244     0.642562 
59343.848945 0.000000 0.000000     0.373441     0.641914 
59343.886555 0.000000 0.000000     0.354976     0.641143 
59343.924166 0.000000 0.000000     0.335862     0.640252 
59343.961776 0.000000 0.000000     0.316113     0.639241 
59343.999386 0.000000 0.000000     0.295744     0.638112 
59344.036996 0.000000 0.000000     0.274771     0.636866 
59344.074606 0.000000 0.000000     0.253213     0.635506 
59344.112216 0.000000 0.000000     0.231087     0.634033 
59344.149826 0.000000 0.000000     0.208413     0.632451 
59344.187437 0.000000 0.000000     0.185213     0.630761 
59344.225047 0.000000 0.000000     0.161506     0.628966 
59344.262657 0.000000 0.000000     0.137316     0.627070 
59344.300267 0.000000 0.000000     0.112666     0.625076 
59344.337877 0.000000 0.000000     0.087580     0.622986 
59344.375487 0.000000 0.000000     0.062084     0.620805 
59344.413098 0.000000 0.000000     0.036203     0.618537 
59344.450708 0.000000 0.000000     0.009964     0.616186 
59344.488318 0.000000 0.000000    -0.016606     0.613755 
59344.525928 0.000000 0.000000    -0.043478     0.611251 
59344.563538 0.000000 0.000000    -0.070624     0.608676 
59344.601148 0.000000 0.000000    -0.098014     0.606037 
59344.638758 0.000000 0.000000    -0.125619     0.603338 
59344.676369 0.000000 0.000000    -0.153407     0.600586 
59344.713979 0.000000 0.000000    -0.181348     0.597785 
59344.751589 0.000000 0.000000    -0.209411     0.594941 
59344.789199 0.000000 0.000000    -0.237563     0.592062 
59344.826809 0.000000 0.000000    -0.265772     0.589152 
59344.864419 0.000000 0.000000    -0.294006     0.586219 
59344.902030 0.000000 0.000000    -0.322232     0.583268 
59344.939640 0.000000 0.000000    -0.350417     0.580308 
59344.977250 0.000000 0.000000    -0.378528     0.577344 
59345.014860 0.000000 0.000000    -0.406532     0.574384 
59345.052470 0.000000 0.000000    -0.434396     0.571435 
59345.090080 0.000000 0.000000    -0.462086     0.568505 
59345.127691 0.000000 0.000000    -0.489569     0.565600 
59345.165301 0.000000 0.000000    -0.516812     0.562727 
59345.202911 0.000000 0.000000    -0.543782     0.559894 
59345.240521 0.000000 0.000000    -0.570447     0.557109 
59345.278131 0.000000 0.000000    -0.596774     0.554377 
59345.315741 0.000000 0.000000    -0.622730     0.551706 
59345.353351 0.000000 0.000000    -0.648285     0.549103 
59345.390962 0.000000 0.000000    -0.673407     0.546574 
59345.428572 0.000000 0.000000    -0.698064     0.544125 
59345.466182 0.000000 0.000000    -0.722227     0.541761 
59345.503792 0.000000 0.000000    -0.745866     0.539489 
59345.541402 0.000000 0.000000    -0.768952     0.537312 
59345.579012 0.000000 0.000000    -0.791455     0.535236 
59345.616623 0.000000 0.000000    -0.813349     0.533263 
59345.654233 0.000000 0.000000    -0.834606     0.531397 
59345.691843 0.000000 0.000000    -0.855200     0.529641 
59345.729453 0.000000 0.000000    -0.875105     0.527997 
59345.767063 0.000000 0.000000    -0.894298     0.526465 
59345.804673 0.000000 0.000000    -0.912753     0.525047 
59345.842283 0.000000 0.000000    -0.930450     0.523742 
59345.879894 0.000000 0.000000    -0.947365     0.522550 
59345.917504 0.000000 0.000000    -0.963480     0.521469 
59345.955114 0.000000 0.000000    -0.978773     0.520498 
59345.992724 0.000000 0.000000    -0.993226     0.519633 
59346.030334 0.000000 0.000000    -1.006823     0.518871 
59346.067944 0.000000 0.000000    -1.019547     0.518210 
59346.105555 0.000000 0.000000    -1.031384     0.517644 
59346.143165 0.000000 0.000000    -1.042319     0.517169 
59346.180775 0.000000 0.000000    -1.052340     0.516779 
59346.218385 0.000000 0.000000    -1.061436     0.516471 
59346.255995 0.000000 0.000000    -1.069597     0.516238 
59346.293605 0.000000 0.000000    -1.076815     0.516073 
59346.331215 0.000000 0.000000    -1.083083     0.515973 
59346.368826 0.000000 0.000000    -1.088394     0.515930 
59346.406436 0.000000 0.000000    -1.092744     0.515938 
59346.444046 0.000000 0.000000    -1.096130     0.515992 
59346.481656 0.000000 0.000000    -1.098550     0.516085 
59346.519266 0.000000 0.000000    -1.100004     0.516212 
59346.556876 0.000000 0.000000    -1.100492     0.516367 
59346.594487 0.000000 0.000000    -1.100018     0.516544 
59346.632097 0.000000 0.000000    -1.098584     0.516738 
59346.669707 0.000000 0.000000    -1.096197     0.516944 
59346.707317 0.000000 0.000000    -1.092863     0.517158 
59346.744927 0.000000 0.000000    -1.088589     0.517374 
59346.782537 0.000000 0.000000    -1.083384     0.517589 
59346.820148 0.000000 0.000000    -1.077261     0.517798 
59346.857758 0.000000 0.000000    -1.070229     0.517998 
59346.895368 0.000000 0.000000    -1.062304     0.518185 
59346.932978 0.000000 0.000000    -1.053499     0.518358 
59346.970588 0.000000 0.000000    -1.043830     0.518512 
59347.008198 0.000000 0.000000    -1.033315     0.518646 
59347.045808 0.000000 0.000000    -1.021972     0.518757 
59347.083419 0.000000 0.000000    -1.009820     0.518845 
59347.121029 0.000000 0.000000    -0.996880     0.518907 
59347.158639 0.000000 0.000000    -0.983175     0.518943 
59347.196249 0.000000 0.000000    -0.968727     0.518952 
59347.233859 0.000000 0.000000    -0.953560     0.518933 
59347.271469 0.000000 0.000000    -0.937700     0.518886 
59347.309080 0.000000 0.000000    -0.921173     0.518813 
59347.346690 0.000000 0.000000    -0.904006     0.518711 
59347.384300 0.000000 0.000000    -0.886227     0.518584 
59347.421910 0.000000 0.000000    -0.867866     0.518430 
59347.459520 0.000000 0.000000    -0.848951     0.518252 
59347.497130 0.000000 0.000000    -0.829515     0.518051 
59347.534740 0.000000 0.000000    -0.809588     0.517828 
59347.572351 0.000000 0.000000    -0.789203     0.517584 
59347.609961 0.000000 0.000000    -0.768391     0.517323 
59347.647571 0.000000 0.000000    -0.747188     0.517044 
59347.685181 0.000000 0.000000    -0.725626     0.516751 
59347.722791 0.000000 0.000000    -0.703740     0.516446 
59347.760401 0.000000 0.000000    -0.681566     0.516131 
59347.798012 0.000000 0.000000    -0.659138     0.515809 
59347.835622 0.000000 0.000000    -0.636492     0.515480 
59347.873232 0.000000 0.000000    -0.613664     0.515149 
59347.910842 0.000000 0.000000    -0.590690     0.514818 
59347.948452 0.000000 0.000000    -0.567607     0.514488 
59347.986062 0.000000 0.000000    -0.544451     0.514162 
59348.023672 0.000000 0.000000    -0.521258     0.513843 
59348.061283 0.000000 0.000000    -0.498066     0.513533 
59348.098893 0.000000 0.000000    -0.474911     0.513234 
59348.136503 0.000000 0.000000    -0.451828     0.512947 
59348.174113 0.000000 0.000000    -0.428854     0.512676 
59348.211723 0.000000 0.000000    -0.406026     0.512421 
59348.249333 0.000000 0.000000    -0.383379     0.512185 
59348.286944 0.000000 0.000000    -0.360947     0.511969 
59348.324554 0.000000 0.000000    -0.338767     0.511773 
59348.362164 0.000000 0.000000    -0.316872     0.511601 
59348.399774 0.000000 0.000000    -0.295296     0.511451 
59348.437384 0.000000 0.000000    -0.274074     0.511326 
59348.474994 0.000000 0.000000    -0.253237     0.511225 
59348.512605 0.000000 0.000000    -0.232817     0.511149 
59348.550215 0.000000 0.000000    -0.212847     0.511098 
59348.587825 0.000000 0.000000    -0.193356     0.511072 
59348.625435 0.000000 0.000000    -0.174374     0.511071 
59348.663045 0.000000 0.000000    -0.155931     0.511094 
59348.700655 0.000000 0.000000    -0.138054     0.511141 
59348.738265 0.000000 0.000000    -0.120770     0.511210 
59348.775876 0.000000 0.000000    -0.104105     0.511301 
59348.813486 0.000000 0.000000    -0.088084     0.511413 
59348.851096 0.000000 0.000000    -0.072731     0.511543 
59348.888706 0.000000 0.000000    -0.058068     0.511692 
59348.926316 0.000000 0.000000    -0.044117     0.511856 
59348.963926 0.000000 0.000000    -0.030898     0.512035 
59349.001537 0.000000 0.000000    -0.018431     0.512226 
59349.039147 0.000000 0.000000    -0.006732     0.512428 
59349.076757 0.000000 0.000000     0.004181     0.512638 
59349.114367 0.000000 0.000000     0.014294     0.512855 
59349.151977 0.000000 0.000000     0.023592     0.513077 
59349.189587 0.000000 0.000000     0.032064     0.513301 
59349.227197 0.000000 0.000000     0.039699     0.513526 
59349.264808 0.000000 0.000000     0.046486     0.513749 
59349.302418 0.000000 0.000000     0.052419     0.513968 
59349.340028 0.000000 0.000000     0.057489     0.514182 
59349.377638 0.000000 0.000000     0.061694     0.514388 
59349.415248 0.000000 0.000000     0.065028     0.514585 
59349.452858 0.000000 0.000000     0.067489     0.514771 
59349.490469 0.000000 0.000000     0.069078     0.514944 
59349.528079 0.000000 0.000000     0.069794     0.515102 
59349.565689 0.000000 0.000000     0.069641     0.515245 
59349.603299 0.000000 0.000000     0.068622     0.515371 
59349.640909 0.000000 0.000000     0.066742     0.515478 
59349.678519 0.000000 0.000000     0.064009     0.515566 
59349.716129 0.000000 0.000000     0.060431     0.515634 
59349.753740 0.000000 0.000000     0.056018     0.515681 
59349.791350 0.000000 0.000000     0.050781     0.515706 
59349.828960 0.000000 0.000000     0.044733     0.515709 
59349.866570 0.000000 0.000000     0.037888     0.515689 
59349.904180 0.000000 0.000000     0.030262     0.515647 
59349.941790 0.000000 0.000000     0.021871     0.515582 
59349.979401 0.000000 0.000000     0.012735     0.515494 
59350.017011 0.000000 0.000000     0.002873     0.515384 
59350.054621 0.000000 0.000000    -0.007694     0.515253 
59350.092231 0.000000 0.000000    -0.018944     0.515101 
59350.129841 0.000000 0.000000    -0.030853     0.514928 
59350.167451 0.000000 0.000000    -0.043396     0.514736 
59350.205062 0.000000 0.000000    -0.056548     0.514525 
59350.242672 0.000000 0.000000    -0.070281     0.514298 
59350.280282 0.000000 0.000000    -0.084568     0.514054 
59350.317892 0.000000 0.000000    -0.099378     0.513796 
59350.355502 0.000000 0.000000    -0.114682     0.513525 
59350.393112 0.000000 0.000000    -0.130449     0.513244 
59350.430722 0.000000 0.000000    -0.146646     0.512952 
59350.468333 0.000000 0.000000    -0.163240     0.512653 
59350.505943 0.000000 0.000000    -0.180199     0.512349 
59350.543553 0.000000 0.000000    -0.197486     0.512040 
59350.581163 0.000000 0.000000    -0.215068     0.511730 
59350.618773 0.000000 0.000000    -0.232908     0.511421 
59350.656383 0.000000 0.000000    -0.250969     0.511113 
59350.693994 0.000000 0.000000    -0.269215     0.510810 
59350.731604 0.000000 0.000000    -0.287609     0.510514 
59350.769214 0.000000 0.000000    -0.306112     0.510226 
59350.806824 0.000000 0.000000    -0.324686     0.509949 
59350.844434 0.000000 0.000000    -0.343292     0.509685 
59350.882044 0.000000 0.000000    -0.361892     0.509435 
59350.919654 0.000000 0.000000    -0.380447     0.509202 
59350.957265 0.000000 0.000000    -0.398918     0.508986 
59350.994875 0.000000 0.000000    -0.417266     0.508791 
59351.032485 0.000000 0.000000    -0.435451     0.508617 
59351.070095 0.000000 0.000000    -0.453434     0.508465 
59351.107705 0.000000 0.000000    -0.471177     0.508338 
59351.145315 0.000000 0.000000    -0.488641     0.508235 
59351.182926 0.000000 0.000000    -0.505788     0.508159 
59351.220536 0.000000 0.000000    -0.522578     0.508109 
59351.258146 0.000000 0.000000    -0.538976     0.508087 
59351.295756 0.000000 0.000000    -0.554942     0.508093 
59351.333366 0.000000 0.000000    -0.570441     0.508127 
59351.370976 0.000000 0.000000    -0.585436     0.508189 
59351.408586 0.000000 0.000000    -0.599893     0.508279 
59351.446197 0.000000 0.000000    -0.613774     0.508397 
59351.483807 0.000000 0.000000    -0.627048     0.508542 
59351.521417 0.000000 0.000000    -0.639680     0.508714 
59351.559027 0.000000 0.000000    -0.651638     0.508911 
59351.596637 0.000000 0.000000    -0.662889     0.509134 
59351.634247 0.000000 0.000000    -0.673405     0.509379 
59351.671858 0.000000 0.000000    -0.683154     0.509647 
59351.709468 0.000000 0.000000    -0.692109     0.509936 
59351.747078 0.000000 0.000000    -0.700241     0.510243 
59351.784688 0.000000 0.000000    -0.707526     0.510568 
59351.822298 0.000000 0.000000    -0.713937     0.510909 
59351.859908 0.000000 0.000000    -0.719450     0.511263 
59351.897519 0.000000 0.000000    -0.724044     0.511628 
59351.935129 0.000000 0.000000    -0.727697     0.512003 
59351.972739 0.000000 0.000000    -0.730388     0.512384 
59352.010349 0.000000 0.000000    -0.732101     0.512771 
59352.047959 0.000000 0.000000    -0.732817     0.513161 
59352.085569 0.000000 0.000000    -0.732521     0.513550 
59352.123179 0.000000 0.000000    -0.731199     0.513938 
59352.160790 0.000000 0.000000    -0.728838     0.514321 
59352.198400 0.000000 0.000000    -0.725428     0.514698 
59352.236010 0.000000 0.000000    -0.720959     0.515066 
59352.273620 0.000000 0.000000    -0.715424     0.515423 
59352.311230 0.000000 0.000000    -0.708815     0.515767 
59352.348840 0.000000 0.000000    -0.701129     0.516095 
59352.386451 0.000000 0.000000    -0.692362     0.516406 
59352.424061 0.000000 0.000000    -0.682513     0.516697 
59352.461671 0.000000 0.000000    -0.671583     0.516967 
59352.499281 0.000000 0.000000    -0.659573     0.517214 
59352.536891 0.000000 0.000000    -0.646488     0.517435 
59352.574501 0.000000 0.000000    -0.632332     0.517630 
59352.612111 0.000000 0.000000    -0.617112     0.517797 
59352.649722 0.000000 0.000000    -0.600837     0.517934 
59352.687332 0.000000 0.000000    -0.583518     0.518040 
59352.724942 0.000000 0.000000    -0.565166     0.518114 
59352.762552 0.000000 0.000000    -0.545795     0.518155 
59352.800162 0.000000 0.000000    -0.525419     0.518161 
59352.837772 0.000000 0.000000    -0.504057     0.518132 
59352.875383 0.000000 0.000000    -0.481726     0.518067 
59352.912993 0.000000 0.000000    -0.458445     0.517966 
59352.950603 0.000000 0.000000    -0.434237     0.517827 
59352.988213 0.000000 0.000000    -0.409124     0.517651 
59353.025823 0.000000 0.000000    -0.383131     0.517438 
59353.063433 0.000000 0.000000    -0.356283     0.517187 
59353.101043 0.000000 0.000000    -0.328608     0.516897 
59353.138654 0.000000 0.000000    -0.300134     0.516571 
59353.176264 0.000000 0.000000    -0.270891     0.516207 
59353.213874 0.000000 0.000000    -0.240910     0.515805 
59353.251484 0.000000 0.000000    -0.210224     0.515367 
59353.289094 0.000000 0.000000    -0.178867     0.514893 
59353.326704 0.000000 0.000000    -0.146872     0.514384 
59353.364315 0.000000 0.000000    -0.114277     0.513841 
59353.401925 0.000000 0.000000    -0.081118     0.513263 
59353.439535 0.000000 0.000000    -0.047434     0.512653 
59353.477145 0.000000 0.000000    -0.013262     0.512012 
59353.514755 0.000000 0.000000     0.021357     0.511341 
59353.552365 0.000000 0.000000     0.056382     0.510640 
59353.589976 0.000000 0.000000     0.091772     0.509912 
59353.627586 0.000000 0.000000     0.127485     0.509158 
59353.665196 0.000000 0.000000     0.163478     0.508380 
59353.702806 0.000000 0.000000     0.199706     0.507579 
59353.740416 0.000000 0.000000     0.236127     0.506757 
59353.778026 0.000000 0.000000     0.272696     0.505915 
59353.815636 0.000000 0.000000     0.309368     0.505056 
59353.853247 0.000000 0.000000     0.346097     0.504181 
59353.890857 0.000000 0.000000     0.382837     0.503293 
59353.928467 0.000000 0.000000     0.419544     0.502392 
59353.966077 0.000000 0.000000     0.456171     0.501483 
59354.003687 0.000000 0.000000     0.492671     0.500565 
59354.041297 0.000000 0.000000     0.528999     0.499641 
59354.078908 0.000000 0.000000     0.565109     0.498714 
59354.116518 0.000000 0.000000     0.600955     0.497785 
59354.154128 0.000000 0.000000     0.636490     0.496857 
59354.191738 0.000000 0.000000     0.671670     0.495931 
59354.229348 0.000000 0.000000     0.706448     0.495010 
59354.266958 0.000000 0.000000     0.740780     0.494095 
59354.304568 0.000000 0.000000     0.774622     0.493188 
59354.342179 0.000000 0.000000     0.807929     0.492291 
59354.379789 0.000000 0.000000     0.840658     0.491407 
59354.417399 0.000000 0.000000     0.872766     0.490536 
59354.455009 0.000000 0.000000     0.904211     0.489681 
59354.492619 0.000000 0.000000     0.934951     0.488843 
59354.530229 0.000000 0.000000     0.964947     0.488024 
59354.567840 0.000000 0.000000     0.994157     0.487225 
59354.605450 0.000000 0.000000     1.022544     0.486447 
59354.643060 0.000000 0.000000     1.050069     0.485693 
59354.680670 0.000000 0.000000     1.076696     0.484962 
59354.718280 0.000000 0.000000     1.102388     0.484256 
59354.755890 0.000000 0.000000     1.127112     0.483576 
59354.793500 0.000000 0.000000     1.150833     0.482922 
59354.831111 0.000000 0.000000     1.173520     0.482296 
59354.868721 0.000000 0.000000     1.195141     0.481698 
59354.906331 0.000000 0.000000     1.215668     0.481128 
59354.943941 0.000000 0.000000     1.235071     0.480586 
59354.981551 0.000000 0.000000     1.253324     0.480073 
59355.019161 0.000000 0.000000     1.270401     0.479590 
59355.056772 0.000000 0.000000     1.286279     0.479134 
59355.094382 0.000000 0.000000     1.300936     0.478708 
59355.131992 0.000000 0.000000     1.314349     0.478309 
59355.169602 0.000000 0.000000     1.326501     0.477939 
59355.207212 0.000000 0.000000     1.337373     0.477595 
59355.244822 0.000000 0.000000     1.346949     0.477278 
59355.282433 0.000000 0.000000     1.355216     0.476987 
59355.320043 0.000000 0.000000     1.362159     0.476721 
59355.357653 0.000000 0.000000     1.367770     0.476478 
59355.395263 0.000000 0.000000     1.372037     0.476259 
59355.432873 0.000000 0.000000     1.374953     0.476062 
59355.470483 0.000000 0.000000     1.376513     0.475885 
59355.508093 0.000000 0.000000     1.376713     0.475727 
59355.545704 0.000000 0.000000     1.375550     0.475587 
59355.583314 0.000000 0.000000     1.373023     0.475464 
59355.620924 0.000000 0.000000     1.369134     0.475357 
59355.658534 0.000000 0.000000     1.363886     0.475263 
59355.696144 0.000000 0.000000     1.357282     0.475181 
59355.733754 0.000000 0.000000     1.349331     0.475111 
59355.771365 0.000000 0.000000     1.340039     0.475049 
59355.808975 0.000000 0.000000     1.329416     0.474995 
59355.846585 0.000000 0.000000     1.317475     0.474948 
59355.884195 0.000000 0.000000     1.304228     0.474905 
59355.921805 0.000000 0.000000     1.289689     0.474865 
59355.959415 0.000000 0.000000     1.273877     0.474827 
59355.997025 0.000000 0.000000     1.256808     0.474789 
59356.034636 0.000000 0.000000     1.238502     0.474749 
59356.072246 0.000000 0.000000     1.218981     0.474707 
59356.109856 0.000000 0.000000     1.198267     0.474660 
59356.147466 0.000000 0.000000     1.176385     0.474607 
59356.185076 0.000000 0.000000     1.153360     0.474548 
59356.222686 0.000000 0.000000     1.129220     0.474480 
59356.260297 0.000000 0.000000     1.103993     0.474402 
59356.297907 0.000000 0.000000     1.077709     0.474313 
59356.335517 0.000000 0.000000     1.050399     0.474213 
59356.373127 0.000000 0.000000     1.022096     0.474099 
59356.410737 0.000000 0.000000     0.992833     0.473971 
59356.448347 0.000000 0.000000     0.962645     0.473828 
59356.485957 0.000000 0.000000     0.931569     0.473669 
59356.523568 0.000000 0.000000     0.899640     0.473493 
59356.561178 0.000000 0.000000     0.866897     0.473299 
59356.598788 0.000000 0.000000     0.833379     0.473087 
59356.636398 0.000000 0.000000     0.799126     0.472856 
59356.674008 0.000000 0.000000     0.764179     0.472606 
59356.711618 0.000000 0.000000     0.728578     0.472335 
59356.749229 0.000000 0.000000     0.692366     0.472045 
59356.786839 0.000000 0.000000     0.655586     0.471734 
59356.824449 0.000000 0.000000     0.618282     0.471402 
59356.862059 0.000000 0.000000     0.580496     0.471049 
59356.899669 0.000000 0.000000     0.542274     0.470676 
59356.937279 0.000000 0.000000     0.503661     0.470282 
59356.974890 0.000000 0.000000     0.464701     0.469868 
59357.012500 0.000000 0.000000     0.425441     0.469434 
59357.050110 0.000000 0.000000     0.385925     0.468980 
59357.087720 0.000000 0.000000     0.346200     0.468508 
59357.125330 0.000000 0.000000     0.306311     0.468017 
59357.162940 0.000000 0.000000     0.266306     0.467508 
59357.200550 0.000000 0.000000     0.226229     0.466983 
59357.238161 0.000000 0.000000     0.186126     0.466443 
59357.275771 0.000000 0.000000     0.146044     0.465888 
59357.313381 0.000000 0.000000     0.106027     0.465319 
59357.350991 0.000000 0.000000     0.066121     0.464739 
59357.388601 0.000000 0.000000     0.026371     0.464149 
59357.426211 0.000000 0.000000    -0.013179     0.463550 
59357.463822 0.000000 0.000000    -0.052485     0.462944 
59357.501432 0.000000 0.000000    -0.091504     0.462333 
59357.539042 0.000000 0.000000    -0.130191     0.461719 
59357.576652 0.000000 0.000000    -0.168506     0.461103 
59357.614262 0.000000 0.000000    -0.206407     0.460489 
59357.651872 0.000000 0.000000    -0.243853     0.459879 
59357.689482 0.000000 0.000000    -0.280803     0.459274 
59357.727093 0.000000 0.000000    -0.317220     0.458677 
59357.764703 0.000000 0.000000    -0.353064     0.458092 
59357.802313 0.000000 0.000000    -0.388298     0.457520 
59357.839923 0.000000 0.000000    -0.422886     0.456963 
59357.877533 0.000000 0.000000    -0.456794     0.456426 
59357.915143 0.000000 0.000000    -0.489985     0.455911 
59357.952754 0.000000 0.000000    -0.522429     0.455419 
59357.990364 0.000000 0.000000    -0.554092     0.454955 
59358.027974 0.000000 0.000000    -0.584945     0.454521 
59358.065584 0.000000 0.000000    -0.614958     0.454120 
59358.103194 0.000000 0.000000    -0.644102     0.453754 
59358.140804 0.000000 0.000000    -0.672352     0.453426 
59358.178414 0.000000 0.000000    -0.699681     0.453139 
59358.216025 0.000000 0.000000    -0.726066     0.452895 
59358.253635 0.000000 0.000000    -0.751484     0.452696 
59358.291245 0.000000 0.000000    -0.775914     0.452546 
59358.328855 0.000000 0.000000    -0.799336     0.452445 
59358.366465 0.000000 0.000000    -0.821731     0.452396 
59358.404075 0.000000 0.000000    -0.843084     0.452400 
59358.441686 0.000000 0.000000    -0.863378     0.452459 
59358.479296 0.000000 0.000000    -0.882600     0.452575 
59358.516906 0.000000 0.000000    -0.900738     0.452747 
59358.554516 0.000000 0.000000    -0.917780     0.452978 
59358.592126 0.000000 0.000000    -0.933718     0.453268 
59358.629736 0.000000 0.000000    -0.948544     0.453616 
59358.667347 0.000000 0.000000    -0.962252     0.454024 
59358.704957 0.000000 0.000000    -0.974837     0.454490 
59358.742567 0.000000 0.000000    -0.986295     0.455014 
59358.780177 0.000000 0.000000    -0.996627     0.455596 
59358.817787 0.000000 0.000000    -1.005830     0.456234 
59358.855397 0.000000 0.000000    -1.013908     0.456927 
59358.893007 0.000000 0.000000    -1.020862     0.457674 
59358.930618 0.000000 0.000000    -1.026698     0.458472 
59358.968228 0.000000 0.000000    -1.031421     0.459320 
59359.005838 0.000000 0.000000    -1.035038     0.460215 
59359.043448 0.000000 0.000000    -1.037558     0.461156 
59359.081058 0.000000 0.000000    -1.038992     0.462139 
59359.118668 0.000000 0.000000    -1.039350     0.463161 
59359.156279 0.000000 0.000000    -1.038646     0.464221 
59359.193889 0.000000 0.000000    -1.036894     0.465314 
59359.231499 0.000000 0.000000    -1.034110     0.466438 
59359.269109 0.000000 0.000000    -1.030309     0.467590 
59359.306719 0.000000 0.000000    -1.025509     0.468765 
59359.344329 0.000000 0.000000    -1.019731     0.469962 
59359.381939 0.000000 0.000000    -1.012994     0.471176 
59359.419550 0.000000 0.000000    -1.005319     0.472405 
59359.457160 0.000000 0.000000    -0.996729     0.473645 
59359.494770 0.000000 0.000000    -0.987246     0.474893 
59359.532380 0.000000 0.000000    -0.976896     0.476145 
59359.569990 0.000000 0.000000    -0.965704     0.477399 
59359.607600 0.000000 0.000000    -0.953695     0.478652 
59359.645211 0.000000 0.000000    -0.940897     0.479900 
59359.682821 0.000000 0.000000    -0.927337     0.481141 
59359.720431 0.000000 0.000000    -0.913044     0.482372 
59359.758041 0.000000 0.000000    -0.898046     0.483591 
59359.795651 0.000000 0.000000    -0.882375     0.484794 
59359.833261 0.000000 0.000000    -0.866059     0.485980 
59359.870871 0.000000 0.000000    -0.849130     0.487147 
59359.908482 0.000000 0.000000    -0.831620     0.488292 
59359.946092 0.000000 0.000000    -0.813559     0.489414 
59359.983702 0.000000 0.000000    -0.794980     0.490512 
59360.021312 0.000000 0.000000    -0.775916     0.491583 
59360.058922 0.000000 0.000000    -0.756399     0.492626 
59360.096532 0.000000 0.000000    -0.736462     0.493641 
59360.134143 0.000000 0.000000    -0.716138     0.494627 
59360.171753 0.000000 0.000000    -0.695460     0.495582 
59360.209363 0.000000 0.000000    -0.674461     0.496507 
59360.246973 0.000000 0.000000    -0.653175     0.497401 
59360.284583 0.000000 0.000000    -0.631634     0.498263 
59360.322193 0.000000 0.000000    -0.609872     0.499096 
59360.359804 0.000000 0.000000    -0.587921     0.499897 
59360.397414 0.000000 0.000000    -0.565814     0.500669 
59360.435024 0.000000 0.000000    -0.543584     0.501411 
59360.472634 0.000000 0.000000    -0.521261     0.502125 
59360.510244 0.000000 0.000000    -0.498878     0.502811 
59360.547854 0.000000 0.000000    -0.476466     0.503472 
59360.585464 0.000000 0.000000    -0.454056     0.504107 
59360.623075 0.000000 0.000000    -0.431678     0.504720 
59360.660685 0.000000 0.000000    -0.409362     0.505312 
59360.698295 0.000000 0.000000    -0.387136     0.505884 
59360.735905 0.000000 0.000000    -0.365029     0.506439 
59360.773515 0.000000 0.000000    -0.343070     0.506979 
59360.811125 0.000000 0.000000    -0.321284     0.507506 
59360.848736 0.000000 0.000000    -0.299698     0.508023 
59360.886346 0.000000 0.000000    -0.278338     0.508533 
59360.923956 0.000000 0.000000    -0.257228     0.509037 
59360.961566 0.000000 0.000000    -0.236393     0.509539 
59360.999176 0.000000 0.000000    -0.215854     0.510042 
59361.036786 0.000000 0.000000    -0.195635     0.510548 
59361.074396 0.000000 0.000000    -0.175756     0.511060 
59361.112007 0.000000 0.000000    -0.156236     0.511581 
59361.149617 0.000000 0.000000    -0.137096     0.512113 
59361.187227 0.000000 0.000000    -0.118353     0.512660 
59361.224837 0.000000 0.000000    -0.100024     0.513224 
59361.262447 0.000000 0.000000    -0.082125     0.513807 
59361.300057 0.000000 0.000000    -0.064672     0.514413 
59361.337668 0.000000 0.000000    -0.047677     0.515044 
59361.375278 0.000000 0.000000    -0.031153     0.515701 
59361.412888 0.000000 0.000000    -0.015113     0.516387 
59361.450498 0.000000 0.000000     0.000434     0.517103 
59361.488108 0.000000 0.000000     0.015478     0.517852 
59361.525718 0.000000 0.000000     0.030011     0.518635 
59361.563328 0.000000 0.000000     0.044027     0.519453 
59361.600939 0.000000 0.000000     0.057518     0.520306 
59361.638549 0.000000 0.000000     0.070480     0.521197 
59361.676159 0.000000 0.000000     0.082910     0.522124 
59361.713769 0.000000 0.000000     0.094805     0.523088 
59361.751379 0.000000 0.000000     0.106164     0.524090 
59361.788989 0.000000 0.000000     0.116985     0.525128 
59361.826600 0.000000 0.000000     0.127271     0.526202 
59361.864210 0.000000 0.000000     0.137022     0.527311 
59361.901820 0.000000 0.000000     0.146242     0.528454 
59361.939430 0.000000 0.000000     0.154935     0.529628 
59361.977040 0.000000 0.000000     0.163104     0.530833 
59362.014650 0.000000 0.000000     0.170758     0.532066 
59362.052261 0.000000 0.000000     0.177901     0.533325 
59362.089871 0.000000 0.000000     0.184543     0.534608 
59362.127481 0.000000 0.000000     0.190691     0.535911 
59362.165091 0.000000 0.000000     0.196356     0.537232 
59362.202701 0.000000 0.000000     0.201548     0.538567 
59362.240311 0.000000 0.000000     0.206279     0.539914 
59362.277921 0.000000 0.000000     0.210560     0.541268 
59362.315532 0.000000 0.000000     0.214406     0.542627 
59362.353142 0.000000 0.000000     0.217828     0.543987 
59362.390752 0.000000 0.000000     0.220842     0.545343 
59362.428362 0.000000 0.000000     0.223464     0.546693 
59362.465972 0.000000 0.000000     0.225707     0.548033 
59362.503582 0.000000 0.000000     0.227590     0.549358 
59362.541193 0.000000 0.000000     0.229128     0.550665 
59362.578803 0.000000 0.000000     0.230340     0.551950 
59362.616413 0.000000 0.000000     0.231242     0.553209 
59362.654023 0.000000 0.000000     0.231854     0.554439 
59362.691633 0.000000 0.000000     0.232193     0.555636 
59362.729243 0.000000 0.000000     0.232279     0.556796 
59362.766853 0.000000 0.000000     0.232130     0.557916 
59362.804464 0.000000 0.000000     0.231768     0.558992 
59362.842074 0.000000 0.000000     0.231210     0.560022 
59362.879684 0.000000 0.000000     0.230478     0.561001 
59362.917294 0.000000 0.000000     0.229590     0.561928 
59362.954904 0.000000 0.000000     0.228568     0.562798 
59362.992514 0.000000 0.000000     0.227430     0.563611 
59363.030125 0.000000 0.000000     0.226198     0.564362 
59363.067735 0.000000 0.000000     0.224892     0.565050 
59363.105345 0.000000 0.000000     0.223530     0.565673 
59363.142955 0.000000 0.000000     0.222133     0.566228 
59363.180565 0.000000 0.000000     0.220721     0.566715 
59363.218175 0.000000 0.000000     0.219312     0.567131 
59363.255785 0.000000 0.000000     0.217926     0.567475 
59363.293396 0.000000 0.000000     0.216582     0.567747 
59363.331006 0.000000 0.000000     0.215297     0.567945 
59363.368616 0.000000 0.000000     0.214090     0.568070 
59363.406226 0.000000 0.000000     0.212979     0.568120 
59363.443836 0.000000 0.000000     0.211980     0.568096 
59363.481446 0.000000 0.000000     0.211110     0.567998 
59363.519057 0.000000 0.000000     0.210384     0.567828 
59363.556667 0.000000 0.000000     0.209819     0.567585 
59363.594277 0.000000 0.000000     0.209429     0.567271 
59363.631887 0.000000 0.000000     0.209228     0.566887 
59363.669497 0.000000 0.000000     0.209229     0.566435 
59363.707107 0.000000 0.000000     0.209446     0.565918 
59363.744718 0.000000 0.000000     0.209890     0.565339 
59363.782328 0.000000 0.000000     0.210572     0.564698 
59363.819938 0.000000 0.000000     0.211503     0.564001 
59363.857548 0.000000 0.000000     0.212693     0.563251 
59363.895158 0.000000 0.000000     0.214149     0.562451 
59363.932768 0.000000 0.000000     0.215881     0.561606 
59363.970378 0.000000 0.000000     0.217895     0.560720 
59364.007989 0.000000 0.000000     0.220197     0.559799 
59364.045599 0.000000 0.000000     0.222792     0.558848 
59364.083209 0.000000 0.000000     0.225685     0.557872 
59364.120819 0.000000 0.000000     0.228879     0.556878 
59364.158429 0.000000 0.000000     0.232377     0.555872 
59364.196039 0.000000 0.000000     0.236180     0.554862 
59364.233650 0.000000 0.000000     0.240288     0.553853 
59364.271260 0.000000 0.000000     0.244701     0.552853 
59364.308870 0.000000 0.000000     0.249418     0.551871 
59364.346480 0.000000 0.000000     0.254436     0.550913 
59364.384090 0.000000 0.000000     0.259752     0.549988 
59364.421700 0.000000 0.000000     0.265362     0.549104 
59364.459310 0.000000 0.000000     0.271260     0.548269 
59364.496921 0.000000 0.000000     0.277440     0.547492 
59364.534531 0.000000 0.000000     0.283895     0.546780 
59364.572141 0.000000 0.000000     0.290618     0.546143 
59364.609751 0.000000 0.000000     0.297598     0.545587 
59364.647361 0.000000 0.000000     0.304827     0.545120 
59364.684971 0.000000 0.000000     0.312293     0.544751 
59364.722582 0.000000 0.000000     0.319985     0.544486 
59364.760192 0.000000 0.000000     0.327891     0.544332 
59364.797802 0.000000 0.000000     0.335997     0.544294 
59364.835412 0.000000 0.000000     0.344289     0.544379 
59364.873022 0.000000 0.000000     0.352752     0.544590 
59364.910632 0.000000 0.000000     0.361372     0.544932 
59364.948242 0.000000 0.000000     0.370131     0.545409 
59364.985853 0.000000 0.000000     0.379012     0.546022 
59365.023463 0.000000 0.000000     0.387999     0.546773 
59365.061073 0.000000 0.000000     0.397072     0.547662 
59365.098683 0.000000 0.000000     0.406213     0.548691 
59365.136293 0.000000 0.000000     0.415403     0.549856 
59365.173903 0.000000 0.000000     0.424621     0.551156 
59365.211514 0.000000 0.000000     0.433848     0.552589 
59365.249124 0.000000 0.000000     0.443062     0.554151 
59365.286734 0.000000 0.000000     0.452242     0.555836 
59365.324344 0.000000 0.000000     0.461367     0.557640 
59365.361954 0.000000 0.000000     0.470414     0.559558 
59365.399564 0.000000 0.000000     0.479362     0.561581 
59365.437175 0.000000 0.000000     0.488188     0.563705 
59365.474785 0.000000 0.000000     0.496869     0.565920 
59365.512395 0.000000 0.000000     0.505382     0.568220 
59365.550005 0.000000 0.000000     0.513706     0.570596 
59365.587615 0.000000 0.000000     0.521816     0.573040 
59365.625225 0.000000 0.000000     0.529690     0.575543 
59365.662835 0.000000 0.000000     0.537304     0.578097 
59365.700446 0.000000 0.000000     0.544636     0.580693 
59365.738056 0.000000 0.000000     0.551664     0.583322 
59365.775666 0.000000 0.000000     0.558363     0.585976 
59365.813276 0.000000 0.000000     0.564713     0.588646 
59365.850886 0.000000 0.000000     0.570691     0.591324 
59365.888496 0.000000 0.000000     0.576274     0.594002 
59365.926107 0.000000 0.000000     0.581442     0.596671 
59365.963717 0.000000 0.000000     0.586173     0.599324 
59366.001327 0.000000 0.000000     0.590447     0.601953 
59366.038937 0.000000 0.000000     0.594243     0.604551 
59366.076547 0.000000 0.000000     0.597542     0.607111 
59366.114157 0.000000 0.000000     0.600324     0.609626 
59366.151767 0.000000 0.000000     0.602570     0.612090 
59366.189378 0.000000 0.000000     0.604264     0.614496 
59366.226988 0.000000 0.000000     0.605387     0.616839 
59366.264598 0.000000 0.000000     0.605922     0.619114 
59366.302208 0.000000 0.000000     0.605855     0.621314 
59366.339818 0.000000 0.000000     0.605170     0.623435 
59366.377428 0.000000 0.000000     0.603853     0.625472 
59366.415039 0.000000 0.000000     0.601890     0.627420 
59366.452649 0.000000 0.000000     0.599268     0.629277 
59366.490259 0.000000 0.000000     0.595977     0.631037 
59366.527869 0.000000 0.000000     0.592006     0.632697 
59366.565479 0.000000 0.000000     0.587344     0.634255 
59366.603089 0.000000 0.000000     0.581983     0.635706 
59366.640699 0.000000 0.000000     0.575916     0.637048 
59366.678310 0.000000 0.000000     0.569136     0.638278 
59366.715920 0.000000 0.000000     0.561637     0.639394 
59366.753530 0.000000 0.000000     0.553414     0.640395 
59366.791140 0.000000 0.000000     0.544465     0.641277 
59366.828750 0.000000 0.000000     0.534786     0.642040 
59366.866360 0.000000 0.000000     0.524377     0.642682 
59366.903971 0.000000 0.000000     0.513238     0.643202 
59366.941581 0.000000 0.000000     0.501370     0.643599 
59366.979191 0.000000 0.000000     0.488775     0.643872 
59367.016801 0.000000 0.000000     0.475456     0.644021 
59367.054411 0.000000 0.000000     0.461418     0.644045 
59367.092021 0.000000 0.000000     0.446667     0.643944 
59367.129632 0.000000 0.000000     0.431209     0.643719 
59367.167242 0.000000 0.000000     0.415053     0.643368 
59367.204852 0.000000 0.000000     0.398208     0.642894 
59367.242462 0.000000 0.000000     0.380684     0.642296 
59367.280072 0.000000 0.000000     0.362493     0.641576 
59367.317682 0.000000 0.000000     0.343648     0.640735 
59367.355292 0.000000 0.000000     0.324161     0.639773 
59367.392903 0.000000 0.000000     0.304049     0.638692 
59367.430513 0.000000 0.000000     0.283326     0.637495 
59367.468123 0.000000 0.000000     0.262011     0.636182 
59367.505733 0.000000 0.000000     0.240120     0.634756 
59367.543343 0.000000 0.000000     0.217674     0.633219 
59367.580953 0.000000 0.000000     0.194692     0.631574 
59367.618564 0.000000 0.000000     0.171196     0.629823 
59367.656174 0.000000 0.000000     0.147207     0.627970 
59367.693784 0.000000 0.000000     0.122748     0.626017 
59367.731394 0.000000 0.000000     0.097844     0.623968 
59367.769004 0.000000 0.000000     0.072519     0.621826 
59367.806614 0.000000 0.000000     0.046799     0.619595 
59367.844224 0.000000 0.000000     0.020709     0.617279 
59367.881835 0.000000 0.000000    -0.005722     0.614883 
59367.919445 0.000000 0.000000    -0.032467     0.612410 
59367.957055 0.000000 0.000000    -0.059497     0.609866 
59367.994665 0.000000 0.000000    -0.086784     0.607256 
59368.032275 0.000000 0.000000    -0.114298     0.604584 
59368.069885 0.000000 0.000000    -0.142008     0.601856 
59368.107496 0.000000 0.000000    -0.169883     0.599077 
59368.145106 0.000000 0.000000    -0.197893     0.596254 
59368.182716 0.000000 0.000000    -0.226005     0.593392 
59368.220326 0.000000 0.000000    -0.254187     0.590497 
59368.257936 0.000000 0.000000    -0.282408     0.587576 
59368.295546 0.000000 0.000000    -0.310634     0.584636 
59368.333156 0.000000 0.000000    -0.338832     0.581683 
59368.370767 0.000000 0.000000    -0.366971     0.578724 
59368.408377 0.000000 0.000000    -0.395015     0.575766 
59368.445987 0.000000 0.000000    -0.422933     0.572816 
59368.483597 0.000000 0.000000    -0.450691     0.569881 
59368.521207 0.000000 0.000000    -0.478256     0.566969 
59368.558817 0.000000 0.000000    -0.505594     0.564087 
59368.596428 0.000000 0.000000    -0.532673     0.561242 
59368.634038 0.000000 0.000000    -0.559460     0.558441 
59368.671648 0.000000 0.000000    -0.585922     0.555691 
59368.709258 0.000000 0.000000    -0.612027     0.552999 
59368.746868 0.000000 0.000000    -0.637744     0.550372 
59368.784478 0.000000 0.000000    -0.663040     0.547817 
59368.822089 0.000000 0.000000    -0.687884     0.545339 
59368.859699 0.000000 0.000000    -0.712247     0.542944 
59368.897309 0.000000 0.000000    -0.736098     0.540638 
59368.934919 0.000000 0.000000    -0.759407     0.538426 
59368.972529 0.000000 0.000000    -0.782146     0.536313 
59369.010139 0.000000 0.000000    -0.804287     0.534301 
59369.047749 0.000000 0.000000    -0.825802     0.532395 
59369.085360 0.000000 0.000000    -0.846665     0.530598 
59369.122970 0.000000 0.000000    -0.866850     0.528911 
59369.160580 0.000000 0.000000    -0.886332     0.527337 
59369.198190 0.000000 0.000000    -0.905087     0.525876 
59369.235800 0.000000 0.000000    -0.923092     0.524528 
59369.273410 0.000000 0.000000    -0.940325     0.523293 
59369.311021 0.000000 0.000000    -0.956766     0.522169 
59369.348631 0.000000 0.000000    -0.972393     0.521156 
59369.386241 0.000000 0.000000    -0.987188     0.520250 
59369.423851 0.000000 0.000000    -1.001134     0.519449 
59369.461461 0.000000 0.000000    -1.014214     0.518748 
59369.499071 0.000000 0.000000    -1.026412     0.518145 
59369.536681 0.000000 0.000000    -1.037714     0.517635 
59369.574292 0.000000 0.000000    -1.048108     0.517212 
59369.611902 0.000000 0.000000    -1.057582     0.516872 
59369.649512 0.000000 0.000000    -1.066124     0.516610 
59369.687122 0.000000 0.000000    -1.073727     0.516418 
59369.724732 0.000000 0.000000    -1.080383     0.516293 
59369.762342 0.000000 0.000000    -1.086084     0.516227 
59369.799953 0.000000 0.000000    -1.090827     0.516215 
59369.837563 0.000000 0.000000    -1.094606     0.516251 
59369.875173 0.000000 0.000000    -1.097421     0.516329 
59369.912783 0.000000 0.000000    -1.099270     0.516442 
59369.950393 0.000000 0.000000    -1.100153     0.516586 
59369.988003 0.000000 0.000000    -1.100072     0.516754 
59370.025613 0.000000 0.000000    -1.099031     0.516941 
59370.063224 0.000000 0.000000    -1.097034     0.517143 
59370.100834 0.000000 0.000000    -1.094087     0.517353 
59370.138444 0.000000 0.000000    -1.090197     0.517568 
59370.176054 0.000000 0.000000    -1.085373     0.517783 
59370.213664 0.000000 0.000000    -1.079626     0.517994 
59370.251274 0.000000 0.000000    -1.072966     0.518198 
59370.288885 0.000000 0.000000    -1.065407     0.518390 
59370.326495 0.000000 0.000000    -1.056963     0.518569 
59370.364105 0.000000 0.000000    -1.047648     0.518730 
59370.401715 0.000000 0.000000    -1.037480     0.518872 
59370.439325 0.000000 0.000000    -1.026476     0.518992 
59370.476935 0.000000 0.000000    -1.014655     0.519089 
59370.514546 0.000000 0.000000    -1.002039     0.519162 
59370.552156 0.000000 0.000000    -0.988647     0.519208 
59370.589766 0.000000 0.000000    -0.974504     0.519228 
59370.627376 0.000000 0.000000    -0.959633     0.519220 
59370.664986 0.000000 0.000000    -0.944057     0.519185 
59370.702596 0.000000 0.000000    -0.927804     0.519123 
59370.740206 0.000000 0.000000    -0.910900     0.519033 
59370.777817 0.000000 0.000000    -0.893373     0.518916 
59370.815427 0.000000 0.000000    -0.875252     0.518773 
59370.853037 0.000000 0.000000    -0.856565     0.518605 
59370.890647 0.000000 0.000000    -0.837344     0.518414 
59370.928257 0.000000 0.000000    -0.817619     0.518200 
59370.965867 0.000000 0.000000    -0.797423     0.517965 
59371.003478 0.000000 0.000000    -0.776787     0.517711 
59371.041088 0.000000 0.000000    -0.755746     0.517440 
59371.078698 0.000000 0.000000    -0.734332     0.517154 
59371.116308 0.000000 0.000000    -0.712580     0.516854 
59371.153918 0.000000 0.000000    -0.690526     0.516544 
59371.191528 0.000000 0.000000    -0.668203     0.516225 
59371.229138 0.000000 0.000000    -0.645648     0.515899 
59371.266749 0.000000 0.000000    -0.622896     0.515570 
59371.304359 0.000000 0.000000    -0.599984     0.515239 
59371.341969 0.000000 0.000000    -0.576948     0.514910 
59371.379579 0.000000 0.000000    -0.553823     0.514583 
59371.417189 0.000000 0.000000    -0.530648     0.514262 
59371.454799 0.000000 0.000000    -0.507457     0.513949 
59371.492410 0.000000 0.000000    -0.484288     0.513646 
59371.530020 0.000000 0.000000    -0.461178     0.513355 
59371.567630 0.000000 0.000000    -0.438161     0.513078 
59371.605240 0.000000 0.000000    -0.415275     0.512817 
59371.642850 0.000000 0.000000    -0.392556     0.512574 
59371.680460 0.000000 0.000000    -0.370038     0.512350 
59371.718070 0.000000 0.000000    -0.347756     0.512147 
59371.755681 0.000000 0.000000    -0.325746     0.511966 
59371.793291 0.000000 0.000000    -0.304042     0.511808 
59371.830901 0.000000 0.000000    -0.282676     0.511673 
59371.868511 0.000000 0.000000    -0.261683     0.511562 
59371.906121 0.000000 0.000000    -0.241095     0.511477 
59371.943731 0.000000 0.000000    -0.220942     0.511416 
59371.981342 0.000000 0.000000    -0.201256     0.511380 
59372.018952 0.000000 0.000000    -0.182068     0.511369 
59372.056562 0.000000 0.000000    -0.163406     0.511383 
59372.094172 0.000000 0.000000    -0.145299     0.511420 
59372.131782 0.000000 0.000000    -0.127773     0.511481 
59372.169392 0.000000 0.000000    -0.110856     0.511563 
59372.207003 0.000000 0.000000    -0.094573     0.511666 
59372.244613 0.000000 0.000000    -0.078948     0.511789 
59372.282223 0.000000 0.000000    -0.064003     0.511930 
59372.319833 0.000000 0.000000    -0.049762     0.512088 
59372.357443 0.000000 0.000000    -0.036245     0.512261 
59372.395053 0.000000 0.000000    -0.023471     0.512447 
59372.432663 0.000000 0.000000    -0.011459     0.512644 
59372.470274 0.000000 0.000000    -0.000225     0.512851 
59372.507884 0.000000 0.000000     0.010215     0.513065 
59372.545494 0.000000 0.000000     0.019846     0.513285 
59372.583104 0.000000 0.000000     0.028655     0.513507 
59372.620714 0.000000 0.000000     0.036632     0.513731 
59372.658324 0.000000 0.000000     0.043765     0.513955 
59372.695935 0.000000 0.000000     0.050047     0.514175 
59372.733545 0.000000 0.000000     0.055471     0.514391 
59372.771155 0.000000 0.000000    -0.102049          nan 
