# time model 
59319.654344 -3.355739 
59319.707276 -3.603943 
59319.760208 -3.863008 
59319.813139 -4.129652 
59319.866071 -4.400320 
59319.919003 -4.671242 
59319.971935 -4.938493 
59320.024867 -5.198072 
59320.077799 -5.445985 
59320.130730 -5.678342 
59320.183662 -5.891450 
59320.236594 -6.081911 
59320.289526 -6.246710 
59320.342458 -6.383294 
59320.395390 -6.489637 
59320.448321 -6.564281 
59320.501253 -6.606366 
59320.554185 -6.615634 
59320.607117 -6.592411 
59320.660049 -6.537578 
59320.712981 -6.452520 
59320.765912 -6.339068 
59320.818844 -6.199431 
59320.871776 -6.036127 
59320.924708 -5.851913 
59320.977640 -5.649712 
59321.030572 -5.432556 
59321.083503 -5.203525 
59321.136435 -4.965699 
59321.189367 -4.722117 
59321.242299 -4.475744 
59321.295231 -4.229443 
59321.348163 -3.985958 
59321.401094 -3.747895 
59321.454026 -3.517718 
59321.506958 -3.297741 
59321.559890 -3.090124 
59321.612822 -2.896872 
59321.665754 -2.719837 
59321.718685 -2.560716 
59321.771617 -2.421050 
59321.824549 -2.302227 
59321.877481 -2.205474 
59321.930413 -2.131855 
59321.983345 -2.082267 
59322.036276 -2.057426 
59322.089208 -2.057859 
59322.142140 -2.083891 
59322.195072 -2.135625 
59322.248004 -2.212931 
59322.300936 -2.315419 
59322.353867 -2.442425 
59322.406799 -2.592989 
59322.459731 -2.765836 
59322.512663 -2.959362 
59322.565595 -3.171620 
59322.618527 -3.400319 
59322.671458 -3.642821 
59322.724390 -3.896161 
59322.777322 -4.157066 
59322.830254 -4.421992 
59322.883186 -4.687176 
59322.936118 -4.948701 
59322.989049 -5.202567 
59323.041981 -5.444780 
59323.094913 -5.671446 
59323.147845 -5.878867 
59323.200777 -6.063632 
59323.253709 -6.222715 
59323.306640 -6.353547 
59323.359572 -6.454083 
59323.412504 -6.522847 
59323.465436 -6.558961 
59323.518368 -6.562145 
59323.571300 -6.532709 
59323.624231 -6.471516 
59323.677163 -6.379937 
59323.730095 -6.259789 
59323.783027 -6.113272 
59323.835959 -5.942897 
59323.888891 -5.751414 
59323.941822 -5.541744 
59323.994754 -5.316918 
59324.047686 -5.080017 
59324.100618 -4.834124 
59324.153550 -4.582284 
59324.206481 -4.327464 
59324.259413 -4.072536 
59324.312345 -3.820248 
59324.365277 -3.573216 
59324.418209 -3.333909 
59324.471141 -3.104649 
59324.524072 -2.887603 
59324.577004 -2.684786 
59324.629936 -2.498055 
59324.682868 -2.329115 
59324.735800 -2.179517 
59324.788732 -2.050654 
59324.841663 -1.943762 
59324.894595 -1.859914 
59324.947527 -1.800014 
59325.000459 -1.764786 
59325.053391 -1.754768 
59325.106323 -1.770293 
59325.159254 -1.811476 
59325.212186 -1.878196 
59325.265118 -1.970075 
59325.318050 -2.086463 
59325.370982 -2.226411 
59325.423914 -2.388659 
59325.476845 -2.571615 
59325.529777 -2.773349 
59325.582709 -2.991581 
59325.635641 -3.223691 
59325.688573 -3.466725 
59325.741505 -3.717423 
59325.794436 -3.972252 
59325.847368 -4.227459 
59325.900300 -4.479131 
59325.953232 -4.723272 
59326.006164 -4.955891 
59326.059096 -5.173089 
59326.112027 -5.371160 
59326.164959 -5.546687 
59326.217891 -5.696629 
59326.270823 -5.818401 
59326.323755 -5.909943 
59326.376687 -5.969759 
59326.429618 -5.996951 
59326.482550 -5.991221 
59326.535482 -5.952862 
59326.588414 -5.882718 
59326.641346 -5.782145 
59326.694278 -5.652949 
59326.747209 -5.497320 
59326.800141 -5.317758 
59326.853073 -5.117010 
59326.906005 -4.897993 
59326.958937 -4.663738 
59327.011869 -4.417326 
59327.064800 -4.161844 
59327.117732 -3.900337 
59327.170664 -3.635781 
59327.223596 -3.371052 
59327.276528 -3.108903 
59327.329460 -2.851957 
59327.382391 -2.602692 
59327.435323 -2.363434 
59327.488255 -2.136359 
59327.541187 -1.923488 
59327.594119 -1.726685 
59327.647051 -1.547662 
59327.699982 -1.387977 
59327.752914 -1.249030 
59327.805846 -1.132064 
59327.858778 -1.038159 
59327.911710 -0.968226 
59327.964642 -0.922998 
59328.017573 -0.903019 
59328.070505 -0.908633 
59328.123437 -0.939963 
59328.176369 -0.996898 
59328.229301 -1.079071 
59328.282233 -1.185842 
59328.335164 -1.316275 
59328.388096 -1.469121 
59328.441028 -1.642802 
59328.493960 -1.835400 
59328.546892 -2.044651 
59328.599824 -2.267945 
59328.652755 -2.502341 
59328.705687 -2.744590 
59328.758619 -2.991169 
59328.811551 -3.238332 
59328.864483 -3.482173 
59328.917414 -3.718697 
59328.970346 -3.943911 
59329.023278 -4.153913 
59329.076210 -4.344989 
59329.129142 -4.513711 
59329.182074 -4.657024 
59329.235005 -4.772327 
59329.287937 -4.857539 
59329.340869 -4.911146 
59329.393801 -4.932228 
59329.446733 -4.920469 
59329.499665 -4.876139 
59329.552596 -4.800065 
59329.605528 -4.693587 
59329.658460 -4.558495 
59329.711392 -4.396967 
59329.764324 -4.211496 
59329.817256 -4.004819 
59329.870187 -3.779851 
59329.923119 -3.539618 
59329.976051 -3.287201 
59330.028983 -3.025687 
59330.081915 -2.758125 
59330.134847 -2.487494 
59330.187778 -2.216671 
59330.240710 -1.948417 
59330.293642 -1.685359 
59330.346574 -1.429978 
59330.399506 -1.184609 
59330.452438 -0.951431 
59330.505369 -0.732471 
59330.558301 -0.529598 
59330.611233 -0.344531 
59330.664165 -0.178831 
59330.717097 -0.033904 
59330.770029 0.089001 
59330.822960 0.188798 
59330.875892 0.264570 
59330.928824 0.315579 
59330.981756 0.341273 
59331.034688 0.341302 
59331.087620 0.315535 
59331.140551 0.264074 
59331.193483 0.187277 
59331.246415 0.085775 
59331.299347 -0.039506 
59331.352279 -0.187330 
59331.405211 -0.356129 
59331.458142 -0.543997 
59331.511074 -0.748681 
59331.564006 -0.967584 
59331.616938 -1.197775 
59331.669870 -1.436016 
59331.722802 -1.678792 
59331.775733 -1.922363 
59331.828665 -2.162827 
59331.881597 -2.396191 
59331.934529 -2.618459 
59331.987461 -2.825725 
59332.040393 -3.014266 
59332.093324 -3.180641 
59332.146256 -3.321781 
59332.199188 -3.435066 
59332.252120 -3.518397 
59332.305052 -3.570238 
59332.357984 -3.589648 
59332.410915 -3.576289 
59332.463847 -3.530409 
59332.516779 -3.452819 
59332.569711 -3.344838 
59332.622643 -3.208243 
59332.675575 -3.045198 
59332.728506 -2.858186 
59332.781438 -2.649936 
59332.834370 -2.423357 
59332.887302 -2.181472 
59332.940234 -1.927361 
59332.993166 -1.664111 
59333.046097 -1.394773 
59333.099029 -1.122325 
59333.151961 -0.849652 
59333.204893 -0.579518 
59333.257825 -0.314552 
59333.310756 -0.057243 
59333.363688 0.190071 
59333.416620 0.425206 
59333.469552 0.646130 
59333.522484 0.850968 
59333.575416 1.037997 
59333.628347 1.205650 
59333.681279 1.352515 
59333.734211 1.477340 
59333.787143 1.579033 
59333.840075 1.656671 
59333.893007 1.709508 
59333.945938 1.736988 
59333.998870 1.738753 
59334.051802 1.714664 
59334.104734 1.664816 
59334.157666 1.589557 
59334.210598 1.489508 
59334.263529 1.365585 
59334.316461 1.219013 
59334.369393 1.051348 
59334.422325 0.864484 
59334.475257 0.660663 
59334.528189 0.442470 
59334.581120 0.212823 
59334.634052 -0.025048 
59334.686984 -0.267638 
59334.739916 -0.511213 
59334.792848 -0.751876 
59334.845780 -0.985636 
59334.898711 -1.208495 
59334.951643 -1.416542 
59335.004575 -1.606047 
59335.057507 -1.773556 
59335.110439 -1.915985 
59335.163371 -2.030700 
59335.216302 -2.115579 
59335.269234 -2.169068 
59335.322166 -2.190205 
59335.375098 -2.178629 
59335.428030 -2.134569 
59335.480962 -2.058817 
59335.533893 -1.952675 
59335.586825 -1.817905 
59335.639757 -1.656659 
59335.692689 -1.471409 
59335.745621 -1.264878 
59335.798553 -1.039970 
59335.851484 -0.799705 
59335.904416 -0.547161 
59335.957348 -0.285426 
59336.010280 -0.017553 
59336.063212 0.253474 
59336.116144 0.524770 
59336.169075 0.793564 
59336.222007 1.057222 
59336.274939 1.313251 
59336.327871 1.559306 
59336.380803 1.793197 
59336.433735 2.012888 
59336.486666 2.216496 
59336.539598 2.402294 
59336.592530 2.568709 
59336.645462 2.714323 
59336.698394 2.837877 
59336.751326 2.938274 
59336.804257 3.014585 
59336.857189 3.066056 
59336.910121 3.092124 
59336.963053 3.092425 
59337.015985 3.066809 
59337.068917 3.015364 
59337.121848 2.938427 
59337.174780 2.836611 
59337.227712 2.710818 
59337.280644 2.562263 
59337.333576 2.392490 
59337.386508 2.203380 
59337.439439 1.997162 
59337.492371 1.776409 
59337.545303 1.544027 
59337.598235 1.303236 
59337.651167 1.057531 
59337.704098 0.810637 
59337.757030 0.566449 
59337.809962 0.328954 
59337.862894 0.102150 
59337.915826 -0.110046 
59337.968758 -0.303896 
59338.021689 -0.475937 
59338.074621 -0.623071 
59338.127553 -0.742644 
59338.180485 -0.832520 
59338.233417 -0.891121 
59338.286349 -0.917466 
59338.339280 -0.911173 
59338.392212 -0.872452 
59338.445144 -0.802074 
59338.498076 -0.701327 
59338.551008 -0.571956 
59338.603940 -0.416101 
59338.656871 -0.236226 
59338.709803 -0.035045 
59338.762735 0.184542 
59338.815667 0.419520 
59338.868599 0.666809 
59338.921531 0.923321 
59338.974462 1.186002 
59339.027394 1.451865 
59339.080326 1.718020 
59339.133258 1.981692 
59339.186190 2.240241 
59339.239122 2.491169 
59339.292053 2.732127 
59339.344985 2.960918 
59339.397917 3.175500 
59339.450849 3.373986 
59339.503781 3.554643 
59339.556713 3.715892 
59339.609644 3.856310 
59339.662576 3.974632 
59339.715508 4.069756 
59339.768440 4.140745 
59339.821372 4.186842 
59339.874304 4.207475 
59339.927235 4.202272 
59339.980167 4.171078 
59340.033099 4.113970 
59340.086031 4.031278 
59340.138963 3.923603 
59340.191895 3.791838 
59340.244826 3.637188 
59340.297758 3.461184 
59340.350690 3.265696 
59340.403622 3.052940 
59340.456554 2.825478 
59340.509486 2.586206 
59340.562417 2.338333 
59340.615349 2.085345 
59340.668281 1.830961 
59340.721213 1.579072 
59340.774145 1.333663 
59340.827077 1.098734 
59340.880008 0.878207 
59340.932940 0.675828 
59340.985872 0.495073 
59341.038804 0.339055 
59341.091736 0.210443 
59341.144668 0.111397 
59341.197599 0.043513 
59341.250531 0.007795 
59341.303463 0.004647 
59341.356395 0.033881 
59341.409327 0.094744 
59341.462259 0.185969 
59341.515190 0.305824 
59341.568122 0.452183 
59341.621054 0.622596 
59341.673986 0.814355 
59341.726918 1.024569 
59341.779850 1.250223 
59341.832781 1.488243 
59341.885713 1.735541 
59341.938645 1.989062 
59341.991577 2.245817 
59342.044509 2.502913 
59342.097441 2.757573 
59342.150372 3.007154 
59342.203304 3.249152 
59342.256236 3.481215 
59342.309168 3.701144 
59342.362100 3.906890 
59342.415031 4.096564 
59342.467963 4.268427 
59342.520895 4.420898 
59342.573827 4.552549 
59342.626759 4.662112 
59342.679691 4.748479 
59342.732622 4.810711 
59342.785554 4.848044 
59342.838486 4.859901 
59342.891418 4.845906 
59342.944350 4.805897 
59342.997282 4.739944 
59343.050213 4.648369 
59343.103145 4.531766 
59343.156077 4.391020 
59343.209009 4.227324 
59343.261941 4.042200 
59343.314873 3.837509 
59343.367804 3.615456 
59343.420736 3.378593 
59343.473668 3.129805 
59343.526600 2.872294 
59343.579532 2.609539 
59343.632464 2.345254 
59343.685395 2.083325 
59343.738327 1.827738 
59343.791259 1.582498 
59343.844191 1.351531 
59343.897123 1.138595 
59343.950055 0.947177 
59344.002986 0.780407 
59344.055918 0.640974 
59344.108850 0.531058 
59344.161782 0.452278 
59344.214714 0.405661 
59344.267646 0.391635 
59344.320577 0.410032 
59344.373509 0.460124 
59344.426441 0.540661 
59344.479373 0.649929 
59344.532305 0.785818 
59344.585237 0.945888 
59344.638168 1.127444 
59344.691100 1.327599 
59344.744032 1.543347 
59344.796964 1.771616 
59344.849896 2.009319 
59344.902828 2.253402 
59344.955759 2.500876 
59345.008691 2.748845 
59345.061623 2.994533 
59345.114555 3.235290 
59345.167487 3.468612 
59345.220419 3.692143 
59345.273350 3.903680 
59345.326282 4.101173 
59345.379214 4.282727 
59345.432146 4.446601 
59345.485078 4.591211 
59345.538010 4.715126 
59345.590941 4.817073 
59345.643873 4.895942 
59345.696805 4.950788 
59345.749737 4.980845 
59345.802669 4.985530 
59345.855601 4.964462 
59345.908532 4.917473 
59345.961464 4.844627 
59346.014396 4.746240 
59346.067328 4.622895 
59346.120260 4.475471 
59346.173192 4.305151 
59346.226123 4.113447 
59346.279055 3.902210 
59346.331987 3.673635 
59346.384919 3.430263 
59346.437851 3.174971 
59346.490783 2.910951 
59346.543714 2.641674 
59346.596646 2.370850 
59346.649578 2.102361 
59346.702510 1.840194 
59346.755442 1.588355 
59346.808373 1.350776 
59346.861305 1.131225 
59346.914237 0.933201 
59346.967169 0.759851 
59347.020101 0.613882 
59347.073033 0.497493 
59347.125964 0.412325 
59347.178896 0.359430 
59347.231828 0.339255 
59347.284760 0.351658 
59347.337692 0.395928 
59347.390624 0.470835 
59347.443555 0.574683 
59347.496487 0.705374 
59347.549419 0.860480 
59347.602351 1.037315 
59347.655283 1.233000 
59347.708215 1.444532 
59347.761146 1.668842 
59347.814078 1.902843 
59347.867010 2.143482 
59347.919942 2.387766 
59347.972874 2.632798 
59348.025806 2.875796 
59348.078737 3.114109 
59348.131669 3.345228 
59348.184601 3.566791 
59348.237533 3.776591 
59348.290465 3.972572 
59348.343397 4.152837 
59348.396328 4.315639 
59348.449260 4.459388 
59348.502192 4.582649 
59348.555124 4.684143 
59348.608056 4.762755 
59348.660988 4.817535 
59348.713919 4.847711 
59348.766851 4.852693 
59348.819783 4.832092 
59348.872715 4.785734 
59348.925647 4.713675 
59348.978579 4.616219 
59349.031510 4.493943 
59349.084442 4.347712 
59349.137374 4.178700 
59349.190306 3.988407 
59349.243238 3.778671 
59349.296170 3.551675 
59349.349101 3.309948 
59349.402033 3.056355 
59349.454965 2.794077 
59349.507897 2.526576 
59349.560829 2.257553 
59349.613761 1.990886 
59349.666692 1.730558 
59349.719624 1.480575 
59349.772556 1.244875 
59349.825488 1.027231 
59349.878420 0.831153 
59349.931352 0.659801 
59349.984283 0.515897 
59350.037215 0.401660 
59350.090147 0.318749 
59350.143079 0.268237 
59350.196011 0.250591 
59350.248943 0.265689 
59350.301874 0.312837 
59350.354806 0.390823 
59350.407738 0.497963 
59350.460670 0.632173 
59350.513602 0.791035 
59350.566534 0.971867 
59350.619465 1.171796 
59350.672397 1.387821 
59350.725329 1.616872 
59350.778261 1.855862 
59350.831193 2.101734 
59350.884125 2.351491 
59350.937056 2.602232 
59350.989988 2.851168 
59351.042920 3.095641 
59351.095852 3.333136 
59351.148784 3.561284 
59351.201715 3.777872 
59351.254647 3.980836 
59351.307579 4.168272 
59351.360511 4.338426 
59351.413443 4.489700 
59351.466375 4.620653 
59351.519306 4.729998 
59351.572238 4.816613 
59351.625170 4.879540 
59351.678102 4.917996 
59351.731034 4.931387 
59351.783966 4.919313 
59351.836897 4.881589 
59351.889829 4.818261 
59351.942761 4.729623 
59351.995693 4.616239 
59352.048625 4.478963 
59352.101557 4.318955 
59352.154488 4.137700 
59352.207420 3.937023 
59352.260352 3.719093 
59352.313284 3.486424 
59352.366216 3.241868 
59352.419148 2.988592 
59352.472079 2.730048 
59352.525011 2.469927 
59352.577943 2.212100 
59352.630875 1.960545 
59352.683807 1.719267 
59352.736739 1.492205 
59352.789670 1.283137 
59352.842602 1.095583 
59352.895534 0.932713 
59352.948466 0.797265 
59353.001398 0.691472 
59353.054330 0.617015 
59353.107261 0.574982 
59353.160193 0.565861 
59353.213125 0.589547 
59353.266057 0.645365 
59353.318989 0.732115 
59353.371921 0.848130 
59353.424852 0.991334 
59353.477784 1.159317 
59353.530716 1.349405 
59353.583648 1.558727 
59353.636580 1.784283 
59353.689512 2.023003 
59353.742443 2.271798 
59353.795375 2.527605 
59353.848307 2.787424 
59353.901239 3.048347 
59353.954171 3.307578 
59354.007103 3.562454 
59354.060034 3.810450 
59354.112966 4.049193 
59354.165898 4.276458 
59354.218830 4.490178 
59354.271762 4.688437 
59354.324694 4.869476 
59354.377625 5.031690 
59354.430557 5.173628 
59354.483489 5.293998 
59354.536421 5.391667 
59354.589353 5.465672 
59354.642285 5.515221 
59354.695216 5.539709 
59354.748148 5.538729 
59354.801080 5.512086 
59354.854012 5.459814 
59354.906944 5.382198 
59354.959876 5.279790 
59355.012807 5.153429 
59355.065739 5.004265 
59355.118671 4.833768 
59355.171603 4.643750 
59355.224535 4.436365 
59355.277467 4.214114 
59355.330398 3.979834 
59355.383330 3.736682 
59355.436262 3.488097 
59355.489194 3.237762 
59355.542126 2.989540 
59355.595058 2.747406 
59355.647989 2.515363 
59355.700921 2.297353 
59355.753853 2.097160 
59355.806785 1.918313 
59355.859717 1.763994 
59355.912648 1.636955 
59355.965580 1.539449 
59356.018512 1.473173 
59356.071444 1.439236 
59356.124376 1.438147 
59356.177308 1.469817 
59356.230239 1.533591 
59356.283171 1.628287 
59356.336103 1.752249 
59356.389035 1.903415 
59356.441967 2.079385 
59356.494899 2.277489 
59356.547830 2.494863 
59356.600762 2.728510 
59356.653694 2.975358 
59356.706626 3.232319 
59356.759558 3.496326 
59356.812490 3.764376 
59356.865421 4.033556 
59356.918353 4.301067 
59356.971285 4.564237 
59357.024217 4.820537 
59357.077149 5.067587 
59357.130081 5.303157 
59357.183012 5.525172 
59357.235944 5.731712 
59357.288876 5.921011 
59357.341808 6.091457 
59357.394740 6.241595 
59357.447672 6.370124 
59357.500603 6.475907 
59357.553535 6.557973 
59357.606467 6.615524 
59357.659399 6.647948 
59357.712331 6.654830 
59357.765263 6.635966 
59357.818194 6.591384 
59357.871126 6.521356 
59357.924058 6.426426 
59357.976990 6.307422 
59358.029922 6.165482 
59358.082854 6.002065 
59358.135785 5.818970 
59358.188717 5.618338 
59358.241649 5.402659 
59358.294581 5.174759 
59358.347513 4.937781 
59358.400445 4.695158 
59358.453376 4.450564 
59358.506308 4.207856 
59358.559240 3.971007 
59358.612172 3.744022 
59358.665104 3.530844 
59358.718036 3.335266 
59358.770967 3.160827 
59358.823899 3.010723 
59358.876831 2.887724 
59358.929763 2.794100 
59358.982695 2.731568 
59359.035627 2.701260 
59359.088558 2.703704 
59359.141490 2.738834 
59359.194422 2.806015 
59359.247354 2.904080 
59359.300286 3.031392 
59359.353218 3.185901 
59359.406149 3.365217 
59359.459081 3.566682 
59359.512013 3.787434 
59359.564945 4.024482 
59359.617877 4.274757 
59359.670809 4.535169 
59359.723740 4.802652 
59359.776672 5.074199 
59359.829604 5.346894 
59359.882536 5.617935 
59359.935468 5.884645 
59359.988400 6.144491 
59360.041331 6.395088 
59360.094263 6.634200 
59360.147195 6.859749 
59360.200127 7.069808 
59360.253059 7.262608 
59360.305990 7.436530 
59360.358922 7.590115 
59360.411854 7.722057 
59360.464786 7.831215 
59360.517718 7.916610 
59360.570650 7.977440 
59360.623581 8.013086 
59360.676513 8.023126 
59360.729445 8.007351 
59360.782377 7.965778 
59360.835309 7.898674 
59360.888241 7.806570 
59360.941172 7.690287 
59360.994104 7.550951 
59361.047036 7.390010 
59361.099968 7.209251 
59361.152900 7.010806 
59361.205832 6.797150 
59361.258763 6.571099 
59361.311695 6.335787 
59361.364627 6.094637 
59361.417559 5.851316 
59361.470491 5.609676 
59361.523423 5.373689 
59361.576354 5.147358 
59361.629286 4.934634 
59361.682218 4.739314 
59361.735150 4.564951 
59361.788082 4.414753 
59361.841014 4.291507 
59361.893945 4.197502 
59361.946877 4.134477 
59361.999809 4.103584 
59362.052741 4.105373 
59362.105673 4.139799 
59362.158605 4.206247 
59362.211536 4.303568 
59362.264468 4.430141 
59362.317400 4.583930 
59362.370332 4.762556 
59362.423264 4.963368 
59362.476196 5.183514 
59362.529127 5.420003 
59362.582059 5.669770 
59362.634991 5.929725 
59362.687923 6.196800 
59362.740855 6.467988 
59362.793787 6.740367 
59362.846718 7.011132 
59362.899650 7.277601 
59362.952582 7.537237 
59363.005514 7.787649 
59363.058446 8.026597 
59363.111378 8.251996 
59363.164309 8.461916 
59363.217241 8.654579 
59363.270173 8.828365 
59363.323105 8.981807 
59363.376037 9.113595 
59363.428969 9.222580 
59363.481900 9.307780 
59363.534832 9.368385 
59363.587764 9.403770 
59363.640696 9.413506 
59363.693628 9.397375 
59363.746560 9.355387 
59363.799491 9.287798 
59363.852423 9.195133 
59363.905355 9.078199 
59363.958287 8.938112 
59364.011219 8.776310 
59364.064151 8.594566 
59364.117082 8.394998 
59364.170014 8.180073 
59364.222946 7.952592 
59364.275878 7.715680 
59364.328810 7.472749 
59364.381742 7.227458 
59364.434673 6.983655 
59364.487605 6.745307 
59364.540537 6.516420 
59364.593469 6.300945 
59364.646401 6.102688 
59364.699332 5.925211 
59364.752264 5.771736 
59364.805196 5.645066 
59364.858128 5.547507 
59364.911060 5.480820 
59364.963992 5.446175 
59365.016923 5.444145 
59365.069855 5.474706 
59365.122787 5.537260 
59365.175719 5.630677 
59365.228651 5.753350 
59365.281583 5.903258 
59365.334514 6.078031 
59365.387446 6.275027 
59365.440378 6.491399 
59365.493310 6.724160 
59365.546242 6.970246 
59365.599174 7.226567 
59365.652105 7.490053 
59365.705037 7.757694 
59365.757969 8.026564 
59365.810901 8.293853 
59365.863833 8.556876 
59365.916765 8.813088 
59365.969696 9.060094 
59366.022628 9.295647 
59366.075560 9.517657 
59366.128492 9.724188 
59366.181424 9.913457 
59366.234356 10.083837 
59366.287287 10.233856 
59366.340219 10.362197 
59366.393151 10.467707 
59366.446083 10.549395 
59366.499015 10.606447 
59366.551947 10.638230 
59366.604878 10.644307 
59366.657810 10.624452 
59366.710742 10.578668 
59366.763674 10.507201 
59366.816606 10.410564 
59366.869538 10.289556 
59366.922469 10.145281 
59366.975401 9.979163 
59367.028333 9.792965 
59367.081265 9.588794 
59367.134197 9.369100 
59367.187129 9.136677 
59367.240060 8.894636 
59367.292992 8.646381 
59367.345924 8.395562 
59367.398856 8.146021 
59367.451788 7.901724 
59367.504720 7.666674 
59367.557651 7.444828 
59367.610583 7.239998 
59367.663515 7.055756 
59367.716447 6.895337 
59367.769379 6.761560 
59367.822311 6.656751 
59367.875242 6.582689 
59367.928174 6.540567 
59367.981106 6.530978 
59368.034038 6.553919 
59368.086970 6.608811 
59368.139902 6.694544 
59368.192833 6.809525 
59368.245765 6.951747 
59368.298697 7.118853 
59368.351629 7.308207 
59368.404561 7.516970 
59368.457493 7.742158 
59368.510424 7.980710 
59368.563356 8.229536 
59368.616288 8.485566 
59368.669220 8.745785 
59368.722152 9.007267 
59368.775084 9.267196 
59368.828015 9.522884 
59368.880947 9.771781 
59368.933879 10.011487 
59368.986811 10.239750 
59369.039743 10.454476 
59369.092675 10.653723 
59369.145606 10.835704 
59369.198538 10.998787 
59369.251470 11.141495 
59369.304402 11.262507 
59369.357334 11.360663 
59369.410265 11.434969 
59369.463197 11.484603 
59369.516129 11.508929 
59369.569061 11.507502 
59369.621993 11.480090 
59369.674925 11.426688 
59369.727856 11.347533 
59369.780788 11.243132 
59369.833720 11.114272 
59369.886652 10.962048 
59369.939584 10.787874 
59369.992516 10.593501 
59370.045447 10.381024 
59370.098379 10.152886 
59370.151311 9.911866 
59370.204243 9.661067 
59370.257175 9.403885 
59370.310107 9.143963 
59370.363038 8.885140 
59370.415970 8.631378 
59370.468902 8.386682 
59370.521834 8.155015 
59370.574766 7.940197 
59370.627698 7.745809 
59370.680629 7.575103 
59370.733561 7.430915 
59370.786493 7.315591 
59370.839425 7.230931 
59370.892357 7.178151 
59370.945289 7.157867 
59370.998220 7.170098 
59371.051152 7.214286 
59371.104084 7.289340 
59371.157016 7.393687 
59371.209948 7.525332 
59371.262880 7.681932 
59371.315811 7.860862 
59371.368743 8.059290 
59371.421675 8.274239 
59371.474607 8.502651 
59371.527539 8.741437 
59371.580471 8.987528 
59371.633402 9.237908 
59371.686334 9.489651 
59371.739266 9.739938 
59371.792198 9.986076 
59371.845130 10.225515 
59371.898062 10.455849 
59371.950993 10.674825 
59372.003925 10.880344 
59372.056857 11.070461 
59372.109789 11.243385 
59372.162721 11.397482 
59372.215653 11.531269 
59372.268584 11.643424 
59372.321516 11.732783 
59372.374448 11.798347 
59372.427380 11.839291 
59372.480312 11.854973 
59372.533244 11.844944 
59372.586175 11.808967 
59372.639107 11.747029 
59372.692039 11.659363 
59372.744971 11.546465 
59372.797903 11.409116 
59372.850835 11.248402 
59372.903766 11.065727 
59372.956698 10.862832 
59373.009630 10.641803 
59373.062562 10.405071 
59373.115494 10.155408 
59373.168426 9.895907 
59373.221357 9.629955 
59373.274289 9.361192 
59373.327221 9.093451 
59373.380153 8.830695 
59373.433085 8.576931 
59373.486017 8.336126 
59373.538948 8.112108 
59373.591880 -1.725963 
