# time Tc_folded Tref_folded model 
59318.650141 0.906752 0.297145    -2.223648
59318.687751 0.944362 0.310208    -2.024241
59318.725361 0.981972 0.323272    -1.805982
59318.762971 1.019582 0.336335    -1.572677
59318.800582 1.057192 0.349399    -1.328261
59318.838192 1.094803 0.362462    -1.076648
59318.875802 1.132413 0.375526    -0.821582
59318.913412 1.170023 0.388589    -0.566537
59318.951022 1.207633 0.401653    -0.314631
59318.988632 1.245243 0.414716    -0.068582
59319.026243 1.282853 0.427780     0.169309
59319.063853 1.320464 0.440843     0.397158
59319.101463 1.358074 0.453907     0.613471
59319.139073 1.395684 0.466970     0.817114
59319.176683 1.433294 0.480034     1.007272
59319.214293 -1.408125 0.493097     1.183402
59319.251903 -1.370515 0.506161     1.345194
59319.289514 -1.332904 0.519224     1.492529
59319.327124 -1.295294 0.532288     1.625439
59319.364734 -1.257684 0.545351     1.744075
59319.402344 -1.220074 0.558415     1.848681
59319.439954 -1.182464 0.571478     1.939565
59319.477564 -1.144854 0.584542     2.017081
59319.515175 -1.107244 0.597605     2.081613
59319.552785 -1.069633 0.610669     2.133560
59319.590395 -1.032023 0.623732     2.173327
59319.628005 -0.994413 0.636795     2.201315
59319.665615 -0.956803 0.649859     2.217916
59319.703225 -0.919193 0.662922     2.223511
59319.740836 -0.881583 0.675986     2.218461
59319.778446 -0.843972 0.689049     2.203109
59319.816056 -0.806362 0.702113     2.177778
59319.853666 -0.768752 0.715176     2.142771
59319.891276 -0.731142 0.728240     2.098370
59319.928886 -0.693532 0.741303     2.044837
59319.966496 -0.655922 0.754367     1.982416
59320.004107 -0.618311 0.767430     1.911332
59320.041717 -0.580701 0.780494     1.831797
59320.079327 -0.543091 0.793557     1.744008
59320.116937 -0.505481 0.806621     1.648152
59320.154547 -0.467871 0.819684     1.544408
59320.192157 -0.430261 0.832748     1.432949
59320.229768 -0.392651 0.845811     1.313949
59320.267378 -0.355040 0.858875     1.187582
59320.304988 -0.317430 0.871938     1.054033
59320.342598 -0.279820 0.885002     0.913497
59320.380208 -0.242210 0.898065     0.766192
59320.417818 -0.204600 0.911129     0.612360
59320.455428 -0.166990 0.924192     0.452277
59320.493039 -0.129379 0.937256     0.286263
59320.530649 -0.091769 0.950319     0.114692
59320.568259 -0.054159 0.963383    -0.061996
59320.605869 -0.016549 0.976446    -0.243285
59320.643479 0.021061 0.989510    -0.428566
59320.681089 0.058671 0.002573    -0.617120
59320.718700 0.096281 0.015637    -0.808107
59320.756310 0.133892 0.028700    -1.000543
59320.793920 0.171502 0.041764    -1.193284
59320.831530 0.209112 0.054827    -1.385010
59320.869140 0.246722 0.067891    -1.574211
59320.906750 0.284332 0.080954    -1.759170
59320.944360 0.321942 0.094018    -1.937963
59320.981971 0.359553 0.107081    -2.108455
59321.019581 0.397163 0.120144    -2.268315
59321.057191 0.434773 0.133208    -2.415040
59321.094801 0.472383 0.146271    -2.545995
59321.132411 0.509993 0.159335    -2.658477
59321.170021 0.547603 0.172398    -2.749794
59321.207632 0.585213 0.185462    -2.817365
59321.245242 0.622824 0.198525    -2.858836
59321.282852 0.660434 0.211589    -2.872206
59321.320462 0.698044 0.224652    -2.855960
59321.358072 0.735654 0.237716    -2.809182
59321.395682 0.773264 0.250779    -2.731656
59321.433293 0.810874 0.263843    -2.623924
59321.470903 0.848485 0.276906    -2.487306
59321.508513 0.886095 0.289970    -2.323865
59321.546123 0.923705 0.303033    -2.136330
59321.583733 0.961315 0.316097    -1.927970
59321.621343 0.998925 0.329160    -1.702446
59321.658953 1.036535 0.342224    -1.463643
59321.696564 1.074146 0.355287    -1.215506
59321.734174 1.111756 0.368351    -0.961887
59321.771784 1.149366 0.381414    -0.706421
59321.809394 1.186976 0.394478    -0.452428
59321.847004 1.224586 0.407541    -0.202850
59321.884614 1.262196 0.420605     0.039781
59321.922225 1.299806 0.433668     0.273355
59321.959835 1.337417 0.446732     0.496167
59321.997445 1.375027 0.459795     0.706889
59322.035055 1.412637 0.472859     0.904537
59322.072665 -1.428782 0.485922     1.088423
59322.110275 -1.391172 0.498986     1.258117
59322.147885 -1.353562 0.512049     1.413397
59322.185496 -1.315951 0.525113     1.554218
59322.223106 -1.278341 0.538176     1.680669
59322.260716 -1.240731 0.551240     1.792947
59322.298326 -1.203121 0.564303     1.891326
59322.335936 -1.165511 0.577367     1.976138
59322.373546 -1.127901 0.590430     2.047753
59322.411157 -1.090290 0.603493     2.106562
59322.448767 -1.052680 0.616557     2.152969
59322.486377 -1.015070 0.629620     2.187377
59322.523987 -0.977460 0.642684     2.210184
59322.561597 -0.939850 0.655747     2.221779
59322.599207 -0.902240 0.668811     2.222532
59322.636817 -0.864630 0.681874     2.212796
59322.674428 -0.827019 0.694938     2.192908
59322.712038 -0.789409 0.708001     2.163179
59322.749648 -0.751799 0.721065     2.123904
59322.787258 -0.714189 0.734128     2.075355
59322.824868 -0.676579 0.747192     2.017786
59322.862478 -0.638969 0.760255     1.951433
59322.900089 -0.601358 0.773319     1.876515
59322.937699 -0.563748 0.786382     1.793236
59322.975309 -0.526138 0.799446     1.701788
59323.012919 -0.488528 0.812509     1.602355
59323.050529 -0.450918 0.825573     1.495112
59323.088139 -0.413308 0.838636     1.380232
59323.125750 -0.375697 0.851700     1.257889
59323.163360 -0.338087 0.864763     1.128261
59323.200970 -0.300477 0.877827     0.991538
59323.238580 -0.262867 0.890890     0.847923
59323.276190 -0.225257 0.903954     0.697644
59323.313800 -0.187647 0.917017     0.540957
59323.351410 -0.150037 0.930081     0.378158
59323.389021 -0.112426 0.943144     0.209590
59323.426631 -0.074816 0.956208     0.035653
59323.464241 -0.037206 0.969271    -0.143178
59323.501851 0.000404 0.982335    -0.326348
59323.539461 0.038014 0.995398    -0.513200
59323.577071 0.075624 0.008462    -0.702964
59323.614682 0.113235 0.021525    -0.894734
59323.652292 0.150845 0.034589    -1.087459
59323.689902 0.188455 0.047652    -1.279918
59323.727512 0.226065 0.060716    -1.470705
59323.765122 0.263675 0.073779    -1.658218
59323.802732 0.301285 0.086842    -1.840649
59323.840342 0.338895 0.099906    -2.015977
59323.877953 0.376506 0.112969    -2.181976
59323.915563 0.414116 0.126033    -2.336234
59323.953173 0.451726 0.139096    -2.476182
59323.990783 0.489336 0.152160    -2.599146
59324.028393 0.526946 0.165223    -2.702417
59324.066003 0.564556 0.178287    -2.783340
59324.103614 0.602167 0.191350    -2.839419
59324.141224 0.639777 0.204414    -2.868445
59324.178834 0.677387 0.217477    -2.868619
59324.216444 0.714997 0.230541    -2.838684
59324.254054 0.752607 0.243604    -2.778029
59324.291664 0.790217 0.256668    -2.686773
59324.329274 0.827827 0.269731    -2.565812
59324.366885 0.865438 0.282795    -2.416805
59324.404495 0.903048 0.295858    -2.242130
59324.442105 0.940658 0.308922    -2.044776
59324.479715 0.978268 0.321985    -1.828209
59324.517325 1.015878 0.335049    -1.596211
59324.554935 1.053488 0.348112    -1.352715
59324.592546 1.091099 0.361176    -1.101640
59324.630156 1.128709 0.374239    -0.846756
59324.667766 1.166319 0.387303    -0.591564
59324.705376 1.203929 0.400366    -0.339221
59324.742986 1.241539 0.413430    -0.092486
59324.780596 1.279149 0.426493     0.146299
59324.818207 1.316760 0.439557     0.375209
59324.855817 1.354370 0.452620     0.592714
59324.893427 1.391980 0.465684     0.797646
59324.931037 1.429590 0.478747     0.989160
59324.968647 -1.411829 0.491811     1.166689
59325.006257 -1.374219 0.504874     1.329901
59325.043867 -1.336608 0.517938     1.478660
59325.081478 -1.298998 0.531001     1.612986
59325.119088 -1.261388 0.544065     1.733019
59325.156698 -1.223778 0.557128     1.838994
59325.194308 -1.186168 0.570191     1.931214
59325.231918 -1.148558 0.583255     2.010030
59325.269528 -1.110948 0.596318     2.075823
59325.307139 -1.073337 0.609382     2.128991
59325.344749 -1.035727 0.622445     2.169940
59325.382359 -0.998117 0.635509     2.199070
59325.419969 -0.960507 0.648572     2.216776
59325.457579 -0.922897 0.661636     2.223439
59325.495189 -0.885287 0.674699     2.219421
59325.532799 -0.847676 0.687763     2.205069
59325.570410 -0.810066 0.700826     2.180707
59325.608020 -0.772456 0.713890     2.146641
59325.645630 -0.734846 0.726953     2.103153
59325.683240 -0.697236 0.740017     2.050508
59325.720850 -0.659626 0.753080     1.988951
59325.758460 -0.622016 0.766144     1.918711
59325.796071 -0.584405 0.779207     1.839999
59325.833681 -0.546795 0.792271     1.753015
59325.871291 -0.509185 0.805334     1.657946
59325.908901 -0.471575 0.818398     1.554971
59325.946511 -0.433965 0.831461     1.444264
59325.984121 -0.396355 0.844525     1.325998
59326.021731 -0.358744 0.857588     1.200349
59326.059342 -0.321134 0.870652     1.067499
59326.096952 -0.283524 0.883715     0.927642
59326.134562 -0.245914 0.896779     0.780994
59326.172172 -0.208304 0.909842     0.627792
59326.209782 -0.170694 0.922906     0.468311
59326.247392 -0.133084 0.935969     0.302866
59326.285003 -0.095473 0.949033     0.131824
59326.322613 -0.057863 0.962096    -0.044382
59326.360223 -0.020253 0.975160    -0.225243
59326.397833 0.017357 0.988223    -0.410161
59326.435443 0.054967 0.001287    -0.598428
59326.473053 0.092577 0.014350    -0.789217
59326.510664 0.130188 0.027414    -0.981558
59326.548274 0.167798 0.040477    -1.174324
59326.585884 0.205408 0.053541    -1.366214
59326.623494 0.243018 0.066604    -1.555736
59326.661104 0.280628 0.079667    -1.741195
59326.698714 0.318238 0.092731    -1.920687
59326.736324 0.355849 0.105794    -2.092097
59326.773935 0.393459 0.118858    -2.253113
59326.811545 0.431069 0.131921    -2.401246
59326.849155 0.468679 0.144985    -2.533874
59326.886765 0.506289 0.158048    -2.648296
59326.924375 0.543899 0.171112    -2.741815
59326.961985 0.581509 0.184175    -2.811833
59326.999596 0.619120 0.197239    -2.855970
59327.037206 0.656730 0.210302    -2.872184
59327.074816 0.694340 0.223366    -2.858906
59327.112426 0.731950 0.236429    -2.815156
59327.150036 0.769560 0.249493    -2.740647
59327.187646 0.807170 0.262556    -2.635844
59327.225256 0.844781 0.275620    -2.501991
59327.262867 0.882391 0.288683    -2.341081
59327.300477 0.920001 0.301747    -2.155781
59327.338087 0.957611 0.314810    -1.949314
59327.375697 0.995221 0.327874    -1.725310
59327.413307 1.032831 0.340937    -1.487640
59327.450917 1.070441 0.354001    -1.240249
59327.488528 1.108052 0.367064    -0.987004
59327.526138 1.145662 0.380128    -0.731566
59327.563748 1.183272 0.393191    -0.477291
59327.601358 1.220882 0.406255    -0.227159
59327.638968 1.258492 0.419318     0.016257
59327.676578 1.296102 0.432382     0.250805
59327.714188 1.333713 0.445445     0.474741
59327.751799 1.371323 0.458509     0.686703
59327.789409 1.408933 0.471572     0.885673
59327.827019 -1.432486 0.484636     1.070938
59327.864629 -1.394876 0.497699     1.242042
59327.902239 -1.357266 0.510763     1.398747
59327.939849 -1.319655 0.523826     1.540989
59327.977460 -1.282045 0.536890     1.668849
59328.015070 -1.244435 0.549953     1.782511
59328.052680 -1.206825 0.563016     1.882245
59328.090290 -1.169215 0.576080     1.968378
59328.127900 -1.131605 0.589143     2.041275
59328.165510 -1.093994 0.602207     2.101328
59328.203121 -1.056384 0.615270     2.148938
59328.240731 -1.018774 0.628334     2.184509
59328.278341 -0.981164 0.641397     2.208442
59328.315951 -0.943554 0.654461     2.221124
59328.353561 -0.905944 0.667524     2.222929
59328.391171 -0.868334 0.680588     2.214211
59328.428781 -0.830723 0.693651     2.195308
59328.466392 -0.793113 0.706715     2.166535
59328.504002 -0.755503 0.719778     2.128188
59328.541612 -0.717893 0.732842     2.080541
59328.579222 -0.680283 0.745905     2.023850
59328.616832 -0.642673 0.758969     1.958352
59328.654442 -0.605062 0.772032     1.884268
59328.692053 -0.567452 0.785096     1.801803
59328.729663 -0.529842 0.798159     1.711152
59328.767273 -0.492232 0.811223     1.612497
59328.804883 -0.454622 0.824286     1.506016
59328.842493 -0.417012 0.837350     1.391880
59328.880103 -0.379402 0.850413     1.270264
59328.917713 -0.341791 0.863477     1.141346
59328.955324 -0.304181 0.876540     1.005312
59328.992934 -0.266571 0.889604     0.862366
59329.030544 -0.228961 0.902667     0.712733
59329.068154 -0.191351 0.915731     0.556665
59329.105764 -0.153741 0.928794     0.394453
59329.143374 -0.116130 0.941858     0.226436
59329.180985 -0.078520 0.954921     0.053009
59329.218595 -0.040910 0.967985    -0.125364
59329.256205 -0.003300 0.981048    -0.308134
59329.293815 0.034310 0.994112    -0.494655
59329.331425 0.071920 0.007175    -0.684170
59329.369035 0.109530 0.020239    -0.875787
59329.406645 0.147141 0.033302    -1.068470
59329.444256 0.184751 0.046365    -1.261013
59329.481866 0.222361 0.059429    -1.452033
59329.519476 0.259971 0.072492    -1.639946
59329.557086 0.297581 0.085556    -1.822963
59329.594696 0.335191 0.098619    -1.999086
59329.632306 0.372802 0.111683    -2.166108
59329.669917 0.410412 0.124746    -2.321634
59329.707527 0.448022 0.137810    -2.463109
59329.745137 0.485632 0.150873    -2.587866
59329.782747 0.523242 0.163937    -2.693197
59329.820357 0.560852 0.177000    -2.776434
59329.857967 0.598463 0.190064    -2.835064
59329.895578 0.636073 0.203127    -2.866841
59329.933188 0.673683 0.216191    -2.869923
59329.970798 0.711293 0.229254    -2.842992
59330.008408 0.748903 0.242318    -2.785369
59330.046018 0.786513 0.255381    -2.697100
59330.083628 0.824123 0.268445    -2.579002
59330.121238 0.861734 0.281508    -2.432663
59330.158849 0.899344 0.294572    -2.260393
59330.196459 0.936954 0.307635    -2.065125
59330.234069 0.974564 0.320699    -1.850286
59330.271679 1.012174 0.333762    -1.619634
59330.309289 1.049784 0.346826    -1.377095
59330.346899 1.087395 0.359889    -1.126596
59330.384510 1.125005 0.372953    -0.871926
59330.422120 1.162615 0.386016    -0.616618
59330.459730 1.200225 0.399080    -0.363866
59330.497340 1.237835 0.412143    -0.116468
59330.534950 1.275445 0.425207     0.123192
59330.572560 1.313055 0.438270     0.353149
59330.610170 1.350666 0.451334     0.571835
59330.647781 1.388276 0.464397     0.778048
59330.685391 1.425886 0.477461     0.970912
59330.723001 -1.415533 0.490524     1.149836
59330.760611 -1.377923 0.503588     1.314468
59330.798221 -1.340313 0.516651     1.464652
59330.835831 -1.302702 0.529714     1.600394
59330.873442 -1.265092 0.542778     1.721826
59330.911052 -1.227482 0.555841     1.829173
59330.948662 -1.189872 0.568905     1.922733
59330.986272 -1.152262 0.581968     2.002852
59331.023882 -1.114652 0.595032     2.069910
59331.061492 -1.077041 0.608095     2.124304
59331.099102 -1.039431 0.621159     2.166438
59331.136713 -1.001821 0.634222     2.196714
59331.174323 -0.964211 0.647286     2.215529
59331.211933 -0.926601 0.660349     2.223262
59331.249543 -0.888991 0.673413     2.220281
59331.287153 -0.851380 0.686476     2.206932
59331.324763 -0.813770 0.699540     2.183542
59331.362374 -0.776160 0.712603     2.150418
59331.399984 -0.738550 0.725667     2.107846
59331.437594 -0.700940 0.738730     2.056092
59331.475204 -0.663330 0.751794     1.995403
59331.512814 -0.625720 0.764857     1.926008
59331.550424 -0.588109 0.777921     1.848122
59331.588035 -0.550499 0.790984     1.761944
59331.625645 -0.512889 0.804048     1.667663
59331.663255 -0.475279 0.817111     1.565458
59331.700865 -0.437669 0.830175     1.455505
59331.738475 -0.400059 0.843238     1.337977
59331.776085 -0.362448 0.856302     1.213046
59331.813695 -0.324838 0.869365     1.080897
59331.851306 -0.287228 0.882429     0.941721
59331.888916 -0.249618 0.895492     0.795731
59331.926526 -0.212008 0.908556     0.643164
59331.964136 -0.174398 0.921619     0.484288
59332.001746 -0.136788 0.934683     0.319415
59332.039356 -0.099177 0.947746     0.148906
59332.076967 -0.061567 0.960810    -0.026812
59332.114577 -0.023957 0.973873    -0.207240
59332.152187 0.013653 0.986937    -0.391788
59332.189797 0.051263 1.000000    -0.579760
59332.227407 0.088873 0.013063    -0.770341
59332.265017 0.126484 0.026127    -0.962576
59332.302627 0.164094 0.039190    -1.155356
59332.340238 0.201704 0.052254    -1.347395
59332.377848 0.239314 0.065317    -1.537223
59332.415458 0.276924 0.078381    -1.723163
59332.453068 0.314534 0.091444    -1.903333
59332.490678 0.352144 0.104508    -2.075638
59332.528288 0.389755 0.117571    -2.237786
59332.565899 0.427365 0.130635    -2.387302
59332.603509 0.464975 0.143698    -2.521576
59332.641119 0.502585 0.156762    -2.637911
59332.678729 0.540195 0.169825    -2.733607
59332.716339 0.577805 0.182889    -2.806050
59332.753949 0.615416 0.195952    -2.852833
59332.791559 0.653026 0.209016    -2.871875
59332.829170 0.690636 0.222079    -2.861555
59332.866780 0.728246 0.235143    -2.820832
59332.904390 0.765856 0.248206    -2.749344
59332.942000 0.803466 0.261270    -2.647481
59332.979610 0.841077 0.274333    -2.516412
59333.017220 0.878687 0.287397    -2.358059
59333.054831 0.916297 0.300460    -2.175026
59333.092441 0.953907 0.313524    -1.970488
59333.130051 0.991517 0.326587    -1.748042
59333.167661 1.029127 0.339651    -1.511543
59333.205271 1.066737 0.352714    -1.264934
59333.242881 1.104348 0.365778    -1.012099
59333.280492 1.141958 0.378841    -0.756723
59333.318102 1.179568 0.391905    -0.502195
59333.355712 1.217178 0.404968    -0.251534
59333.393322 1.254788 0.418032    -0.007354
59333.430932 1.292398 0.431095     0.228151
59333.468542 1.330009 0.444159     0.453199
59333.506152 1.367619 0.457222     0.666391
59333.543763 1.405229 0.470286     0.866677
59333.581373 -1.436190 0.483349     1.053316
59333.618983 -1.398580 0.496412     1.225828
59333.656593 -1.360970 0.509476     1.383956
59333.694203 -1.323359 0.522539     1.527621
59333.731813 -1.285749 0.535603     1.656890
59333.769424 -1.248139 0.548666     1.771940
59333.807034 -1.210529 0.561730     1.873032
59333.844644 -1.172919 0.574793     1.960489
59333.882254 -1.135309 0.587857     2.034673
59333.919864 -1.097699 0.600920     2.095972
59333.957474 -1.060088 0.613984     2.144790
59333.995084 -1.022478 0.627047     2.181529
59334.032695 -0.984868 0.640111     2.206591
59334.070305 -0.947258 0.653174     2.220364
59334.107915 -0.909648 0.666238     2.223224
59334.145525 -0.872038 0.679301     2.215527
59334.183135 -0.834427 0.692365     2.197613
59334.220745 -0.796817 0.705428     2.169799
59334.258356 -0.759207 0.718492     2.132382
59334.295966 -0.721597 0.731555     2.085639
59334.333576 -0.683987 0.744619     2.029828
59334.371186 -0.646377 0.757682     1.965187
59334.408796 -0.608766 0.770746     1.891939
59334.446406 -0.571156 0.783809     1.810291
59334.484016 -0.533546 0.796873     1.720438
59334.521627 -0.495936 0.809936     1.622563
59334.559237 -0.458326 0.823000     1.516845
59334.596847 -0.420716 0.836063     1.403456
59334.634457 -0.383106 0.849127     1.282569
59334.672067 -0.345495 0.862190     1.154361
59334.709677 -0.307885 0.875254     1.019020
59334.747288 -0.270275 0.888317     0.876745
59334.784898 -0.232665 0.901381     0.727759
59334.822508 -0.195055 0.914444     0.572313
59334.860118 -0.157445 0.927508     0.410692
59334.897728 -0.119834 0.940571     0.243231
59334.935338 -0.082224 0.953635     0.070317
59334.972949 -0.044614 0.966698    -0.107592
59335.010559 -0.007004 0.979761    -0.289956
59335.048169 0.030606 0.992825    -0.476140
59335.085779 0.068216 0.005888    -0.665397
59335.123389 0.105826 0.018952    -0.856850
59335.160999 0.143437 0.032015    -1.049479
59335.198609 0.181047 0.045079    -1.242094
59335.236220 0.218657 0.058142    -1.433331
59335.273830 0.256267 0.071206    -1.621626
59335.311440 0.293877 0.084269    -1.805211
59335.349050 0.331487 0.097333    -1.982107
59335.386660 0.369098 0.110396    -2.150129
59335.424270 0.406708 0.123460    -2.306898
59335.461881 0.444318 0.136523    -2.449874
59335.499491 0.481928 0.149587    -2.576398
59335.537101 0.519538 0.162650    -2.683761
59335.574711 0.557148 0.175714    -2.769290
59335.612321 0.594758 0.188777    -2.830448
59335.649931 0.632369 0.201841    -2.864959
59335.687541 0.669979 0.214904    -2.870935
59335.725152 0.707589 0.227968    -2.847001
59335.762762 0.745199 0.241031    -2.792411
59335.800372 0.782809 0.254095    -2.707136
59335.837982 0.820419 0.267158    -2.591918
59335.875592 0.858030 0.280222    -2.448269
59335.913202 0.895640 0.293285    -2.278432
59335.950813 0.933250 0.306349    -2.085283
59335.988423 0.970860 0.319412    -1.872209
59336.026033 1.008470 0.332476    -1.642942
59336.063643 1.046080 0.345539    -1.401398
59336.101253 1.083691 0.358603    -1.151511
59336.138863 1.121301 0.371666    -0.897090
59336.176473 1.158911 0.384730    -0.641698
59336.214084 1.196521 0.397793    -0.388562
59336.251694 1.234131 0.410857    -0.140525
59336.289304 1.271741 0.423920     0.099992
59336.326914 1.309351 0.436984     0.330980
59336.364524 1.346962 0.450047     0.550835
59336.402134 1.384572 0.463110     0.758320
59336.439745 1.422182 0.476174     0.952529
59336.477355 -1.419237 0.489237     1.132846
59336.514965 -1.381627 0.502301     1.298894
59336.552575 -1.344017 0.515364     1.450503
59336.590185 -1.306406 0.528428     1.587664
59336.627795 -1.268796 0.541491     1.710496
59336.665406 -1.231186 0.554555     1.819218
59336.703016 -1.193576 0.567618     1.914121
59336.740626 -1.155966 0.580682     1.995548
59336.778236 -1.118356 0.593745     2.063875
59336.815846 -1.080745 0.606809     2.119498
59336.853456 -1.043135 0.619872     2.162821
59336.891066 -1.005525 0.632936     2.194248
59336.928677 -0.967915 0.645999     2.214174
59336.966287 -0.930305 0.659063     2.222982
59337.003897 -0.892695 0.672126     2.221040
59337.041507 -0.855085 0.685190     2.208698
59337.079117 -0.817474 0.698253     2.186283
59337.116727 -0.779864 0.711317     2.154104
59337.154338 -0.742254 0.724380     2.112451
59337.191948 -0.704644 0.737444     2.061589
59337.229558 -0.667034 0.750507     2.001770
59337.267168 -0.629424 0.763571     1.933223
59337.304778 -0.591813 0.776634     1.856164
59337.342388 -0.554203 0.789698     1.770794
59337.379998 -0.516593 0.802761     1.677302
59337.417609 -0.478983 0.815825     1.575871
59337.455219 -0.441373 0.828888     1.466673
59337.492829 -0.403763 0.841952     1.349883
59337.530439 -0.366152 0.855015     1.225674
59337.568049 -0.328542 0.868079     1.094227
59337.605659 -0.290932 0.881142     0.955734
59337.643270 -0.253322 0.894206     0.810405
59337.680880 -0.215712 0.907269     0.658474
59337.718490 -0.178102 0.920333     0.500207
59337.756100 -0.140492 0.933396     0.335909
59337.793710 -0.102881 0.946459     0.165938
59337.831320 -0.065271 0.959523    -0.009289
59337.868930 -0.027661 0.972586    -0.189278
59337.906541 0.009949 0.985650    -0.373449
59337.944151 0.047559 0.998713    -0.561118
59337.981761 0.085169 0.011777    -0.751482
59338.019371 0.122780 0.024840    -0.943601
59338.056981 0.160390 0.037904    -1.136381
59338.094591 0.198000 0.050967    -1.328555
59338.132202 0.235610 0.064031    -1.518671
59338.169812 0.273220 0.077094    -1.705074
59338.207422 0.310830 0.090158    -1.885902
59338.245032 0.348440 0.103221    -2.059081
59338.282642 0.386051 0.116285    -2.222336
59338.320252 0.423661 0.129348    -2.373210
59338.357863 0.461271 0.142412    -2.509104
59338.395473 0.498881 0.155475    -2.627327
59338.433083 0.536491 0.168539    -2.725173
59338.470693 0.574101 0.181602    -2.800018
59338.508303 0.611712 0.194666    -2.849426
59338.545913 0.649322 0.207729    -2.871281
59338.583523 0.686932 0.220793    -2.863909
59338.621134 0.724542 0.233856    -2.826208
59338.658744 0.762152 0.246920    -2.757745
59338.696354 0.799762 0.259983    -2.658835
59338.733964 0.837372 0.273047    -2.530569
59338.771574 0.874983 0.286110    -2.374797
59338.809184 0.912593 0.299174    -2.194062
59338.846795 0.950203 0.312237    -1.991488
59338.884405 0.987813 0.325301    -1.770637
59338.922015 1.025423 0.338364    -1.535347
59338.959625 1.063033 0.351428    -1.289560
59338.997235 1.100644 0.364491    -1.037170
59339.034845 1.138254 0.377555    -0.781889
59339.072455 1.175864 0.390618    -0.527136
59339.110066 1.213474 0.403682    -0.275972
59339.147676 1.251084 0.416745    -0.031049
59339.185286 1.288694 0.429809     0.205396
59339.222896 1.326305 0.442872     0.431542
59339.260506 1.363915 0.455935     0.645953
59339.298116 1.401525 0.468999     0.847548
59339.335727 1.439135 0.482062     1.035556
59339.373337 -1.402284 0.495126     1.209474
59339.410947 -1.364674 0.508189     1.369025
59339.448557 -1.327063 0.521253     1.514114
59339.486167 -1.289453 0.534316     1.644794
59339.523777 -1.251843 0.547380     1.761234
59339.561387 -1.214233 0.560443     1.863687
59339.598998 -1.176623 0.573507     1.952471
59339.636608 -1.139013 0.586570     2.027945
59339.674218 -1.101403 0.599634     2.090496
59339.711828 -1.063792 0.612697     2.140525
59339.749438 -1.026182 0.625761     2.178436
59339.787048 -0.988572 0.638824     2.204630
59339.824659 -0.950962 0.651888     2.219498
59339.862269 -0.913352 0.664951     2.223416
59339.899879 -0.875742 0.678015     2.216744
59339.937489 -0.838131 0.691078     2.199822
59339.975099 -0.800521 0.704142     2.172969
59340.012709 -0.762911 0.717205     2.136485
59340.050320 -0.725301 0.730269     2.090649
59340.087930 -0.687691 0.743332     2.035720
59340.125540 -0.650081 0.756396     1.971939
59340.163150 -0.612471 0.769459     1.899529
59340.200760 -0.574860 0.782523     1.818700
59340.238370 -0.537250 0.795586     1.729646
59340.275980 -0.499640 0.808650     1.632554
59340.313591 -0.462030 0.821713     1.527600
59340.351201 -0.424420 0.834777     1.414959
59340.388811 -0.386810 0.847840     1.294802
59340.426421 -0.349199 0.860904     1.167308
59340.464031 -0.311589 0.873967     1.032660
59340.501641 -0.273979 0.887031     0.891059
59340.539252 -0.236369 0.900094     0.742723
59340.576862 -0.198759 0.913158     0.587901
59340.614472 -0.161149 0.926221     0.426875
59340.652082 -0.123538 0.939284     0.259972
59340.689692 -0.085928 0.952348     0.087576
59340.727302 -0.048318 0.965411    -0.089863
59340.764912 -0.010708 0.978475    -0.271815
59340.802523 0.026902 0.991538    -0.457654
59340.840133 0.064512 0.004602    -0.646645
59340.877743 0.102122 0.017665    -0.837925
59340.915353 0.139733 0.030729    -1.030487
59340.952963 0.177343 0.043792    -1.223162
59340.990573 0.214953 0.056856    -1.414600
59341.028184 0.252563 0.069919    -1.603260
59341.065794 0.290173 0.082983    -1.787393
59341.103404 0.327783 0.096046    -1.965042
59341.141014 0.365394 0.109110    -2.134041
59341.178624 0.403004 0.122173    -2.292029
59341.216234 0.440614 0.135237    -2.436480
59341.253844 0.478224 0.148300    -2.564744
59341.291455 0.515834 0.161364    -2.674114
59341.329065 0.553444 0.174427    -2.761909
59341.366675 0.591054 0.187491    -2.825573
59341.404285 0.628665 0.200554    -2.862800
59341.441895 0.666275 0.213618    -2.871657
59341.479505 0.703885 0.226681    -2.850712
59341.517116 0.741495 0.239745    -2.799154
59341.554726 0.779105 0.252808    -2.716882
59341.592336 0.816715 0.265872    -2.604558
59341.629946 0.854326 0.278935    -2.463621
59341.667556 0.891936 0.291999    -2.296244
59341.705166 0.929546 0.305062    -2.105248
59341.742777 0.967156 0.318126    -1.893975
59341.780387 1.004766 0.331189    -1.666131
59341.817997 1.042376 0.344253    -1.425620
59341.855607 1.079986 0.357316    -1.176383
59341.893217 1.117597 0.370380    -0.922246
59341.930827 1.155207 0.383443    -0.666799
59341.968437 1.192817 0.396507    -0.413309
59342.006048 1.230427 0.409570    -0.164655
59342.043658 1.268037 0.422633     0.076698
59342.081268 1.305647 0.435697     0.308702
59342.118878 1.343258 0.448760     0.529714
59342.156488 1.380868 0.461824     0.738463
59342.194098 1.418478 0.474887     0.934011
59342.231709 -1.422941 0.487951     1.115716
59342.269319 -1.385331 0.501014     1.283181
59342.306929 -1.347721 0.514078     1.436215
59342.344539 -1.310110 0.527141     1.574795
59342.382149 -1.272500 0.540205     1.699030
59342.419759 -1.234890 0.553268     1.809129
59342.457369 -1.197280 0.566332     1.905379
59342.494980 -1.159670 0.579395     1.988116
59342.532590 -1.122060 0.592459     2.057716
59342.570200 -1.084449 0.605522     2.114573
59342.607810 -1.046839 0.618586     2.159089
59342.645420 -1.009229 0.631649     2.191670
59342.683030 -0.971619 0.644713     2.212711
59342.720641 -0.934009 0.657776     2.222598
59342.758251 -0.896399 0.670840     2.221699
59342.795861 -0.858789 0.683903     2.210366
59342.833471 -0.821178 0.696967     2.188929
59342.871081 -0.783568 0.710030     2.157699
59342.908691 -0.745958 0.723094     2.116966
59342.946301 -0.708348 0.736157     2.067000
59342.983912 -0.670738 0.749221     2.008052
59343.021522 -0.633128 0.762284     1.940355
59343.059132 -0.595517 0.775348     1.864125
59343.096742 -0.557907 0.788411     1.779565
59343.134352 -0.520297 0.801475     1.686865
59343.171962 -0.482687 0.814538     1.586208
59343.209573 -0.445077 0.827602     1.477767
59343.247183 -0.407467 0.840665     1.361717
59343.284793 -0.369857 0.853729     1.238231
59343.322403 -0.332246 0.866792     1.107488
59343.360013 -0.294636 0.879856     0.969680
59343.397623 -0.257026 0.892919     0.825015
59343.435234 -0.219416 0.905982     0.673723
59343.472844 -0.181806 0.919046     0.516067
59343.510454 -0.144196 0.932109     0.352348
59343.548064 -0.106585 0.945173     0.182918
59343.585674 -0.068975 0.958236     0.008188
59343.623284 -0.031365 0.971300    -0.171356
59343.660894 0.006245 0.984363    -0.355143
59343.698505 0.043855 0.997427    -0.542501
59343.736115 0.081465 0.010490    -0.732639
59343.773725 0.119075 0.023554    -0.924631
59343.811335 0.156686 0.036617    -1.117400
59343.848945 0.194296 0.049681    -1.309695
59343.886555 0.231906 0.062744    -1.500084
59343.924166 0.269516 0.075808    -1.686932
59343.961776 0.307126 0.088871    -1.868398
59343.999386 0.344736 0.101935    -2.042428
59344.036996 0.382347 0.114998    -2.206766
59344.074606 0.419957 0.128062    -2.358973
59344.112216 0.457567 0.141125    -2.496461
59344.149826 0.495177 0.154189    -2.616544
59344.187437 0.532787 0.167252    -2.716516
59344.225047 0.570397 0.180316    -2.793738
59344.262657 0.608008 0.193379    -2.845752
59344.300267 0.645618 0.206443    -2.870403
59344.337877 0.683228 0.219506    -2.865969
59344.375487 0.720838 0.232570    -2.831285
59344.413098 0.758448 0.245633    -2.765850
59344.450708 0.796058 0.258697    -2.669903
59344.488318 0.833668 0.271760    -2.544458
59344.525928 0.871279 0.284824    -2.391292
59344.563538 0.908889 0.297887    -2.212885
59344.601148 0.946499 0.310951    -2.012310
59344.638758 0.984109 0.324014    -1.793093
59344.676369 1.021719 0.337078    -1.559050
59344.713979 1.059329 0.350141    -1.314122
59344.751589 1.096940 0.363205    -1.062214
59344.789199 1.134550 0.376268    -0.807060
59344.826809 1.172160 0.389331    -0.552113
59344.864419 1.209770 0.402395    -0.300470
59344.902030 1.247380 0.415458    -0.054827
59344.939640 1.284990 0.428522     0.182540
59344.977250 1.322600 0.441585     0.409770
59345.014860 1.360211 0.454649     0.625390
59345.052470 1.397821 0.467712     0.828286
59345.090080 1.435431 0.480776     1.017659
59345.127691 -1.405988 0.493839     1.192981
59345.165301 -1.368378 0.506903     1.353953
59345.202911 -1.330768 0.519966     1.500466
59345.240521 -1.293157 0.533030     1.632560
59345.278131 -1.255547 0.546093     1.750392
59345.315741 -1.217937 0.559157     1.854210
59345.353351 -1.180327 0.572220     1.944324
59345.390962 -1.142717 0.585284     2.021092
59345.428572 -1.105107 0.598347     2.084898
59345.466182 -1.067496 0.611411     2.136142
59345.503792 -1.029886 0.624474     2.175229
59345.541402 -0.992276 0.637538     2.202559
59345.579012 -0.954666 0.650601     2.218526
59345.616623 -0.917056 0.663665     2.223506
59345.654233 -0.879446 0.676728     2.217862
59345.691843 -0.841835 0.689792     2.201934
59345.729453 -0.804225 0.702855     2.176046
59345.767063 -0.766615 0.715919     2.140498
59345.804673 -0.729005 0.728982     2.095571
59345.842283 -0.691395 0.742046     2.041526
59345.879894 -0.653785 0.755109     1.978607
59345.917504 -0.616175 0.768173     1.907037
59345.955114 -0.578564 0.781236     1.827028
59345.992724 -0.540954 0.794300     1.738776
59346.030334 -0.503344 0.807363     1.642468
59346.067944 -0.465734 0.820427     1.538280
59346.105555 -0.428124 0.833490     1.426389
59346.143165 -0.390514 0.846554     1.306965
59346.180775 -0.352903 0.859617     1.180185
59346.218385 -0.315293 0.872680     1.046233
59346.255995 -0.277683 0.885744     0.905307
59346.293605 -0.240073 0.898807     0.757624
59346.331215 -0.202463 0.911871     0.603429
59346.368826 -0.164853 0.924934     0.443000
59346.406436 -0.127243 0.937998     0.276660
59346.444046 -0.089632 0.951061     0.104786
59346.481656 -0.052022 0.964125    -0.072179
59346.519266 -0.014412 0.977188    -0.253712
59346.556876 0.023198 0.990252    -0.439199
59346.594487 0.060808 0.003315    -0.627915
59346.632097 0.098418 0.016379    -0.819013
59346.669707 0.136029 0.029442    -1.011498
59346.707317 0.173639 0.042506    -1.204218
59346.744927 0.211249 0.055569    -1.395843
59346.782537 0.248859 0.068633    -1.584851
59346.820148 0.286469 0.081696    -1.769513
59346.857758 0.324079 0.094760    -1.947894
59346.895368 0.361689 0.107823    -2.117846
59346.932978 0.399300 0.120887    -2.277028
59346.970588 0.436910 0.133950    -2.422928
59347.008198 0.474520 0.147014    -2.552906
59347.045808 0.512130 0.160077    -2.664258
59347.083419 0.549740 0.173141    -2.754294
59347.121029 0.587350 0.186204    -2.820442
59347.158639 0.624961 0.199268    -2.860365
59347.196249 0.662571 0.212331    -2.872088
59347.233859 0.700181 0.225395    -2.854126
59347.271469 0.737791 0.238458    -2.805600
59347.309080 0.775401 0.251522    -2.726336
59347.346690 0.813011 0.264585    -2.616920
59347.384300 0.850622 0.277649    -2.478716
59347.421910 0.888232 0.290712    -2.313827
59347.459520 0.925842 0.303776    -2.125016
59347.497130 0.963452 0.316839    -1.915580
59347.534740 1.001062 0.329903    -1.689196
59347.572351 1.038672 0.342966    -1.449758
59347.609961 1.076282 0.356029    -1.201207
59347.647571 1.113893 0.369093    -0.947389
59347.685181 1.151503 0.382156    -0.691920
59347.722791 1.189113 0.395220    -0.438103
59347.760401 1.226723 0.408283    -0.188856
59347.798012 1.264333 0.421347     0.053313
59347.835622 1.301943 0.434410     0.286318
59347.873232 1.339554 0.447474     0.508474
59347.910842 1.377164 0.460537     0.718477
59347.948452 1.414774 0.473601     0.915359
59347.986062 -1.426645 0.486664     1.098448
59348.023672 -1.389035 0.499728     1.267327
59348.061283 -1.351425 0.512791     1.421785
59348.098893 -1.313814 0.525855     1.561786
59348.136503 -1.276204 0.538918     1.687426
59348.174113 -1.238594 0.551982     1.798906
59348.211723 -1.200984 0.565045     1.896505
59348.249333 -1.163374 0.578109     1.980557
59348.286944 -1.125764 0.591172     2.051434
59348.324554 -1.088154 0.604236     2.109527
59348.362164 -1.050543 0.617299     2.155241
59348.399774 -1.012933 0.630363     2.188980
59348.437384 -0.975323 0.643426     2.211140
59348.474994 -0.937713 0.656490     2.222109
59348.512605 -0.900103 0.669553     2.222256
59348.550215 -0.862493 0.682617     2.211935
59348.587825 -0.824882 0.695680     2.191479
59348.625435 -0.787272 0.708744     2.161201
59348.663045 -0.749662 0.721807     2.121392
59348.700655 -0.712052 0.734871     2.072324
59348.738265 -0.674442 0.747934     2.014250
59348.775876 -0.636832 0.760998     1.947404
59348.813486 -0.599221 0.774061     1.872005
59348.851096 -0.561611 0.787125     1.788257
59348.888706 -0.524001 0.800188     1.696351
59348.926316 -0.486391 0.813252     1.596469
59348.963926 -0.448781 0.826315     1.488788
59349.001537 -0.411171 0.839378     1.373479
59349.039147 -0.373561 0.852442     1.250717
59349.076757 -0.335950 0.865505     1.120681
59349.114367 -0.298340 0.878569     0.983560
59349.151977 -0.260730 0.891632     0.839560
59349.189587 -0.223120 0.904696     0.688910
59349.227197 -0.185510 0.917759     0.531868
59349.264808 -0.147900 0.930823     0.368731
59349.302418 -0.110289 0.943886     0.199847
59349.340028 -0.072679 0.956950     0.025619
59349.377638 -0.035069 0.970013    -0.153475
59349.415248 0.002541 0.983077    -0.336873
59349.452858 0.040151 0.996140    -0.523912
59349.490469 0.077761 0.009204    -0.713815
59349.528079 0.115371 0.022267    -0.905670
59349.565689 0.152982 0.035331    -1.098414
59349.603299 0.190592 0.048394    -1.290817
59349.640909 0.228202 0.061458    -1.481463
59349.678519 0.265812 0.074521    -1.668738
59349.716129 0.303422 0.087585    -1.850821
59349.753740 0.341032 0.100648    -2.025680
59349.791350 0.378643 0.113712    -2.191079
59349.828960 0.416253 0.126775    -2.344594
59349.866570 0.453863 0.139839    -2.483649
59349.904180 0.491473 0.152902    -2.605567
59349.941790 0.529083 0.165966    -2.707639
59349.979401 0.566693 0.179029    -2.787214
59350.017011 0.604303 0.192093    -2.841812
59350.054621 0.641914 0.205156    -2.869242
59350.092231 0.679524 0.218220    -2.867734
59350.129841 0.717134 0.231283    -2.836063
59350.167451 0.754744 0.244347    -2.773659
59350.205062 0.792354 0.257410    -2.680684
59350.242672 0.829964 0.270474    -2.558077
59350.280282 0.867575 0.283537    -2.407543
59350.317892 0.905185 0.296601    -2.231494
59350.355502 0.942795 0.309664    -2.032951
59350.393112 0.980405 0.322727    -1.815404
59350.430722 1.018015 0.335791    -1.582647
59350.468333 1.055625 0.348854    -1.338616
59350.505943 1.093236 0.361918    -1.087226
59350.543553 1.130846 0.374981    -0.832233
59350.581163 1.168456 0.388045    -0.577122
59350.618773 1.206066 0.401108    -0.325028
59350.656383 1.243676 0.414172    -0.078686
59350.693994 1.281286 0.427235     0.159586
59350.731604 1.318896 0.440299     0.387886
59350.769214 1.356507 0.453362     0.604704
59350.806824 1.394117 0.466426     0.808894
59350.844434 1.431727 0.479489     0.999626
59350.882044 -1.409692 0.492553     1.176348
59350.919654 -1.372082 0.505616     1.338741
59350.957265 -1.334472 0.518680     1.486679
59350.994875 -1.296861 0.531743     1.620187
59351.032485 -1.259251 0.544807     1.739414
59351.070095 -1.221641 0.557870     1.844599
59351.107705 -1.184031 0.570934     1.936048
59351.145315 -1.146421 0.583997     2.014113
59351.182926 -1.108811 0.597061     2.079178
59351.220536 -1.071200 0.610124     2.131642
59351.258146 -1.033590 0.623188     2.171908
59351.295756 -0.995980 0.636251     2.200378
59351.333366 -0.958370 0.649315     2.217447
59351.370976 -0.920760 0.662378     2.223493
59351.408586 -0.883150 0.675442     2.218879
59351.446197 -0.845540 0.688505     2.203950
59351.483807 -0.807929 0.701569     2.179029
59351.521417 -0.770319 0.714632     2.144419
59351.559027 -0.732709 0.727696     2.100404
59351.596637 -0.695099 0.740759     2.047247
59351.634247 -0.657489 0.753823     1.985191
59351.671858 -0.619879 0.766886     1.914464
59351.709468 -0.582268 0.779950     1.835277
59351.747078 -0.544658 0.793013     1.747828
59351.784688 -0.507048 0.806077     1.652305
59351.822298 -0.469438 0.819140     1.548886
59351.859908 -0.431828 0.832203     1.437745
59351.897519 -0.394218 0.845267     1.319055
59351.935129 -0.356607 0.858330     1.192992
59351.972739 -0.318997 0.871394     1.059738
59352.010349 -0.281387 0.884457     0.919490
59352.047959 -0.243777 0.897521     0.772462
59352.085569 -0.206167 0.910584     0.618896
59352.123179 -0.168557 0.923648     0.459068
59352.160790 -0.130947 0.936711     0.293294
59352.198400 -0.093336 0.949775     0.121947
59352.236010 -0.055726 0.962838    -0.054538
59352.273620 -0.018116 0.975902    -0.235647
59352.311230 0.019494 0.988965    -0.420775
59352.348840 0.057104 0.002029    -0.609209
59352.386451 0.094714 0.015092    -0.800113
59352.424061 0.132325 0.028156    -0.992510
59352.461671 0.169935 0.041219    -1.185264
59352.499281 0.207545 0.054283    -1.377061
59352.536891 0.245155 0.067346    -1.566400
59352.574501 0.282765 0.080410    -1.751573
59352.612111 0.320375 0.093473    -1.930664
59352.649722 0.357985 0.106537    -2.101547
59352.687332 0.395596 0.119600    -2.261899
59352.724942 0.433206 0.132664    -2.409222
59352.762552 0.470816 0.145727    -2.540888
59352.800162 0.508426 0.158791    -2.654194
59352.837772 0.546036 0.171854    -2.746446
59352.875383 0.583646 0.184918    -2.815056
59352.912993 0.621257 0.197981    -2.857657
59352.950603 0.658867 0.211045    -2.872232
59352.988213 0.696477 0.224108    -2.857242
59353.025823 0.734087 0.237172    -2.811746
59353.063433 0.771697 0.250235    -2.735496
59353.101043 0.809307 0.263299    -2.629002
59353.138654 0.846917 0.276362    -2.493551
59353.176264 0.884528 0.289426    -2.331178
59353.213874 0.922138 0.302489    -2.144584
59353.251484 0.959748 0.315552    -1.937021
59353.289094 0.997358 0.328616    -1.712135
59353.326704 1.034968 0.341679    -1.473807
59353.364315 1.072578 0.354743    -1.225981
59353.401925 1.110189 0.367806    -0.972516
59353.439535 1.147799 0.380870    -0.717058
59353.477145 1.185409 0.393933    -0.462942
59353.514755 1.223019 0.406997    -0.213127
59353.552365 1.260629 0.420060     0.029839
59353.589976 1.298239 0.433124     0.263827
59353.627586 1.335850 0.446187     0.487116
59353.665196 1.373460 0.459251     0.698364
59353.702806 1.411070 0.472314     0.896573
59353.740416 -1.430349 0.485378     1.081043
59353.778026 -1.392739 0.498441     1.251333
59353.815636 -1.355129 0.511505     1.407216
59353.853247 -1.317518 0.524568     1.548638
59353.890857 -1.279908 0.537632     1.675685
59353.928467 -1.242298 0.550695     1.788548
59353.966077 -1.204688 0.563759     1.887500
59354.003687 -1.167078 0.576822     1.972871
59354.041297 -1.129468 0.589886     2.045028
59354.078908 -1.091858 0.602949     2.104362
59354.116518 -1.054247 0.616013     2.151277
59354.154128 -1.016637 0.629076     2.186177
59354.191738 -0.979027 0.642140     2.209461
59354.229348 -0.941417 0.655203     2.221515
59354.266958 -0.903807 0.668267     2.222712
59354.304568 -0.866197 0.681330     2.213407
59354.342179 -0.828586 0.694394     2.193935
59354.379789 -0.790976 0.707457     2.164610
59354.417399 -0.753366 0.720521     2.125727
59354.455009 -0.715756 0.733584     2.077560
59354.492619 -0.678146 0.746648     2.020362
59354.530229 -0.640536 0.759711     1.954371
59354.567840 -0.602926 0.772775     1.879805
59354.605450 -0.565315 0.785838     1.796870
59354.643060 -0.527705 0.798901     1.705759
59354.680670 -0.490095 0.811965     1.606655
59354.718280 -0.452485 0.825028     1.499734
59354.755890 -0.414875 0.838092     1.385169
59354.793500 -0.377265 0.851155     1.263133
59354.831111 -0.339654 0.864219     1.133805
59354.868721 -0.302044 0.877282     0.997374
59354.906331 -0.264434 0.890346     0.854041
59354.943941 -0.226824 0.903409     0.704035
59354.981551 -0.189214 0.916473     0.547610
59355.019161 -0.151604 0.929536     0.385059
59355.056772 -0.113993 0.942600     0.216723
59355.094382 -0.076383 0.955663     0.043002
59355.131992 -0.038773 0.968727    -0.135636
59355.169602 -0.001163 0.981790    -0.318637
59355.207212 0.036447 0.994854    -0.505351
59355.244822 0.074057 0.007917    -0.695010
59355.282433 0.111667 0.020981    -0.886717
59355.320043 0.149278 0.034044    -1.079425
59355.357653 0.186888 0.047108    -1.271921
59355.395263 0.224498 0.060171    -1.462809
59355.432873 0.262108 0.073235    -1.650493
59355.470483 0.299718 0.086298    -1.833175
59355.508093 0.337328 0.099362    -2.008842
59355.545704 0.374939 0.112425    -2.175276
59355.583314 0.412549 0.125489    -2.330074
59355.620924 0.450159 0.138552    -2.470671
59355.658534 0.487769 0.151616    -2.594397
59355.696144 0.525379 0.164679    -2.698543
59355.733754 0.562989 0.177743    -2.780447
59355.771365 0.600599 0.190806    -2.837608
59355.808975 0.638210 0.203870    -2.867800
59355.846585 0.675820 0.216933    -2.869207
59355.884195 0.713430 0.229997    -2.840543
59355.921805 0.751040 0.243060    -2.781170
59355.959415 0.788650 0.256124    -2.691178
59355.997025 0.826260 0.269187    -2.571426
59356.034636 0.863871 0.282250    -2.423545
59356.072246 0.901481 0.295314    -2.249884
59356.109856 0.939091 0.308377    -2.053408
59356.147466 0.976701 0.321441    -1.837568
59356.185076 1.014311 0.334504    -1.606135
59356.222686 1.051921 0.347568    -1.363039
59356.260297 1.089531 0.360631    -1.112203
59356.297907 1.127142 0.373695    -0.857405
59356.335517 1.164752 0.386758    -0.602160
59356.373127 1.202362 0.399822    -0.349641
59356.410737 1.239972 0.412885    -0.102623
59356.448347 1.277582 0.425949     0.136535
59356.485957 1.315192 0.439012     0.365890
59356.523568 1.352803 0.452076     0.583896
59356.561178 1.390413 0.465139     0.789371
59356.598788 1.428023 0.478203     0.981456
59356.636398 -1.413396 0.491266     1.159576
59356.674008 -1.375786 0.504330     1.323389
59356.711618 -1.338176 0.517393     1.472751
59356.749229 -1.300565 0.530457     1.607676
59356.786839 -1.262955 0.543520     1.728300
59356.824449 -1.225345 0.556584     1.834855
59356.862059 -1.187735 0.569647     1.927642
59356.899669 -1.150125 0.582711     2.007009
59356.937279 -1.112515 0.595774     2.073336
59356.974890 -1.074904 0.608838     2.127023
59357.012500 -1.037294 0.621901     2.168472
59357.050110 -0.999684 0.634965     2.198087
59357.087720 -0.962074 0.648028     2.216261
59357.125330 -0.924464 0.661092     2.223377
59357.162940 -0.886854 0.674155     2.219797
59357.200550 -0.849244 0.687219     2.205869
59357.238161 -0.811633 0.700282     2.181918
59357.275771 -0.774023 0.713346     2.148250
59357.313381 -0.736413 0.726409     2.105149
59357.350991 -0.698803 0.739473     2.052881
59357.388601 -0.661193 0.752536     1.991691
59357.426211 -0.623583 0.765599     1.921808
59357.463822 -0.585972 0.778663     1.843446
59357.501432 -0.548362 0.791726     1.756802
59357.539042 -0.510752 0.804790     1.662066
59357.576652 -0.473142 0.817853     1.559417
59357.614262 -0.435532 0.830917     1.449029
59357.651872 -0.397922 0.843980     1.331075
59357.689482 -0.360312 0.857044     1.205730
59357.727093 -0.322701 0.870107     1.073175
59357.764703 -0.285091 0.883171     0.933607
59357.802313 -0.247481 0.896234     0.787237
59357.839923 -0.209871 0.909298     0.634303
59357.877533 -0.172261 0.922361     0.475078
59357.915143 -0.134651 0.935425     0.309874
59357.952754 -0.097040 0.948488     0.139058
59357.990364 -0.059430 0.961552    -0.036943
59358.027974 -0.021820 0.974615    -0.217622
59358.065584 0.015790 0.987679    -0.402383
59358.103194 0.053400 0.000742    -0.590527
59358.140804 0.091010 0.013806    -0.781229
59358.178414 0.128620 0.026869    -0.973527
59358.216025 0.166231 0.039933    -1.166300
59358.253635 0.203841 0.052996    -1.358255
59358.291245 0.241451 0.066060    -1.547908
59358.328855 0.279061 0.079123    -1.733573
59358.366465 0.316671 0.092187    -1.913354
59358.404075 0.354281 0.105250    -2.085146
59358.441686 0.391892 0.118314    -2.246643
59358.479296 0.429502 0.131377    -2.395365
59358.516906 0.467112 0.144441    -2.528692
59358.554516 0.504722 0.157504    -2.643927
59358.592126 0.542332 0.170568    -2.738370
59358.629736 0.579942 0.183631    -2.809417
59358.667347 0.617553 0.196695    -2.854676
59358.704957 0.655163 0.209758    -2.872088
59358.742567 0.692773 0.222822    -2.860063
59358.780177 0.730383 0.235885    -2.817594
59358.817787 0.767993 0.248948    -2.744362
59358.855397 0.805603 0.262012    -2.640802
59358.893007 0.843213 0.275075    -2.508124
59358.930618 0.880824 0.288139    -2.348293
59358.968228 0.918434 0.301202    -2.163948
59359.005838 0.956044 0.314266    -1.958293
59359.043448 0.993654 0.327329    -1.734944
59359.081058 1.031264 0.340393    -1.497764
59359.118668 1.068874 0.353456    -1.250700
59359.156279 1.106485 0.366520    -0.997624
59359.193889 1.144095 0.379583    -0.742208
59359.231499 1.181705 0.392647    -0.487822
59359.269109 1.219315 0.405710    -0.237464
59359.306719 1.256925 0.418774     0.006278
59359.344329 1.294535 0.431837     0.241233
59359.381939 1.332145 0.444901     0.465641
59359.419550 1.369756 0.457964     0.678125
59359.457160 1.407366 0.471028     0.877653
59359.494770 -1.434053 0.484091     1.063499
59359.532380 -1.396443 0.497155     1.235199
59359.569990 -1.358833 0.510218     1.392506
59359.607600 -1.321223 0.523282     1.535351
59359.645211 -1.283612 0.536345     1.663806
59359.682821 -1.246002 0.549409     1.778055
59359.720431 -1.208392 0.562472     1.878364
59359.758041 -1.170782 0.575536     1.965056
59359.795651 -1.133172 0.588599     2.038497
59359.833261 -1.095562 0.601663     2.099077
59359.870871 -1.057951 0.614726     2.147197
59359.908482 -1.020341 0.627790     2.183262
59359.946092 -0.982731 0.640853     2.207672
59359.983702 -0.945121 0.653917     2.220815
59360.021312 -0.907511 0.666980     2.223066
59360.058922 -0.869901 0.680044     2.214780
59360.096532 -0.832290 0.693107     2.196295
59360.134143 -0.794680 0.706171     2.167927
59360.171753 -0.757070 0.719234     2.129973
59360.209363 -0.719460 0.732297     2.082708
59360.246973 -0.681850 0.745361     2.026389
59360.284583 -0.644240 0.758424     1.961254
59360.322193 -0.606630 0.771488     1.887523
59360.359804 -0.569019 0.784551     1.805404
59360.397414 -0.531409 0.797615     1.715090
59360.435024 -0.493799 0.810678     1.616765
59360.472634 -0.456189 0.823742     1.510606
59360.510244 -0.418579 0.836805     1.396786
59360.547854 -0.380969 0.849869     1.275479
59360.585464 -0.343358 0.862932     1.146861
59360.623075 -0.305748 0.875996     1.011120
59360.660685 -0.268138 0.889059     0.868458
59360.698295 -0.230528 0.902123     0.719098
59360.735905 -0.192918 0.915186     0.563292
59360.773515 -0.155308 0.928250     0.401331
59360.811125 -0.117698 0.941313     0.233548
59360.848736 -0.080087 0.954377     0.060337
59360.886346 -0.042477 0.967440    -0.117839
59360.923956 -0.004867 0.980504    -0.300438
59360.961566 0.032743 0.993567    -0.486818
59360.999176 0.070353 0.006631    -0.676225
59361.036786 0.107963 0.019694    -0.867774
59361.074396 0.145574 0.032758    -1.060435
59361.112007 0.183184 0.045821    -1.253011
59361.149617 0.220794 0.058885    -1.444124
59361.187227 0.258404 0.071948    -1.632200
59361.224837 0.296014 0.085012    -1.815460
59361.262447 0.333624 0.098075    -1.991913
59361.300057 0.371234 0.111139    -2.159361
59361.337668 0.408845 0.124202    -2.315416
59361.375278 0.446455 0.137266    -2.457529
59361.412888 0.484065 0.150329    -2.583037
59361.450498 0.521675 0.163393    -2.689231
59361.488108 0.559285 0.176456    -2.773441
59361.525718 0.596895 0.189520    -2.833143
59361.563328 0.634506 0.202583    -2.866079
59361.600939 0.672116 0.215646    -2.870387
59361.638549 0.709726 0.228710    -2.844724
59361.676159 0.747336 0.241773    -2.788384
59361.713769 0.784946 0.254837    -2.701382
59361.751379 0.822556 0.267900    -2.584500
59361.788989 0.860167 0.280964    -2.439297
59361.826600 0.897777 0.294027    -2.268052
59361.864210 0.935387 0.307091    -2.073677
59361.901820 0.972997 0.320154    -1.859580
59361.939430 1.010607 0.333218    -1.629509
59361.977040 1.048217 0.346281    -1.387387
59362.014650 1.085827 0.359345    -1.137142
59362.052261 1.123438 0.372408    -0.882573
59362.089871 1.161048 0.385472    -0.627226
59362.127481 1.198658 0.398535    -0.374308
59362.165091 1.236268 0.411599    -0.126637
59362.202701 1.273878 0.424662     0.113388
59362.240311 1.311488 0.437726     0.343783
59362.277921 1.349099 0.450789     0.562965
59362.315532 1.386709 0.463853     0.769717
59362.353142 1.424319 0.476916     0.963151
59362.390752 -1.417100 0.489980     1.142665
59362.428362 -1.379490 0.503043     1.307896
59362.465972 -1.341880 0.516107     1.458683
59362.503582 -1.304269 0.529170     1.595026
59362.541193 -1.266659 0.542234     1.717049
59362.578803 -1.229049 0.555297     1.824978
59362.616413 -1.191439 0.568361     1.919105
59362.654023 -1.153829 0.581424     1.999777
59362.691633 -1.116219 0.594488     2.067372
59362.729243 -1.078609 0.607551     2.122285
59362.766853 -1.040998 0.620615     2.164922
59362.804464 -1.003388 0.633678     2.195684
59362.842074 -0.965778 0.646742     2.214969
59362.879684 -0.928168 0.659805     2.223156
59362.917294 -0.890558 0.672869     2.220615
59362.954904 -0.852948 0.685932     2.207691
59362.992514 -0.815337 0.698995     2.184713
59363.030125 -0.777727 0.712059     2.151989
59363.067735 -0.740117 0.725122     2.109805
59363.105345 -0.702507 0.738186     2.058428
59363.142955 -0.664897 0.751249     1.998107
59363.180565 -0.627287 0.764313     1.929070
59363.218175 -0.589676 0.777376     1.851534
59363.255785 -0.552066 0.790440     1.765697
59363.293396 -0.514456 0.803503     1.671750
59363.331006 -0.476846 0.816567     1.569873
59363.368616 -0.439236 0.829630     1.460239
59363.406226 -0.401626 0.842694     1.343023
59363.443836 -0.364016 0.855757     1.218397
59363.481446 -0.326405 0.868821     1.086545
59363.519057 -0.288795 0.881884     0.947658
59363.556667 -0.251185 0.894948     0.801947
59363.594277 -0.213575 0.908011     0.649649
59363.631887 -0.175965 0.921075     0.491030
59363.669497 -0.138355 0.934138     0.326400
59363.707107 -0.100744 0.947202     0.156118
59363.744718 -0.063134 0.960265    -0.019393
59363.782328 -0.025524 0.973329    -0.199636
59363.819938 0.012086 0.986392    -0.384025
59363.857548 0.049696 0.999456    -0.571870
59363.895158 0.087306 0.012519    -0.762360
59363.932768 0.124916 0.025583    -0.954548
59363.970378 0.162527 0.038646    -1.147329
59364.007989 0.200137 0.051710    -1.339427
59364.045599 0.237747 0.064773    -1.529378
59364.083209 0.275357 0.077837    -1.715517
59364.120819 0.312967 0.090900    -1.895967
59364.158429 0.350577 0.103964    -2.068645
59364.196039 0.388188 0.117027    -2.231264
59364.233650 0.425798 0.130091    -2.381358
59364.271260 0.463408 0.143154    -2.516320
59364.308870 0.501018 0.156218    -2.633457
59364.346480 0.538628 0.169281    -2.730066
59364.384090 0.576238 0.182345    -2.803528
59364.421700 0.613848 0.195408    -2.851424
59364.459310 0.651459 0.208471    -2.871658
59364.496921 0.689069 0.221535    -2.862587
59364.534531 0.726679 0.234598    -2.823143
59364.572141 0.764289 0.247662    -2.752934
59364.609751 0.801899 0.260725    -2.652320
59364.647361 0.839509 0.273789    -2.522434
59364.684971 0.877120 0.286852    -2.365170
59364.722582 0.914730 0.299916    -2.183105
59364.760192 0.952340 0.312979    -1.979394
59364.797802 0.989950 0.326043    -1.757619
59364.835412 1.027560 0.339106    -1.521626
59364.873022 1.065170 0.352170    -1.275360
59364.910632 1.102781 0.365233    -1.022709
59364.948242 1.140391 0.378297    -0.767369
59364.985853 1.178001 0.391360    -0.512742
59365.023463 1.215611 0.404424    -0.261865
59365.061073 1.253221 0.417487    -0.017369
59365.098683 1.290831 0.430551     0.218536
59365.136293 1.328441 0.443614     0.444050
59365.173903 1.366052 0.456678     0.657759
59365.211514 1.403662 0.469741     0.858600
59365.249124 -1.437757 0.482805     1.045818
59365.286734 -1.400147 0.495868     1.218926
59365.324344 -1.362537 0.508932     1.377656
59365.361954 -1.324927 0.521995     1.521924
59365.399564 -1.287316 0.535059     1.651790
59365.437175 -1.249706 0.548122     1.767427
59365.474785 -1.212096 0.561186     1.869095
59365.512395 -1.174486 0.574249     1.957112
59365.550005 -1.136876 0.587313     2.031842
59365.587615 -1.099266 0.600376     2.093670
59365.625225 -1.061655 0.613440     2.143000
59365.662835 -1.024045 0.626503     2.180234
59365.700446 -0.986435 0.639567     2.205775
59365.738056 -0.948825 0.652630     2.220011
59365.775666 -0.911215 0.665694     2.223318
59365.813276 -0.873605 0.678757     2.216054
59365.850886 -0.835995 0.691820     2.198559
59365.888496 -0.798384 0.704884     2.171151
59365.926107 -0.760774 0.717947     2.134129
59365.963717 -0.723164 0.731011     2.087769
59366.001327 -0.685554 0.744074     2.032331
59366.038937 -0.647944 0.757138     1.968054
59366.076547 -0.610334 0.770201     1.895160
59366.114157 -0.572723 0.783265     1.813858
59366.151767 -0.535113 0.796328     1.724343
59366.189378 -0.497503 0.809392     1.626799
59366.226988 -0.459893 0.822455     1.521404
59366.264598 -0.422283 0.835519     1.408331
59366.302208 -0.384673 0.848582     1.287753
59366.339818 -0.347062 0.861646     1.159847
59366.377428 -0.309452 0.874709     1.024799
59366.415039 -0.271842 0.887773     0.882809
59366.452649 -0.234232 0.900836     0.734098
59366.490259 -0.196622 0.913900     0.578915
59366.527869 -0.159012 0.926963     0.417546
59366.565479 -0.121402 0.940027     0.250320
59366.603089 -0.083791 0.953090     0.077625
59366.640699 -0.046181 0.966154    -0.100086
59366.678310 -0.008571 0.979217    -0.282276
59366.715920 0.029039 0.992281    -0.468315
59366.753530 0.066649 0.005344    -0.657461
59366.791140 0.104259 0.018408    -0.848842
59366.828750 0.141870 0.031471    -1.041444
59366.866360 0.179480 0.044535    -1.234086
59366.903971 0.217090 0.057598    -1.425410
59366.941581 0.254700 0.070662    -1.613861
59366.979191 0.292310 0.083725    -1.797680
59367.016801 0.329920 0.096789    -1.974898
59367.054411 0.367530 0.109852    -2.143336
59367.092021 0.405141 0.122916    -2.300624
59367.129632 0.442751 0.135979    -2.444226
59367.167242 0.480361 0.149043    -2.571490
59367.204852 0.517971 0.162106    -2.679706
59367.242462 0.555581 0.175169    -2.766196
59367.280072 0.593191 0.188233    -2.828417
59367.317682 0.630802 0.201296    -2.864080
59367.355292 0.668412 0.214360    -2.871276
59367.392903 0.706022 0.227423    -2.848607
59367.430513 0.743632 0.240487    -2.795300
59367.468123 0.781242 0.253550    -2.711295
59367.505733 0.818852 0.266614    -2.597300
59367.543343 0.856462 0.279677    -2.454796
59367.580953 0.894073 0.292741    -2.285995
59367.618564 0.931683 0.305804    -2.093754
59367.656174 0.969293 0.318868    -1.881437
59367.693784 1.006903 0.331931    -1.652767
59367.731394 1.044513 0.344995    -1.411656
59367.769004 1.082123 0.358058    -1.162040
59367.806614 1.119734 0.371122    -0.907734
59367.844224 1.157344 0.384185    -0.652315
59367.881835 1.194954 0.397249    -0.399026
59367.919445 1.232564 0.410312    -0.150725
59367.957055 1.270174 0.423376     0.090148
59367.994665 1.307784 0.436439     0.321568
59368.032275 1.345395 0.449503     0.541914
59368.069885 1.383005 0.462566     0.749934
59368.107496 1.420615 0.475630     0.944711
59368.145106 -1.420804 0.488693     1.125615
59368.182716 -1.383194 0.501757     1.292263
59368.220326 -1.345584 0.514820     1.444475
59368.257936 -1.307973 0.527884     1.582236
59368.295546 -1.270363 0.540947     1.705662
59368.333156 -1.232753 0.554011     1.814966
59368.370767 -1.195143 0.567074     1.910438
59368.408377 -1.157533 0.580138     1.992419
59368.445987 -1.119923 0.593201     2.061284
59368.483597 -1.082313 0.606265     2.117429
59368.521207 -1.044702 0.619328     2.161256
59368.558817 -1.007092 0.632392     2.193171
59368.596428 -0.969482 0.645455     2.213568
59368.634038 -0.931872 0.658518     2.222832
59368.671648 -0.894262 0.671582     2.221331
59368.709258 -0.856652 0.684645     2.209415
59368.746868 -0.819041 0.697709     2.187414
59368.784478 -0.781431 0.710772     2.155636
59368.822089 -0.743821 0.723836     2.114372
59368.859699 -0.706211 0.736899     2.063889
59368.897309 -0.668601 0.749963     2.004438
59368.934919 -0.630991 0.763026     1.936250
59368.972529 -0.593381 0.776090     1.859542
59369.010139 -0.555770 0.789153     1.774514
59369.047749 -0.518160 0.802217     1.681358
59369.085360 -0.480550 0.815280     1.580253
59369.122970 -0.442940 0.828344     1.471376
59369.160580 -0.405330 0.841407     1.354898
59369.198190 -0.367720 0.854471     1.230995
59369.235800 -0.330109 0.867534     1.099846
59369.273410 -0.292499 0.880598     0.961642
59369.311021 -0.254889 0.893661     0.816594
59369.348631 -0.217279 0.906725     0.664933
59369.386241 -0.179669 0.919788     0.506924
59369.423851 -0.142059 0.932852     0.342871
59369.461461 -0.104448 0.945915     0.173128
59369.499071 -0.066838 0.958979    -0.001889
59369.536681 -0.029228 0.972042    -0.181690
59369.574292 0.008382 0.985106    -0.365700
59369.611902 0.045992 0.998169    -0.553238
59369.649512 0.083602 0.011233    -0.743508
59369.687122 0.121212 0.024296    -0.935574
59369.724732 0.158823 0.037360    -1.128351
59369.762342 0.196433 0.050423    -1.320578
59369.799953 0.234043 0.063487    -1.510812
59369.837563 0.271653 0.076550    -1.697405
59369.875173 0.309263 0.089614    -1.878505
59369.912783 0.346873 0.102677    -2.052047
59369.950393 0.384484 0.115741    -2.215763
59369.988003 0.422094 0.128804    -2.367205
59370.025613 0.459704 0.141867    -2.503776
59370.063224 0.497314 0.154931    -2.622789
59370.100834 0.534924 0.167994    -2.721538
59370.138444 0.572534 0.181058    -2.797391
59370.176054 0.610144 0.194121    -2.847904
59370.213664 0.647755 0.207185    -2.870944
59370.251274 0.685365 0.220248    -2.864817
59370.288885 0.722975 0.233312    -2.828392
59370.326495 0.760585 0.246375    -2.761210
59370.364105 0.798195 0.259439    -2.663552
59370.401715 0.835805 0.272502    -2.536478
59370.439325 0.873416 0.285566    -2.381805
59370.476935 0.911026 0.298629    -2.202052
59370.514546 0.948636 0.311693    -2.000319
59370.552156 0.986246 0.324756    -1.780155
59370.589766 1.023856 0.337820    -1.545388
59370.627376 1.061466 0.350883    -1.299959
59370.664986 1.099076 0.363947    -1.047769
59370.702596 1.136687 0.377010    -0.792537
59370.740206 1.174297 0.390074    -0.537699
59370.777817 1.211907 0.403137    -0.286329
59370.815427 1.249517 0.416201    -0.041099
59370.853037 1.287127 0.429264     0.195738
59370.890647 1.324737 0.442328     0.422344
59370.928257 1.362348 0.455391     0.637268
59370.965867 1.399958 0.468455     0.839415
59371.003478 1.437568 0.481518     1.028001
59371.041088 -1.403851 0.494582     1.202513
59371.078698 -1.366241 0.507645     1.362665
59371.116308 -1.328631 0.520709     1.508357
59371.153918 -1.291020 0.533772     1.639635
59371.191528 -1.253410 0.546836     1.756664
59371.229138 -1.215800 0.559899     1.859694
59371.266749 -1.178190 0.572963     1.949040
59371.304359 -1.140580 0.586026     2.025061
59371.341969 -1.102970 0.599090     2.088142
59371.379579 -1.065359 0.612153     2.138685
59371.417189 -1.027749 0.625216     2.177093
59371.454799 -0.990139 0.638280     2.203767
59371.492410 -0.952529 0.651343     2.219100
59371.530020 -0.914919 0.664407     2.223467
59371.567630 -0.877309 0.677470     2.217229
59371.605240 -0.839699 0.690534     2.200727
59371.642850 -0.802088 0.703597     2.174282
59371.680460 -0.764478 0.716661     2.138194
59371.718070 -0.726868 0.729724     2.092742
59371.755681 -0.689258 0.742788     2.038187
59371.793291 -0.651648 0.755851     1.974770
59371.830901 -0.614038 0.768915     1.902716
59371.868511 -0.576427 0.781978     1.822233
59371.906121 -0.538817 0.795042     1.733518
59371.943731 -0.501207 0.808105     1.636757
59371.981342 -0.463597 0.821169     1.532128
59372.018952 -0.425987 0.834232     1.419803
59372.056562 -0.388377 0.847296     1.299957
59372.094172 -0.350767 0.860359     1.172764
59372.131782 -0.313156 0.873423     1.038411
59372.169392 -0.275546 0.886486     0.897095
59372.207003 -0.237936 0.899550     0.749035
59372.244613 -0.200326 0.912613     0.594478
59372.282223 -0.162716 0.925677     0.433704
59372.319833 -0.125106 0.938740     0.267039
59372.357443 -0.087495 0.951804     0.094863
59372.395053 -0.049885 0.964867    -0.082376
59372.432663 -0.012275 0.977931    -0.264151
59372.470274 0.025335 0.990994    -0.449842
59372.507884 0.062945 0.004058    -0.638718
59372.545494 0.100555 0.017121    -0.829922
59372.583104 0.138166 0.030185    -1.022453
59372.620714 0.175776 0.043248    -1.215149
59372.658324 0.213386 0.056312    -1.406668
59372.695935 0.250996 0.069375    -1.595477
59372.733545 0.288606 0.082439    -1.779836
59372.771155 0.326216 0.095502    -1.957797
