# time Tc_folded Tref_folded model model_err 
59318.650141 0.000000 0.000000     2.074506     0.873834 
59318.687751 0.000000 0.000000     2.062345     0.873619 
59318.725361 0.000000 0.000000     2.050210     0.873397 
59318.762971 0.000000 0.000000     2.038103     0.873169 
59318.800582 0.000000 0.000000     2.026029     0.872934 
59318.838192 0.000000 0.000000     2.013991     0.872693 
59318.875802 0.000000 0.000000     2.001992     0.872446 
59318.913412 0.000000 0.000000     1.990037     0.872193 
59318.951022 0.000000 0.000000     1.978128     0.871934 
59318.988632 0.000000 0.000000     1.966269     0.871669 
59319.026243 0.000000 0.000000     1.954463     0.871398 
59319.063853 0.000000 0.000000     1.942715     0.871122 
59319.101463 0.000000 0.000000     1.931027     0.870841 
59319.139073 0.000000 0.000000     1.919403     0.870555 
59319.176683 0.000000 0.000000     1.907845     0.870264 
59319.214293 0.000000 0.000000     1.896358     0.869968 
59319.251903 0.000000 0.000000     1.884945     0.869667 
59319.289514 0.000000 0.000000     1.873608     0.869362 
59319.327124 0.000000 0.000000     1.862352     0.869053 
59319.364734 0.000000 0.000000     1.851179     0.868740 
59319.402344 0.000000 0.000000     1.840092     0.868422 
59319.439954 0.000000 0.000000     1.829095     0.868101 
59319.477564 0.000000 0.000000     1.818191     0.867776 
59319.515175 0.000000 0.000000     1.807382     0.867448 
59319.552785 0.000000 0.000000     1.796672     0.867116 
59319.590395 0.000000 0.000000     1.786063     0.866781 
59319.628005 0.000000 0.000000     1.775560     0.866443 
59319.665615 0.000000 0.000000     1.765164     0.866102 
59319.703225 0.000000 0.000000     1.754878     0.865758 
59319.740836 0.000000 0.000000     1.744706     0.865412 
59319.778446 0.000000 0.000000     1.734649     0.865063 
59319.816056 0.000000 0.000000     1.724712     0.864712 
59319.853666 0.000000 0.000000     1.714896     0.864359 
59319.891276 0.000000 0.000000     1.705205     0.864004 
59319.928886 0.000000 0.000000     1.695640     0.863646 
59319.966496 0.000000 0.000000     1.686205     0.863287 
59320.004107 0.000000 0.000000     1.676902     0.862927 
59320.041717 0.000000 0.000000     1.667734     0.862565 
59320.079327 0.000000 0.000000     1.658703     0.862201 
59320.116937 0.000000 0.000000     1.649812     0.861836 
59320.154547 0.000000 0.000000     1.641063     0.861471 
59320.192157 0.000000 0.000000     1.632458     0.861104 
59320.229768 0.000000 0.000000     1.624000     0.860736 
59320.267378 0.000000 0.000000     1.615692     0.860367 
59320.304988 0.000000 0.000000     1.607534     0.859998 
59320.342598 0.000000 0.000000     1.599531     0.859628 
59320.380208 0.000000 0.000000     1.591683     0.859258 
59320.417818 0.000000 0.000000     1.583993     0.858888 
59320.455428 0.000000 0.000000     1.576463     0.858517 
59320.493039 0.000000 0.000000     1.569095     0.858146 
59320.530649 0.000000 0.000000     1.561892     0.857775 
59320.568259 0.000000 0.000000     1.554854     0.857404 
59320.605869 0.000000 0.000000     1.547985     0.857033 
59320.643479 0.000000 0.000000     1.541285     0.856662 
59320.681089 0.000000 0.000000     1.534758     0.856292 
59320.718700 0.000000 0.000000     1.528404     0.855922 
59320.756310 0.000000 0.000000     1.522225     0.855553 
59320.793920 0.000000 0.000000     1.516224     0.855184 
59320.831530 0.000000 0.000000     1.510401     0.854815 
59320.869140 0.000000 0.000000     1.504759     0.854448 
59320.906750 0.000000 0.000000     1.499299     0.854081 
59320.944360 0.000000 0.000000     1.494022     0.853715 
59320.981971 0.000000 0.000000     1.488931     0.853349 
59321.019581 0.000000 0.000000     1.484026     0.852985 
59321.057191 0.000000 0.000000     1.479309     0.852621 
59321.094801 0.000000 0.000000     1.474782     0.852259 
59321.132411 0.000000 0.000000     1.470446     0.851897 
59321.170021 0.000000 0.000000     1.466301     0.851537 
59321.207632 0.000000 0.000000     1.462350     0.851178 
59321.245242 0.000000 0.000000     1.458594     0.850820 
59321.282852 0.000000 0.000000     1.455033     0.850463 
59321.320462 0.000000 0.000000     1.451669     0.850108 
59321.358072 0.000000 0.000000     1.448503     0.849753 
59321.395682 0.000000 0.000000     1.445536     0.849400 
59321.433293 0.000000 0.000000     1.442769     0.849049 
59321.470903 0.000000 0.000000     1.440203     0.848698 
59321.508513 0.000000 0.000000     1.437838     0.848349 
59321.546123 0.000000 0.000000     1.435677     0.848002 
59321.583733 0.000000 0.000000     1.433719     0.847656 
59321.621343 0.000000 0.000000     1.431965     0.847311 
59321.658953 0.000000 0.000000     1.430417     0.846967 
59321.696564 0.000000 0.000000     1.429074     0.846626 
59321.734174 0.000000 0.000000     1.427938     0.846285 
59321.771784 0.000000 0.000000     1.427008     0.845946 
59321.809394 0.000000 0.000000     1.426286     0.845608 
59321.847004 0.000000 0.000000     1.425773     0.845272 
59321.884614 0.000000 0.000000     1.425468     0.844937 
59321.922225 0.000000 0.000000     1.425371     0.844604 
59321.959835 0.000000 0.000000     1.425485     0.844272 
59321.997445 0.000000 0.000000     1.425807     0.843942 
59322.035055 0.000000 0.000000     1.426340     0.843613 
59322.072665 0.000000 0.000000     1.427083     0.843285 
59322.110275 0.000000 0.000000     1.428037     0.842959 
59322.147885 0.000000 0.000000     1.429201     0.842634 
59322.185496 0.000000 0.000000     1.430576     0.842311 
59322.223106 0.000000 0.000000     1.432161     0.841989 
59322.260716 0.000000 0.000000     1.433957     0.841668 
59322.298326 0.000000 0.000000     1.435964     0.841349 
59322.335936 0.000000 0.000000     1.438182     0.841031 
59322.373546 0.000000 0.000000     1.440610     0.840714 
59322.411157 0.000000 0.000000     1.443248     0.840398 
59322.448767 0.000000 0.000000     1.446097     0.840084 
59322.486377 0.000000 0.000000     1.449156     0.839771 
59322.523987 0.000000 0.000000     1.452424     0.839460 
59322.561597 0.000000 0.000000     1.455901     0.839149 
59322.599207 0.000000 0.000000     1.459587     0.838840 
59322.636817 0.000000 0.000000     1.463481     0.838532 
59322.674428 0.000000 0.000000     1.467584     0.838225 
59322.712038 0.000000 0.000000     1.471893     0.837920 
59322.749648 0.000000 0.000000     1.476409     0.837615 
59322.787258 0.000000 0.000000     1.481132     0.837311 
59322.824868 0.000000 0.000000     1.486059     0.837009 
59322.862478 0.000000 0.000000     1.491192     0.836708 
59322.900089 0.000000 0.000000     1.496528     0.836408 
59322.937699 0.000000 0.000000     1.502067     0.836108 
59322.975309 0.000000 0.000000     1.507808     0.835810 
59323.012919 0.000000 0.000000     1.513750     0.835513 
59323.050529 0.000000 0.000000     1.519893     0.835216 
59323.088139 0.000000 0.000000     1.526234     0.834921 
59323.125750 0.000000 0.000000     1.532774     0.834627 
59323.163360 0.000000 0.000000     1.539510     0.834333 
59323.200970 0.000000 0.000000     1.546443     0.834041 
59323.238580 0.000000 0.000000     1.553569     0.833749 
59323.276190 0.000000 0.000000     1.560889     0.833458 
59323.313800 0.000000 0.000000     1.568401     0.833168 
59323.351410 0.000000 0.000000     1.576103     0.832878 
59323.389021 0.000000 0.000000     1.583994     0.832590 
59323.426631 0.000000 0.000000     1.592073     0.832302 
59323.464241 0.000000 0.000000     1.600337     0.832015 
59323.501851 0.000000 0.000000     1.608787     0.831729 
59323.539461 0.000000 0.000000     1.617418     0.831444 
59323.577071 0.000000 0.000000     1.626231     0.831159 
59323.614682 0.000000 0.000000     1.635223     0.830875 
59323.652292 0.000000 0.000000     1.644393     0.830591 
59323.689902 0.000000 0.000000     1.653738     0.830308 
59323.727512 0.000000 0.000000     1.663257     0.830026 
59323.765122 0.000000 0.000000     1.672947     0.829744 
59323.802732 0.000000 0.000000     1.682808     0.829463 
59323.840342 0.000000 0.000000     1.692836     0.829183 
59323.877953 0.000000 0.000000     1.703030     0.828903 
59323.915563 0.000000 0.000000     1.713387     0.828623 
59323.953173 0.000000 0.000000     1.723905     0.828345 
59323.990783 0.000000 0.000000     1.734582     0.828066 
59324.028393 0.000000 0.000000     1.745416     0.827788 
59324.066003 0.000000 0.000000     1.756404     0.827511 
59324.103614 0.000000 0.000000     1.767544     0.827233 
59324.141224 0.000000 0.000000     1.778833     0.826957 
59324.178834 0.000000 0.000000     1.790269     0.826680 
59324.216444 0.000000 0.000000     1.801849     0.826404 
59324.254054 0.000000 0.000000     1.813570     0.826129 
59324.291664 0.000000 0.000000     1.825431     0.825853 
59324.329274 0.000000 0.000000     1.837428     0.825578 
59324.366885 0.000000 0.000000     1.849557     0.825304 
59324.404495 0.000000 0.000000     1.861818     0.825029 
59324.442105 0.000000 0.000000     1.874206     0.824754 
59324.479715 0.000000 0.000000     1.886719     0.824480 
59324.517325 0.000000 0.000000     1.899353     0.824206 
59324.554935 0.000000 0.000000     1.912106     0.823932 
59324.592546 0.000000 0.000000     1.924975     0.823658 
59324.630156 0.000000 0.000000     1.937956     0.823384 
59324.667766 0.000000 0.000000     1.951046     0.823110 
59324.705376 0.000000 0.000000     1.964242     0.822836 
59324.742986 0.000000 0.000000     1.977540     0.822562 
59324.780596 0.000000 0.000000     1.990938     0.822288 
59324.818207 0.000000 0.000000     2.004432     0.822013 
59324.855817 0.000000 0.000000     2.018018     0.821738 
59324.893427 0.000000 0.000000     2.031693     0.821463 
59324.931037 0.000000 0.000000     2.045454     0.821188 
59324.968647 0.000000 0.000000     2.059296     0.820912 
59325.006257 0.000000 0.000000     2.073216     0.820636 
59325.043867 0.000000 0.000000     2.087211     0.820360 
59325.081478 0.000000 0.000000     2.101277     0.820083 
59325.119088 0.000000 0.000000     2.115410     0.819805 
59325.156698 0.000000 0.000000     2.129606     0.819526 
59325.194308 0.000000 0.000000     2.143862     0.819247 
59325.231918 0.000000 0.000000     2.158173     0.818967 
59325.269528 0.000000 0.000000     2.172535     0.818686 
59325.307139 0.000000 0.000000     2.186945     0.818405 
59325.344749 0.000000 0.000000     2.201398     0.818122 
59325.382359 0.000000 0.000000     2.215891     0.817838 
59325.419969 0.000000 0.000000     2.230420     0.817553 
59325.457579 0.000000 0.000000     2.244979     0.817266 
59325.495189 0.000000 0.000000     2.259565     0.816979 
59325.532799 0.000000 0.000000     2.274175     0.816689 
59325.570410 0.000000 0.000000     2.288802     0.816399 
59325.608020 0.000000 0.000000     2.303445     0.816106 
59325.645630 0.000000 0.000000     2.318096     0.815812 
59325.683240 0.000000 0.000000     2.332754     0.815516 
59325.720850 0.000000 0.000000     2.347413     0.815219 
59325.758460 0.000000 0.000000     2.362068     0.814919 
59325.796071 0.000000 0.000000     2.376716     0.814617 
59325.833681 0.000000 0.000000     2.391352     0.814313 
59325.871291 0.000000 0.000000     2.405971     0.814006 
59325.908901 0.000000 0.000000     2.420568     0.813697 
59325.946511 0.000000 0.000000     2.435140     0.813385 
59325.984121 0.000000 0.000000     2.449682     0.813071 
59326.021731 0.000000 0.000000     2.464189     0.812754 
59326.059342 0.000000 0.000000     2.478656     0.812434 
59326.096952 0.000000 0.000000     2.493078     0.812110 
59326.134562 0.000000 0.000000     2.507452     0.811784 
59326.172172 0.000000 0.000000     2.521772     0.811454 
59326.209782 0.000000 0.000000     2.536034     0.811120 
59326.247392 0.000000 0.000000     2.550233     0.810783 
59326.285003 0.000000 0.000000     2.564364     0.810442 
59326.322613 0.000000 0.000000     2.578422     0.810097 
59326.360223 0.000000 0.000000     2.592403     0.809749 
59326.397833 0.000000 0.000000     2.606301     0.809395 
59326.435443 0.000000 0.000000     2.620113     0.809038 
59326.473053 0.000000 0.000000     2.633833     0.808676 
59326.510664 0.000000 0.000000     2.647457     0.808309 
59326.548274 0.000000 0.000000     2.660979     0.807937 
59326.585884 0.000000 0.000000     2.674395     0.807560 
59326.623494 0.000000 0.000000     2.687700     0.807178 
59326.661104 0.000000 0.000000     2.700889     0.806790 
59326.698714 0.000000 0.000000     2.713958     0.806397 
59326.736324 0.000000 0.000000     2.726901     0.805999 
59326.773935 0.000000 0.000000     2.739714     0.805594 
59326.811545 0.000000 0.000000     2.752392     0.805183 
59326.849155 0.000000 0.000000     2.764931     0.804766 
59326.886765 0.000000 0.000000     2.777324     0.804343 
59326.924375 0.000000 0.000000     2.789569     0.803913 
59326.961985 0.000000 0.000000     2.801659     0.803476 
59326.999596 0.000000 0.000000     2.813590     0.803032 
59327.037206 0.000000 0.000000     2.825358     0.802581 
59327.074816 0.000000 0.000000     2.836957     0.802122 
59327.112426 0.000000 0.000000     2.848384     0.801656 
59327.150036 0.000000 0.000000     2.859632     0.801182 
59327.187646 0.000000 0.000000     2.870699     0.800701 
59327.225256 0.000000 0.000000     2.881578     0.800211 
59327.262867 0.000000 0.000000     2.892266     0.799712 
59327.300477 0.000000 0.000000     2.902758     0.799206 
59327.338087 0.000000 0.000000     2.913050     0.798690 
59327.375697 0.000000 0.000000     2.923136     0.798166 
59327.413307 0.000000 0.000000     2.933013     0.797632 
59327.450917 0.000000 0.000000     2.942675     0.797089 
59327.488528 0.000000 0.000000     2.952120     0.796537 
59327.526138 0.000000 0.000000     2.961341     0.795975 
59327.563748 0.000000 0.000000     2.970336     0.795403 
59327.601358 0.000000 0.000000     2.979099     0.794820 
59327.638968 0.000000 0.000000     2.987627     0.794228 
59327.676578 0.000000 0.000000     2.995915     0.793625 
59327.714188 0.000000 0.000000     3.003959     0.793011 
59327.751799 0.000000 0.000000     3.011756     0.792386 
59327.789409 0.000000 0.000000     3.019300     0.791751 
59327.827019 0.000000 0.000000     3.026589     0.791104 
59327.864629 0.000000 0.000000     3.033617     0.790445 
59327.902239 0.000000 0.000000     3.040383     0.789775 
59327.939849 0.000000 0.000000     3.046880     0.789093 
59327.977460 0.000000 0.000000     3.053107     0.788398 
59328.015070 0.000000 0.000000     3.059059     0.787692 
59328.052680 0.000000 0.000000     3.064732     0.786973 
59328.090290 0.000000 0.000000     3.070124     0.786241 
59328.127900 0.000000 0.000000     3.075230     0.785497 
59328.165510 0.000000 0.000000     3.080047     0.784739 
59328.203121 0.000000 0.000000     3.084572     0.783969 
59328.240731 0.000000 0.000000     3.088802     0.783185 
59328.278341 0.000000 0.000000     3.092733     0.782387 
59328.315951 0.000000 0.000000     3.096362     0.781576 
59328.353561 0.000000 0.000000     3.099687     0.780750 
59328.391171 0.000000 0.000000     3.102705     0.779911 
59328.428781 0.000000 0.000000     3.105412     0.779057 
59328.466392 0.000000 0.000000     3.107805     0.778189 
59328.504002 0.000000 0.000000     3.109883     0.777306 
59328.541612 0.000000 0.000000     3.111643     0.776409 
59328.579222 0.000000 0.000000     3.113081     0.775496 
59328.616832 0.000000 0.000000     3.114196     0.774569 
59328.654442 0.000000 0.000000     3.114986     0.773626 
59328.692053 0.000000 0.000000     3.115447     0.772668 
59328.729663 0.000000 0.000000     3.115579     0.771694 
59328.767273 0.000000 0.000000     3.115378     0.770704 
59328.804883 0.000000 0.000000     3.114844     0.769699 
59328.842493 0.000000 0.000000     3.113973     0.768678 
59328.880103 0.000000 0.000000     3.112765     0.767640 
59328.917713 0.000000 0.000000     3.111217     0.766587 
59328.955324 0.000000 0.000000     3.109329     0.765517 
59328.992934 0.000000 0.000000     3.107099     0.764430 
59329.030544 0.000000 0.000000     3.104525     0.763327 
59329.068154 0.000000 0.000000     3.101606     0.762207 
59329.105764 0.000000 0.000000     3.098341     0.761071 
59329.143374 0.000000 0.000000     3.094730     0.759917 
59329.180985 0.000000 0.000000     3.090770     0.758747 
59329.218595 0.000000 0.000000     3.086462     0.757559 
59329.256205 0.000000 0.000000     3.081805     0.756354 
59329.293815 0.000000 0.000000     3.076798     0.755132 
59329.331425 0.000000 0.000000     3.071440     0.753892 
59329.369035 0.000000 0.000000     3.065732     0.752635 
59329.406645 0.000000 0.000000     3.059673     0.751360 
59329.444256 0.000000 0.000000     3.053263     0.750068 
59329.481866 0.000000 0.000000     3.046502     0.748758 
59329.519476 0.000000 0.000000     3.039390     0.747430 
59329.557086 0.000000 0.000000     3.031928     0.746085 
59329.594696 0.000000 0.000000     3.024115     0.744721 
59329.632306 0.000000 0.000000     3.015952     0.743340 
59329.669917 0.000000 0.000000     3.007440     0.741941 
59329.707527 0.000000 0.000000     2.998580     0.740524 
59329.745137 0.000000 0.000000     2.989372     0.739089 
59329.782747 0.000000 0.000000     2.979817     0.737636 
59329.820357 0.000000 0.000000     2.969917     0.736166 
59329.857967 0.000000 0.000000     2.959672     0.734677 
59329.895578 0.000000 0.000000     2.949084     0.733170 
59329.933188 0.000000 0.000000     2.938154     0.731645 
59329.970798 0.000000 0.000000     2.926884     0.730102 
59330.008408 0.000000 0.000000     2.915275     0.728542 
59330.046018 0.000000 0.000000     2.903330     0.726963 
59330.083628 0.000000 0.000000     2.891049     0.725367 
59330.121238 0.000000 0.000000     2.878436     0.723753 
59330.158849 0.000000 0.000000     2.865492     0.722121 
59330.196459 0.000000 0.000000     2.852220     0.720471 
59330.234069 0.000000 0.000000     2.838622     0.718804 
59330.271679 0.000000 0.000000     2.824699     0.717119 
59330.309289 0.000000 0.000000     2.810456     0.715417 
59330.346899 0.000000 0.000000     2.795895     0.713698 
59330.384510 0.000000 0.000000     2.781019     0.711961 
59330.422120 0.000000 0.000000     2.765829     0.710207 
59330.459730 0.000000 0.000000     2.750331     0.708435 
59330.497340 0.000000 0.000000     2.734526     0.706647 
59330.534950 0.000000 0.000000     2.718419     0.704842 
59330.572560 0.000000 0.000000     2.702012     0.703021 
59330.610170 0.000000 0.000000     2.685309     0.701183 
59330.647781 0.000000 0.000000     2.668314     0.699328 
59330.685391 0.000000 0.000000     2.651030     0.697457 
59330.723001 0.000000 0.000000     2.633462     0.695570 
59330.760611 0.000000 0.000000     2.615613     0.693668 
59330.798221 0.000000 0.000000     2.597487     0.691749 
59330.835831 0.000000 0.000000     2.579089     0.689815 
59330.873442 0.000000 0.000000     2.560422     0.687866 
59330.911052 0.000000 0.000000     2.541492     0.685902 
59330.948662 0.000000 0.000000     2.522303     0.683923 
59330.986272 0.000000 0.000000     2.502859     0.681929 
59331.023882 0.000000 0.000000     2.483165     0.679921 
59331.061492 0.000000 0.000000     2.463225     0.677899 
59331.099102 0.000000 0.000000     2.443046     0.675862 
59331.136713 0.000000 0.000000     2.422631     0.673813 
59331.174323 0.000000 0.000000     2.401985     0.671750 
59331.211933 0.000000 0.000000     2.381115     0.669674 
59331.249543 0.000000 0.000000     2.360025     0.667585 
59331.287153 0.000000 0.000000     2.338720     0.665484 
59331.324763 0.000000 0.000000     2.317205     0.663371 
59331.362374 0.000000 0.000000     2.295488     0.661246 
59331.399984 0.000000 0.000000     2.273572     0.659110 
59331.437594 0.000000 0.000000     2.251464     0.656962 
59331.475204 0.000000 0.000000     2.229169     0.654804 
59331.512814 0.000000 0.000000     2.206693     0.652636 
59331.550424 0.000000 0.000000     2.184042     0.650457 
59331.588035 0.000000 0.000000     2.161223     0.648270 
59331.625645 0.000000 0.000000     2.138240     0.646073 
59331.663255 0.000000 0.000000     2.115101     0.643867 
59331.700865 0.000000 0.000000     2.091811     0.641653 
59331.738475 0.000000 0.000000     2.068376     0.639432 
59331.776085 0.000000 0.000000     2.044803     0.637203 
59331.813695 0.000000 0.000000     2.021099     0.634967 
59331.851306 0.000000 0.000000     1.997269     0.632724 
59331.888916 0.000000 0.000000     1.973320     0.630476 
59331.926526 0.000000 0.000000     1.949258     0.628222 
59331.964136 0.000000 0.000000     1.925091     0.625963 
59332.001746 0.000000 0.000000     1.900824     0.623700 
59332.039356 0.000000 0.000000     1.876465     0.621433 
59332.076967 0.000000 0.000000     1.852019     0.619162 
59332.114577 0.000000 0.000000     1.827495     0.616889 
59332.152187 0.000000 0.000000     1.802898     0.614614 
59332.189797 0.000000 0.000000     1.778235     0.612337 
59332.227407 0.000000 0.000000     1.753513     0.610059 
59332.265017 0.000000 0.000000     1.728739     0.607780 
59332.302627 0.000000 0.000000     1.703920     0.605501 
59332.340238 0.000000 0.000000     1.679062     0.603224 
59332.377848 0.000000 0.000000     1.654173     0.600947 
59332.415458 0.000000 0.000000     1.629260     0.598673 
59332.453068 0.000000 0.000000     1.604329     0.596401 
59332.490678 0.000000 0.000000     1.579388     0.594133 
59332.528288 0.000000 0.000000     1.554443     0.591869 
59332.565899 0.000000 0.000000     1.529502     0.589609 
59332.603509 0.000000 0.000000     1.504570     0.587355 
59332.641119 0.000000 0.000000     1.479656     0.585107 
59332.678729 0.000000 0.000000     1.454767     0.582865 
59332.716339 0.000000 0.000000     1.429909     0.580631 
59332.753949 0.000000 0.000000     1.405088     0.578406 
59332.791559 0.000000 0.000000     1.380313     0.576189 
59332.829170 0.000000 0.000000     1.355591     0.573982 
59332.866780 0.000000 0.000000     1.330927     0.571785 
59332.904390 0.000000 0.000000     1.306329     0.569600 
59332.942000 0.000000 0.000000     1.281804     0.567426 
59332.979610 0.000000 0.000000     1.257358     0.565265 
59333.017220 0.000000 0.000000     1.232999     0.563117 
59333.054831 0.000000 0.000000     1.208734     0.560984 
59333.092441 0.000000 0.000000     1.184568     0.558865 
59333.130051 0.000000 0.000000     1.160509     0.556763 
59333.167661 0.000000 0.000000     1.136564     0.554676 
59333.205271 0.000000 0.000000     1.112738     0.552607 
59333.242881 0.000000 0.000000     1.089039     0.550556 
59333.280492 0.000000 0.000000     1.065474     0.548523 
59333.318102 0.000000 0.000000     1.042048     0.546510 
59333.355712 0.000000 0.000000     1.018769     0.544518 
59333.393322 0.000000 0.000000     0.995642     0.542546 
59333.430932 0.000000 0.000000     0.972674     0.540596 
59333.468542 0.000000 0.000000     0.949871     0.538668 
59333.506152 0.000000 0.000000     0.927240     0.536764 
59333.543763 0.000000 0.000000     0.904787     0.534883 
59333.581373 0.000000 0.000000     0.882517     0.533027 
59333.618983 0.000000 0.000000     0.860436     0.531196 
59333.656593 0.000000 0.000000     0.838552     0.529391 
59333.694203 0.000000 0.000000     0.816869     0.527612 
59333.731813 0.000000 0.000000     0.795393     0.525861 
59333.769424 0.000000 0.000000     0.774131     0.524137 
59333.807034 0.000000 0.000000     0.753087     0.522442 
59333.844644 0.000000 0.000000     0.732267     0.520776 
59333.882254 0.000000 0.000000     0.711677     0.519139 
59333.919864 0.000000 0.000000     0.691323     0.517532 
59333.957474 0.000000 0.000000     0.671208     0.515956 
59333.995084 0.000000 0.000000     0.651339     0.514411 
59334.032695 0.000000 0.000000     0.631721     0.512897 
59334.070305 0.000000 0.000000     0.612359     0.511415 
59334.107915 0.000000 0.000000     0.593257     0.509965 
59334.145525 0.000000 0.000000     0.574420     0.508548 
59334.183135 0.000000 0.000000     0.555853     0.507164 
59334.220745 0.000000 0.000000     0.537562     0.505813 
59334.258356 0.000000 0.000000     0.519549     0.504496 
59334.295966 0.000000 0.000000     0.501820     0.503212 
59334.333576 0.000000 0.000000     0.484378     0.501963 
59334.371186 0.000000 0.000000     0.467229     0.500748 
59334.408796 0.000000 0.000000     0.450376     0.499567 
59334.446406 0.000000 0.000000     0.433822     0.498420 
59334.484016 0.000000 0.000000     0.417573     0.497308 
59334.521627 0.000000 0.000000     0.401630     0.496230 
59334.559237 0.000000 0.000000     0.385999     0.495186 
59334.596847 0.000000 0.000000     0.370682     0.494177 
59334.634457 0.000000 0.000000     0.355684     0.493203 
59334.672067 0.000000 0.000000     0.341006     0.492263 
59334.709677 0.000000 0.000000     0.326652     0.491356 
59334.747288 0.000000 0.000000     0.312626     0.490484 
59334.784898 0.000000 0.000000     0.298929     0.489645 
59334.822508 0.000000 0.000000     0.285565     0.488840 
59334.860118 0.000000 0.000000     0.272536     0.488068 
59334.897728 0.000000 0.000000     0.259845     0.487329 
59334.935338 0.000000 0.000000     0.247494     0.486623 
59334.972949 0.000000 0.000000     0.235485     0.485948 
59335.010559 0.000000 0.000000     0.223820     0.485306 
59335.048169 0.000000 0.000000     0.212502     0.484695 
59335.085779 0.000000 0.000000     0.201531     0.484114 
59335.123389 0.000000 0.000000     0.190910     0.483565 
59335.160999 0.000000 0.000000     0.180640     0.483045 
59335.198609 0.000000 0.000000     0.170723     0.482555 
59335.236220 0.000000 0.000000     0.161159     0.482093 
59335.273830 0.000000 0.000000     0.151950     0.481661 
59335.311440 0.000000 0.000000     0.143098     0.481256 
59335.349050 0.000000 0.000000     0.134601     0.480878 
59335.386660 0.000000 0.000000     0.126463     0.480527 
59335.424270 0.000000 0.000000     0.118682     0.480202 
59335.461881 0.000000 0.000000     0.111260     0.479902 
59335.499491 0.000000 0.000000     0.104196     0.479628 
59335.537101 0.000000 0.000000     0.097492     0.479377 
59335.574711 0.000000 0.000000     0.091146     0.479151 
59335.612321 0.000000 0.000000     0.085159     0.478947 
59335.649931 0.000000 0.000000     0.079531     0.478765 
59335.687541 0.000000 0.000000     0.074261     0.478606 
59335.725152 0.000000 0.000000     0.069348     0.478467 
59335.762762 0.000000 0.000000     0.064793     0.478348 
59335.800372 0.000000 0.000000     0.060594     0.478250 
59335.837982 0.000000 0.000000     0.056750     0.478170 
59335.875592 0.000000 0.000000     0.053261     0.478109 
59335.913202 0.000000 0.000000     0.050125     0.478066 
59335.950813 0.000000 0.000000     0.047341     0.478040 
59335.988423 0.000000 0.000000     0.044907     0.478031 
59336.026033 0.000000 0.000000     0.042822     0.478037 
59336.063643 0.000000 0.000000     0.041084     0.478060 
59336.101253 0.000000 0.000000     0.039691     0.478096 
59336.138863 0.000000 0.000000     0.038642     0.478148 
59336.176473 0.000000 0.000000     0.037934     0.478212 
59336.214084 0.000000 0.000000     0.037565     0.478290 
59336.251694 0.000000 0.000000     0.037533     0.478381 
59336.289304 0.000000 0.000000     0.037836     0.478483 
59336.326914 0.000000 0.000000     0.038470     0.478597 
59336.364524 0.000000 0.000000     0.039433     0.478722 
59336.402134 0.000000 0.000000     0.040723     0.478858 
59336.439745 0.000000 0.000000     0.042336     0.479004 
59336.477355 0.000000 0.000000     0.044269     0.479159 
59336.514965 0.000000 0.000000     0.046520     0.479323 
59336.552575 0.000000 0.000000     0.049085     0.479496 
59336.590185 0.000000 0.000000     0.051960     0.479677 
59336.627795 0.000000 0.000000     0.055143     0.479867 
59336.665406 0.000000 0.000000     0.058629     0.480063 
59336.703016 0.000000 0.000000     0.062415     0.480267 
59336.740626 0.000000 0.000000     0.066497     0.480478 
59336.778236 0.000000 0.000000     0.070871     0.480695 
59336.815846 0.000000 0.000000     0.075534     0.480918 
59336.853456 0.000000 0.000000     0.080481     0.481147 
59336.891066 0.000000 0.000000     0.085708     0.481381 
59336.928677 0.000000 0.000000     0.091210     0.481620 
59336.966287 0.000000 0.000000     0.096984     0.481865 
59337.003897 0.000000 0.000000     0.103025     0.482114 
59337.041507 0.000000 0.000000     0.109328     0.482367 
59337.079117 0.000000 0.000000     0.115889     0.482625 
59337.116727 0.000000 0.000000     0.122704     0.482887 
59337.154338 0.000000 0.000000     0.129766     0.483152 
59337.191948 0.000000 0.000000     0.137072     0.483421 
59337.229558 0.000000 0.000000     0.144617     0.483694 
59337.267168 0.000000 0.000000     0.152395     0.483970 
59337.304778 0.000000 0.000000     0.160401     0.484249 
59337.342388 0.000000 0.000000     0.168631     0.484531 
59337.379998 0.000000 0.000000     0.177079     0.484816 
59337.417609 0.000000 0.000000     0.185740     0.485103 
59337.455219 0.000000 0.000000     0.194608     0.485394 
59337.492829 0.000000 0.000000     0.203678     0.485687 
59337.530439 0.000000 0.000000     0.212945     0.485982 
59337.568049 0.000000 0.000000     0.222403     0.486280 
59337.605659 0.000000 0.000000     0.232046     0.486580 
59337.643270 0.000000 0.000000     0.241870     0.486882 
59337.680880 0.000000 0.000000     0.251867     0.487187 
59337.718490 0.000000 0.000000     0.262034     0.487494 
59337.756100 0.000000 0.000000     0.272363     0.487804 
59337.793710 0.000000 0.000000     0.282849     0.488115 
59337.831320 0.000000 0.000000     0.293487     0.488429 
59337.868930 0.000000 0.000000     0.304270     0.488745 
59337.906541 0.000000 0.000000     0.315192     0.489063 
59337.944151 0.000000 0.000000     0.326248     0.489384 
59337.981761 0.000000 0.000000     0.337432     0.489706 
59338.019371 0.000000 0.000000     0.348737     0.490032 
59338.056981 0.000000 0.000000     0.360159     0.490359 
59338.094591 0.000000 0.000000     0.371690     0.490689 
59338.132202 0.000000 0.000000     0.383325     0.491021 
59338.169812 0.000000 0.000000     0.395057     0.491356 
59338.207422 0.000000 0.000000     0.406881     0.491693 
59338.245032 0.000000 0.000000     0.418791     0.492033 
59338.282642 0.000000 0.000000     0.430781     0.492376 
59338.320252 0.000000 0.000000     0.442843     0.492721 
59338.357863 0.000000 0.000000     0.454974     0.493069 
59338.395473 0.000000 0.000000     0.467166     0.493420 
59338.433083 0.000000 0.000000     0.479413     0.493774 
59338.470693 0.000000 0.000000     0.491710     0.494131 
59338.508303 0.000000 0.000000     0.504050     0.494491 
59338.545913 0.000000 0.000000     0.516427     0.494854 
59338.583523 0.000000 0.000000     0.528835     0.495221 
59338.621134 0.000000 0.000000     0.541269     0.495591 
59338.658744 0.000000 0.000000     0.553722     0.495964 
59338.696354 0.000000 0.000000     0.566189     0.496341 
59338.733964 0.000000 0.000000     0.578663     0.496721 
59338.771574 0.000000 0.000000     0.591139     0.497106 
59338.809184 0.000000 0.000000     0.603610     0.497493 
59338.846795 0.000000 0.000000     0.616071     0.497885 
59338.884405 0.000000 0.000000     0.628517     0.498281 
59338.922015 0.000000 0.000000     0.640940     0.498680 
59338.959625 0.000000 0.000000     0.653337     0.499084 
59338.997235 0.000000 0.000000     0.665700     0.499491 
59339.034845 0.000000 0.000000     0.678024     0.499903 
59339.072455 0.000000 0.000000     0.690304     0.500319 
59339.110066 0.000000 0.000000     0.702535     0.500739 
59339.147676 0.000000 0.000000     0.714710     0.501164 
59339.185286 0.000000 0.000000     0.726824     0.501593 
59339.222896 0.000000 0.000000     0.738871     0.502027 
59339.260506 0.000000 0.000000     0.750848     0.502464 
59339.298116 0.000000 0.000000     0.762747     0.502907 
59339.335727 0.000000 0.000000     0.774564     0.503354 
59339.373337 0.000000 0.000000     0.786294     0.503805 
59339.410947 0.000000 0.000000     0.797932     0.504261 
59339.448557 0.000000 0.000000     0.809472     0.504722 
59339.486167 0.000000 0.000000     0.820910     0.505187 
59339.523777 0.000000 0.000000     0.832240     0.505657 
59339.561387 0.000000 0.000000     0.843459     0.506131 
59339.598998 0.000000 0.000000     0.854560     0.506610 
59339.636608 0.000000 0.000000     0.865540     0.507094 
59339.674218 0.000000 0.000000     0.876394     0.507582 
59339.711828 0.000000 0.000000     0.887117     0.508074 
59339.749438 0.000000 0.000000     0.897704     0.508571 
59339.787048 0.000000 0.000000     0.908153     0.509072 
59339.824659 0.000000 0.000000     0.918457     0.509578 
59339.862269 0.000000 0.000000     0.928613     0.510087 
59339.899879 0.000000 0.000000     0.938616     0.510601 
59339.937489 0.000000 0.000000     0.948464     0.511119 
59339.975099 0.000000 0.000000     0.958151     0.511641 
59340.012709 0.000000 0.000000     0.967674     0.512167 
59340.050320 0.000000 0.000000     0.977028     0.512697 
59340.087930 0.000000 0.000000     0.986212     0.513230 
59340.125540 0.000000 0.000000     0.995219     0.513767 
59340.163150 0.000000 0.000000     1.004048     0.514307 
59340.200760 0.000000 0.000000     1.012695     0.514851 
59340.238370 0.000000 0.000000     1.021155     0.515398 
59340.275980 0.000000 0.000000     1.029427     0.515947 
59340.313591 0.000000 0.000000     1.037507     0.516500 
59340.351201 0.000000 0.000000     1.045392     0.517055 
59340.388811 0.000000 0.000000     1.053078     0.517613 
59340.426421 0.000000 0.000000     1.060564     0.518173 
59340.464031 0.000000 0.000000     1.067846     0.518735 
59340.501641 0.000000 0.000000     1.074921     0.519298 
59340.539252 0.000000 0.000000     1.081788     0.519864 
59340.576862 0.000000 0.000000     1.088442     0.520431 
59340.614472 0.000000 0.000000     1.094883     0.520999 
59340.652082 0.000000 0.000000     1.101108     0.521569 
59340.689692 0.000000 0.000000     1.107114     0.522139 
59340.727302 0.000000 0.000000     1.112900     0.522710 
59340.764912 0.000000 0.000000     1.118464     0.523281 
59340.802523 0.000000 0.000000     1.123803     0.523852 
59340.840133 0.000000 0.000000     1.128916     0.524423 
59340.877743 0.000000 0.000000     1.133802     0.524993 
59340.915353 0.000000 0.000000     1.138457     0.525563 
59340.952963 0.000000 0.000000     1.142883     0.526132 
59340.990573 0.000000 0.000000     1.147075     0.526699 
59341.028184 0.000000 0.000000     1.151035     0.527265 
59341.065794 0.000000 0.000000     1.154760     0.527829 
59341.103404 0.000000 0.000000     1.158248     0.528391 
59341.141014 0.000000 0.000000     1.161501     0.528950 
59341.178624 0.000000 0.000000     1.164515     0.529507 
59341.216234 0.000000 0.000000     1.167291     0.530060 
59341.253844 0.000000 0.000000     1.169828     0.530611 
59341.291455 0.000000 0.000000     1.172126     0.531157 
59341.329065 0.000000 0.000000     1.174183     0.531700 
59341.366675 0.000000 0.000000     1.176000     0.532239 
59341.404285 0.000000 0.000000     1.177576     0.532772 
59341.441895 0.000000 0.000000     1.178910     0.533301 
59341.479505 0.000000 0.000000     1.180004     0.533825 
59341.517116 0.000000 0.000000     1.180857     0.534344 
59341.554726 0.000000 0.000000     1.181468     0.534856 
59341.592336 0.000000 0.000000     1.181839     0.535362 
59341.629946 0.000000 0.000000     1.181969     0.535862 
59341.667556 0.000000 0.000000     1.181860     0.536355 
59341.705166 0.000000 0.000000     1.181510     0.536841 
59341.742777 0.000000 0.000000     1.180921     0.537320 
59341.780387 0.000000 0.000000     1.180094     0.537790 
59341.817997 0.000000 0.000000     1.179029     0.538253 
59341.855607 0.000000 0.000000     1.177727     0.538707 
59341.893217 0.000000 0.000000     1.176189     0.539153 
59341.930827 0.000000 0.000000     1.174416     0.539590 
59341.968437 0.000000 0.000000     1.172410     0.540017 
59342.006048 0.000000 0.000000     1.170170     0.540435 
59342.043658 0.000000 0.000000     1.167699     0.540843 
59342.081268 0.000000 0.000000     1.164998     0.541241 
59342.118878 0.000000 0.000000     1.162069     0.541628 
59342.156488 0.000000 0.000000     1.158912     0.542004 
59342.194098 0.000000 0.000000     1.155529     0.542370 
59342.231709 0.000000 0.000000     1.151923     0.542724 
59342.269319 0.000000 0.000000     1.148094     0.543066 
59342.306929 0.000000 0.000000     1.144045     0.543397 
59342.344539 0.000000 0.000000     1.139778     0.543715 
59342.382149 0.000000 0.000000     1.135294     0.544021 
59342.419759 0.000000 0.000000     1.130595     0.544315 
59342.457369 0.000000 0.000000     1.125684     0.544595 
59342.494980 0.000000 0.000000     1.120563     0.544862 
59342.532590 0.000000 0.000000     1.115234     0.545116 
59342.570200 0.000000 0.000000     1.109699     0.545356 
59342.607810 0.000000 0.000000     1.103961     0.545582 
59342.645420 0.000000 0.000000     1.098023     0.545794 
59342.683030 0.000000 0.000000     1.091885     0.545992 
59342.720641 0.000000 0.000000     1.085552     0.546175 
59342.758251 0.000000 0.000000     1.079026     0.546343 
59342.795861 0.000000 0.000000     1.072310     0.546497 
59342.833471 0.000000 0.000000     1.065405     0.546635 
59342.871081 0.000000 0.000000     1.058316     0.546758 
59342.908691 0.000000 0.000000     1.051044     0.546866 
59342.946301 0.000000 0.000000     1.043594     0.546958 
59342.983912 0.000000 0.000000     1.035967     0.547034 
59343.021522 0.000000 0.000000     1.028167     0.547094 
59343.059132 0.000000 0.000000     1.020197     0.547138 
59343.096742 0.000000 0.000000     1.012059     0.547166 
59343.134352 0.000000 0.000000     1.003758     0.547177 
59343.171962 0.000000 0.000000     0.995295     0.547172 
59343.209573 0.000000 0.000000     0.986676     0.547150 
59343.247183 0.000000 0.000000     0.977902     0.547112 
59343.284793 0.000000 0.000000     0.968977     0.547057 
59343.322403 0.000000 0.000000     0.959904     0.546985 
59343.360013 0.000000 0.000000     0.950687     0.546896 
59343.397623 0.000000 0.000000     0.941329     0.546790 
59343.435234 0.000000 0.000000     0.931834     0.546667 
59343.472844 0.000000 0.000000     0.922205     0.546527 
59343.510454 0.000000 0.000000     0.912445     0.546369 
59343.548064 0.000000 0.000000     0.902559     0.546195 
59343.585674 0.000000 0.000000     0.892549     0.546004 
59343.623284 0.000000 0.000000     0.882420     0.545795 
59343.660894 0.000000 0.000000     0.872174     0.545569 
59343.698505 0.000000 0.000000     0.861816     0.545326 
59343.736115 0.000000 0.000000     0.851349     0.545066 
59343.773725 0.000000 0.000000     0.840777     0.544789 
59343.811335 0.000000 0.000000     0.830104     0.544495 
59343.848945 0.000000 0.000000     0.819333     0.544184 
59343.886555 0.000000 0.000000     0.808467     0.543856 
59343.924166 0.000000 0.000000     0.797512     0.543511 
59343.961776 0.000000 0.000000     0.786470     0.543150 
59343.999386 0.000000 0.000000     0.775346     0.542772 
59344.036996 0.000000 0.000000     0.764142     0.542377 
59344.074606 0.000000 0.000000     0.752864     0.541966 
59344.112216 0.000000 0.000000     0.741514     0.541539 
59344.149826 0.000000 0.000000     0.730096     0.541096 
59344.187437 0.000000 0.000000     0.718615     0.540636 
59344.225047 0.000000 0.000000     0.707074     0.540161 
59344.262657 0.000000 0.000000     0.695477     0.539671 
59344.300267 0.000000 0.000000     0.683828     0.539165 
59344.337877 0.000000 0.000000     0.672130     0.538644 
59344.375487 0.000000 0.000000     0.660387     0.538107 
59344.413098 0.000000 0.000000     0.648604     0.537556 
59344.450708 0.000000 0.000000     0.636784     0.536991 
59344.488318 0.000000 0.000000     0.624931     0.536411 
59344.525928 0.000000 0.000000     0.613048     0.535817 
59344.563538 0.000000 0.000000     0.601139     0.535210 
59344.601148 0.000000 0.000000     0.589209     0.534589 
59344.638758 0.000000 0.000000     0.577261     0.533954 
59344.676369 0.000000 0.000000     0.565299     0.533307 
59344.713979 0.000000 0.000000     0.553326     0.532648 
59344.751589 0.000000 0.000000     0.541346     0.531976 
59344.789199 0.000000 0.000000     0.529364     0.531292 
59344.826809 0.000000 0.000000     0.517382     0.530596 
59344.864419 0.000000 0.000000     0.505404     0.529889 
59344.902030 0.000000 0.000000     0.493435     0.529172 
59344.939640 0.000000 0.000000     0.481477     0.528443 
59344.977250 0.000000 0.000000     0.469535     0.527705 
59345.014860 0.000000 0.000000     0.457612     0.526957 
59345.052470 0.000000 0.000000     0.445711     0.526200 
59345.090080 0.000000 0.000000     0.433837     0.525433 
59345.127691 0.000000 0.000000     0.421993     0.524659 
59345.165301 0.000000 0.000000     0.410182     0.523876 
59345.202911 0.000000 0.000000     0.398408     0.523085 
59345.240521 0.000000 0.000000     0.386675     0.522288 
59345.278131 0.000000 0.000000     0.374985     0.521483 
59345.315741 0.000000 0.000000     0.363343     0.520672 
59345.353351 0.000000 0.000000     0.351751     0.519856 
59345.390962 0.000000 0.000000     0.340214     0.519034 
59345.428572 0.000000 0.000000     0.328735     0.518207 
59345.466182 0.000000 0.000000     0.317316     0.517376 
59345.503792 0.000000 0.000000     0.305962     0.516541 
59345.541402 0.000000 0.000000     0.294675     0.515703 
59345.579012 0.000000 0.000000     0.283459     0.514861 
59345.616623 0.000000 0.000000     0.272317     0.514018 
59345.654233 0.000000 0.000000     0.261252     0.513172 
59345.691843 0.000000 0.000000     0.250268     0.512325 
59345.729453 0.000000 0.000000     0.239367     0.511478 
59345.767063 0.000000 0.000000     0.228553     0.510630 
59345.804673 0.000000 0.000000     0.217829     0.509782 
59345.842283 0.000000 0.000000     0.207197     0.508935 
59345.879894 0.000000 0.000000     0.196661     0.508089 
59345.917504 0.000000 0.000000     0.186224     0.507245 
59345.955114 0.000000 0.000000     0.175889     0.506404 
59345.992724 0.000000 0.000000     0.165658     0.505565 
59346.030334 0.000000 0.000000     0.155534     0.504730 
59346.067944 0.000000 0.000000     0.145521     0.503898 
59346.105555 0.000000 0.000000     0.135621     0.503071 
59346.143165 0.000000 0.000000     0.125837     0.502249 
59346.180775 0.000000 0.000000     0.116171     0.501432 
59346.218385 0.000000 0.000000     0.106627     0.500621 
59346.255995 0.000000 0.000000     0.097206     0.499816 
59346.293605 0.000000 0.000000     0.087912     0.499018 
59346.331215 0.000000 0.000000     0.078747     0.498228 
59346.368826 0.000000 0.000000     0.069714     0.497446 
59346.406436 0.000000 0.000000     0.060815     0.496672 
59346.444046 0.000000 0.000000     0.052052     0.495906 
59346.481656 0.000000 0.000000     0.043428     0.495150 
59346.519266 0.000000 0.000000     0.034945     0.494403 
59346.556876 0.000000 0.000000     0.026607     0.493667 
59346.594487 0.000000 0.000000     0.018414     0.492941 
59346.632097 0.000000 0.000000     0.010369     0.492225 
59346.669707 0.000000 0.000000     0.002475     0.491521 
59346.707317 0.000000 0.000000    -0.005267     0.490829 
59346.744927 0.000000 0.000000    -0.012854     0.490148 
59346.782537 0.000000 0.000000    -0.020284     0.489480 
59346.820148 0.000000 0.000000    -0.027556     0.488824 
59346.857758 0.000000 0.000000    -0.034666     0.488181 
59346.895368 0.000000 0.000000    -0.041613     0.487552 
59346.932978 0.000000 0.000000    -0.048396     0.486935 
59346.970588 0.000000 0.000000    -0.055012     0.486333 
59347.008198 0.000000 0.000000    -0.061460     0.485744 
59347.045808 0.000000 0.000000    -0.067737     0.485169 
59347.083419 0.000000 0.000000    -0.073842     0.484609 
59347.121029 0.000000 0.000000    -0.079773     0.484063 
59347.158639 0.000000 0.000000    -0.085529     0.483532 
59347.196249 0.000000 0.000000    -0.091108     0.483015 
59347.233859 0.000000 0.000000    -0.096507     0.482513 
59347.271469 0.000000 0.000000    -0.101727     0.482026 
59347.309080 0.000000 0.000000    -0.106765     0.481555 
59347.346690 0.000000 0.000000    -0.111619     0.481098 
59347.384300 0.000000 0.000000    -0.116289     0.480656 
59347.421910 0.000000 0.000000    -0.120773     0.480229 
59347.459520 0.000000 0.000000    -0.125069     0.479817 
59347.497130 0.000000 0.000000    -0.129176     0.479421 
59347.534740 0.000000 0.000000    -0.133094     0.479039 
59347.572351 0.000000 0.000000    -0.136820     0.478672 
59347.609961 0.000000 0.000000    -0.140354     0.478320 
59347.647571 0.000000 0.000000    -0.143695     0.477982 
59347.685181 0.000000 0.000000    -0.146841     0.477659 
59347.722791 0.000000 0.000000    -0.149791     0.477351 
59347.760401 0.000000 0.000000    -0.152545     0.477056 
59347.798012 0.000000 0.000000    -0.155101     0.476776 
59347.835622 0.000000 0.000000    -0.157458     0.476510 
59347.873232 0.000000 0.000000    -0.159617     0.476257 
59347.910842 0.000000 0.000000    -0.161575     0.476018 
59347.948452 0.000000 0.000000    -0.163332     0.475791 
59347.986062 0.000000 0.000000    -0.164888     0.475578 
59348.023672 0.000000 0.000000    -0.166241     0.475378 
59348.061283 0.000000 0.000000    -0.167391     0.475190 
59348.098893 0.000000 0.000000    -0.168337     0.475013 
59348.136503 0.000000 0.000000    -0.169079     0.474849 
59348.174113 0.000000 0.000000    -0.169617     0.474696 
59348.211723 0.000000 0.000000    -0.169949     0.474555 
59348.249333 0.000000 0.000000    -0.170076     0.474424 
59348.286944 0.000000 0.000000    -0.169997     0.474304 
59348.324554 0.000000 0.000000    -0.169711     0.474194 
59348.362164 0.000000 0.000000    -0.169219     0.474094 
59348.399774 0.000000 0.000000    -0.168520     0.474004 
59348.437384 0.000000 0.000000    -0.167614     0.473922 
59348.474994 0.000000 0.000000    -0.166501     0.473850 
59348.512605 0.000000 0.000000    -0.165180     0.473786 
59348.550215 0.000000 0.000000    -0.163652     0.473730 
59348.587825 0.000000 0.000000    -0.161917     0.473681 
59348.625435 0.000000 0.000000    -0.159974     0.473641 
59348.663045 0.000000 0.000000    -0.157824     0.473607 
59348.700655 0.000000 0.000000    -0.155467     0.473580 
59348.738265 0.000000 0.000000    -0.152903     0.473559 
59348.775876 0.000000 0.000000    -0.150132     0.473544 
59348.813486 0.000000 0.000000    -0.147154     0.473535 
59348.851096 0.000000 0.000000    -0.143970     0.473531 
59348.888706 0.000000 0.000000    -0.140581     0.473533 
59348.926316 0.000000 0.000000    -0.136985     0.473539 
59348.963926 0.000000 0.000000    -0.133185     0.473549 
59349.001537 0.000000 0.000000    -0.129180     0.473563 
59349.039147 0.000000 0.000000    -0.124972     0.473581 
59349.076757 0.000000 0.000000    -0.120559     0.473602 
59349.114367 0.000000 0.000000    -0.115944     0.473626 
59349.151977 0.000000 0.000000    -0.111127     0.473654 
59349.189587 0.000000 0.000000    -0.106109     0.473683 
59349.227197 0.000000 0.000000    -0.100890     0.473715 
59349.264808 0.000000 0.000000    -0.095471     0.473749 
59349.302418 0.000000 0.000000    -0.089854     0.473785 
59349.340028 0.000000 0.000000    -0.084038     0.473822 
59349.377638 0.000000 0.000000    -0.078026     0.473860 
59349.415248 0.000000 0.000000    -0.071818     0.473899 
59349.452858 0.000000 0.000000    -0.065415     0.473940 
59349.490469 0.000000 0.000000    -0.058818     0.473980 
59349.528079 0.000000 0.000000    -0.052028     0.474021 
59349.565689 0.000000 0.000000    -0.045048     0.474063 
59349.603299 0.000000 0.000000    -0.037877     0.474104 
59349.640909 0.000000 0.000000    -0.030518     0.474145 
59349.678519 0.000000 0.000000    -0.022971     0.474186 
59349.716129 0.000000 0.000000    -0.015239     0.474226 
59349.753740 0.000000 0.000000    -0.007322     0.474266 
59349.791350 0.000000 0.000000     0.000778     0.474305 
59349.828960 0.000000 0.000000     0.009059     0.474343 
59349.866570 0.000000 0.000000     0.017519     0.474380 
59349.904180 0.000000 0.000000     0.026158     0.474417 
59349.941790 0.000000 0.000000     0.034972     0.474452 
59349.979401 0.000000 0.000000     0.043961     0.474486 
59350.017011 0.000000 0.000000     0.053123     0.474518 
59350.054621 0.000000 0.000000     0.062455     0.474549 
59350.092231 0.000000 0.000000     0.071957     0.474579 
59350.129841 0.000000 0.000000     0.081624     0.474608 
59350.167451 0.000000 0.000000     0.091457     0.474635 
59350.205062 0.000000 0.000000     0.101452     0.474660 
59350.242672 0.000000 0.000000     0.111607     0.474685 
59350.280282 0.000000 0.000000     0.121921     0.474707 
59350.317892 0.000000 0.000000     0.132391     0.474728 
59350.355502 0.000000 0.000000     0.143014     0.474748 
59350.393112 0.000000 0.000000     0.153789     0.474766 
59350.430722 0.000000 0.000000     0.164712     0.474783 
59350.468333 0.000000 0.000000     0.175782     0.474798 
59350.505943 0.000000 0.000000     0.186996     0.474812 
59350.543553 0.000000 0.000000     0.198351     0.474825 
59350.581163 0.000000 0.000000     0.209845     0.474836 
59350.618773 0.000000 0.000000     0.221475     0.474847 
59350.656383 0.000000 0.000000     0.233238     0.474856 
59350.693994 0.000000 0.000000     0.245131     0.474864 
59350.731604 0.000000 0.000000     0.257153     0.474871 
59350.769214 0.000000 0.000000     0.269299     0.474877 
59350.806824 0.000000 0.000000     0.281567     0.474882 
59350.844434 0.000000 0.000000     0.293954     0.474886 
59350.882044 0.000000 0.000000     0.306457     0.474890 
59350.919654 0.000000 0.000000     0.319072     0.474893 
59350.957265 0.000000 0.000000     0.331798     0.474896 
59350.994875 0.000000 0.000000     0.344629     0.474898 
59351.032485 0.000000 0.000000     0.357564     0.474900 
59351.070095 0.000000 0.000000     0.370599     0.474901 
59351.107705 0.000000 0.000000     0.383731     0.474902 
59351.145315 0.000000 0.000000     0.396956     0.474904 
59351.182926 0.000000 0.000000     0.410270     0.474905 
59351.220536 0.000000 0.000000     0.423671     0.474907 
59351.258146 0.000000 0.000000     0.437155     0.474908 
59351.295756 0.000000 0.000000     0.450718     0.474910 
59351.333366 0.000000 0.000000     0.464357     0.474913 
59351.370976 0.000000 0.000000     0.478068     0.474916 
59351.408586 0.000000 0.000000     0.491847     0.474919 
59351.446197 0.000000 0.000000     0.505690     0.474924 
59351.483807 0.000000 0.000000     0.519594     0.474928 
59351.521417 0.000000 0.000000     0.533556     0.474934 
59351.559027 0.000000 0.000000     0.547570     0.474941 
59351.596637 0.000000 0.000000     0.561633     0.474948 
59351.634247 0.000000 0.000000     0.575742     0.474957 
59351.671858 0.000000 0.000000     0.589891     0.474967 
59351.709468 0.000000 0.000000     0.604078     0.474978 
59351.747078 0.000000 0.000000     0.618298     0.474990 
59351.784688 0.000000 0.000000     0.632546     0.475003 
59351.822298 0.000000 0.000000     0.646820     0.475018 
59351.859908 0.000000 0.000000     0.661114     0.475034 
59351.897519 0.000000 0.000000     0.675424     0.475051 
59351.935129 0.000000 0.000000     0.689746     0.475070 
59351.972739 0.000000 0.000000     0.704076     0.475090 
59352.010349 0.000000 0.000000     0.718409     0.475111 
59352.047959 0.000000 0.000000     0.732741     0.475134 
59352.085569 0.000000 0.000000     0.747068     0.475158 
59352.123179 0.000000 0.000000     0.761386     0.475184 
59352.160790 0.000000 0.000000     0.775688     0.475211 
59352.198400 0.000000 0.000000     0.789973     0.475239 
59352.236010 0.000000 0.000000     0.804233     0.475269 
59352.273620 0.000000 0.000000     0.818466     0.475300 
59352.311230 0.000000 0.000000     0.832667     0.475332 
59352.348840 0.000000 0.000000     0.846831     0.475365 
59352.386451 0.000000 0.000000     0.860953     0.475399 
59352.424061 0.000000 0.000000     0.875029     0.475435 
59352.461671 0.000000 0.000000     0.889054     0.475471 
59352.499281 0.000000 0.000000     0.903023     0.475509 
59352.536891 0.000000 0.000000     0.916932     0.475547 
59352.574501 0.000000 0.000000     0.930777     0.475586 
59352.612111 0.000000 0.000000     0.944551     0.475625 
59352.649722 0.000000 0.000000     0.958252     0.475665 
59352.687332 0.000000 0.000000     0.971873     0.475705 
59352.724942 0.000000 0.000000     0.985410     0.475745 
59352.762552 0.000000 0.000000     0.998859     0.475786 
59352.800162 0.000000 0.000000     1.012214     0.475827 
59352.837772 0.000000 0.000000     1.025471     0.475867 
59352.875383 0.000000 0.000000     1.038625     0.475907 
59352.912993 0.000000 0.000000     1.051671     0.475947 
59352.950603 0.000000 0.000000     1.064604     0.475986 
59352.988213 0.000000 0.000000     1.077421     0.476024 
59353.025823 0.000000 0.000000     1.090115     0.476061 
59353.063433 0.000000 0.000000     1.102682     0.476097 
59353.101043 0.000000 0.000000     1.115118     0.476132 
59353.138654 0.000000 0.000000     1.127417     0.476165 
59353.176264 0.000000 0.000000     1.139574     0.476197 
59353.213874 0.000000 0.000000     1.151586     0.476227 
59353.251484 0.000000 0.000000     1.163447     0.476255 
59353.289094 0.000000 0.000000     1.175153     0.476281 
59353.326704 0.000000 0.000000     1.186698     0.476304 
59353.364315 0.000000 0.000000     1.198079     0.476325 
59353.401925 0.000000 0.000000     1.209290     0.476342 
59353.439535 0.000000 0.000000     1.220327     0.476357 
59353.477145 0.000000 0.000000     1.231185     0.476369 
59353.514755 0.000000 0.000000     1.241859     0.476378 
59353.552365 0.000000 0.000000     1.252346     0.476383 
59353.589976 0.000000 0.000000     1.262639     0.476384 
59353.627586 0.000000 0.000000     1.272736     0.476381 
59353.665196 0.000000 0.000000     1.282631     0.476375 
59353.702806 0.000000 0.000000     1.292320     0.476364 
59353.740416 0.000000 0.000000     1.301798     0.476348 
59353.778026 0.000000 0.000000     1.311062     0.476328 
59353.815636 0.000000 0.000000     1.320106     0.476303 
59353.853247 0.000000 0.000000     1.328926     0.476274 
59353.890857 0.000000 0.000000     1.337519     0.476239 
59353.928467 0.000000 0.000000     1.345879     0.476199 
59353.966077 0.000000 0.000000     1.354003     0.476153 
59354.003687 0.000000 0.000000     1.361887     0.476103 
59354.041297 0.000000 0.000000     1.369526     0.476046 
59354.078908 0.000000 0.000000     1.376917     0.475984 
59354.116518 0.000000 0.000000     1.384055     0.475916 
59354.154128 0.000000 0.000000     1.390936     0.475841 
59354.191738 0.000000 0.000000     1.397557     0.475761 
59354.229348 0.000000 0.000000     1.403914     0.475675 
59354.266958 0.000000 0.000000     1.410003     0.475582 
59354.304568 0.000000 0.000000     1.415820     0.475484 
59354.342179 0.000000 0.000000     1.421362     0.475379 
59354.379789 0.000000 0.000000     1.426625     0.475267 
59354.417399 0.000000 0.000000     1.431606     0.475149 
59354.455009 0.000000 0.000000     1.436301     0.475025 
59354.492619 0.000000 0.000000     1.440707     0.474895 
59354.530229 0.000000 0.000000     1.444821     0.474758 
59354.567840 0.000000 0.000000     1.448639     0.474615 
59354.605450 0.000000 0.000000     1.452158     0.474466 
59354.643060 0.000000 0.000000     1.455375     0.474311 
59354.680670 0.000000 0.000000     1.458288     0.474149 
59354.718280 0.000000 0.000000     1.460893     0.473982 
59354.755890 0.000000 0.000000     1.463187     0.473809 
59354.793500 0.000000 0.000000     1.465168     0.473630 
59354.831111 0.000000 0.000000     1.466833     0.473446 
59354.868721 0.000000 0.000000     1.468180     0.473257 
59354.906331 0.000000 0.000000     1.469206     0.473063 
59354.943941 0.000000 0.000000     1.469909     0.472863 
59354.981551 0.000000 0.000000     1.470286     0.472660 
59355.019161 0.000000 0.000000     1.470335     0.472451 
59355.056772 0.000000 0.000000     1.470055     0.472239 
59355.094382 0.000000 0.000000     1.469443     0.472024 
59355.131992 0.000000 0.000000     1.468497     0.471805 
59355.169602 0.000000 0.000000     1.467215     0.471583 
59355.207212 0.000000 0.000000     1.465596     0.471359 
59355.244822 0.000000 0.000000     1.463639     0.471132 
59355.282433 0.000000 0.000000     1.461341     0.470905 
59355.320043 0.000000 0.000000     1.458701     0.470675 
59355.357653 0.000000 0.000000     1.455718     0.470446 
59355.395263 0.000000 0.000000     1.452391     0.470216 
59355.432873 0.000000 0.000000     1.448718     0.469987 
59355.470483 0.000000 0.000000     1.444700     0.469759 
59355.508093 0.000000 0.000000     1.440334     0.469532 
59355.545704 0.000000 0.000000     1.435620     0.469308 
59355.583314 0.000000 0.000000     1.430558     0.469087 
59355.620924 0.000000 0.000000     1.425147     0.468870 
59355.658534 0.000000 0.000000     1.419386     0.468657 
59355.696144 0.000000 0.000000     1.413275     0.468449 
59355.733754 0.000000 0.000000     1.406815     0.468248 
59355.771365 0.000000 0.000000     1.400004     0.468053 
59355.808975 0.000000 0.000000     1.392843     0.467866 
59355.846585 0.000000 0.000000     1.385333     0.467688 
59355.884195 0.000000 0.000000     1.377473     0.467519 
59355.921805 0.000000 0.000000     1.369263     0.467360 
59355.959415 0.000000 0.000000     1.360706     0.467212 
59355.997025 0.000000 0.000000     1.351800     0.467077 
59356.034636 0.000000 0.000000     1.342546     0.466955 
59356.072246 0.000000 0.000000     1.332946     0.466848 
59356.109856 0.000000 0.000000     1.323001     0.466755 
59356.147466 0.000000 0.000000     1.312712     0.466679 
59356.185076 0.000000 0.000000     1.302079     0.466621 
59356.222686 0.000000 0.000000     1.291104     0.466581 
59356.260297 0.000000 0.000000     1.279790     0.466560 
59356.297907 0.000000 0.000000     1.268136     0.466560 
59356.335517 0.000000 0.000000     1.256145     0.466582 
59356.373127 0.000000 0.000000     1.243820     0.466626 
59356.410737 0.000000 0.000000     1.231160     0.466695 
59356.448347 0.000000 0.000000     1.218170     0.466788 
59356.485957 0.000000 0.000000     1.204851     0.466908 
59356.523568 0.000000 0.000000     1.191205     0.467055 
59356.561178 0.000000 0.000000     1.177234     0.467230 
59356.598788 0.000000 0.000000     1.162942     0.467435 
59356.636398 0.000000 0.000000     1.148330     0.467670 
59356.674008 0.000000 0.000000     1.133402     0.467937 
59356.711618 0.000000 0.000000     1.118161     0.468237 
59356.749229 0.000000 0.000000     1.102609     0.468570 
59356.786839 0.000000 0.000000     1.086750     0.468938 
59356.824449 0.000000 0.000000     1.070586     0.469342 
59356.862059 0.000000 0.000000     1.054122     0.469782 
59356.899669 0.000000 0.000000     1.037360     0.470260 
59356.937279 0.000000 0.000000     1.020305     0.470775 
59356.974890 0.000000 0.000000     1.002959     0.471331 
59357.012500 0.000000 0.000000     0.985327     0.471925 
59357.050110 0.000000 0.000000     0.967412     0.472561 
59357.087720 0.000000 0.000000     0.949220     0.473238 
59357.125330 0.000000 0.000000     0.930752     0.473957 
59357.162940 0.000000 0.000000     0.912015     0.474718 
59357.200550 0.000000 0.000000     0.893012     0.475523 
59357.238161 0.000000 0.000000     0.873747     0.476371 
59357.275771 0.000000 0.000000     0.854226     0.477262 
59357.313381 0.000000 0.000000     0.834452     0.478199 
59357.350991 0.000000 0.000000     0.814431     0.479179 
59357.388601 0.000000 0.000000     0.794167     0.480205 
59357.426211 0.000000 0.000000     0.773665     0.481275 
59357.463822 0.000000 0.000000     0.752931     0.482390 
59357.501432 0.000000 0.000000     0.731968     0.483551 
59357.539042 0.000000 0.000000     0.710784     0.484756 
59357.576652 0.000000 0.000000     0.689382     0.486006 
59357.614262 0.000000 0.000000     0.667768     0.487301 
59357.651872 0.000000 0.000000     0.645948     0.488641 
59357.689482 0.000000 0.000000     0.623927     0.490025 
59357.727093 0.000000 0.000000     0.601711     0.491453 
59357.764703 0.000000 0.000000     0.579305     0.492924 
59357.802313 0.000000 0.000000     0.556715     0.494438 
59357.839923 0.000000 0.000000     0.533948     0.495995 
59357.877533 0.000000 0.000000     0.511008     0.497594 
59357.915143 0.000000 0.000000     0.487903     0.499235 
59357.952754 0.000000 0.000000     0.464637     0.500916 
59357.990364 0.000000 0.000000     0.441218     0.502637 
59358.027974 0.000000 0.000000     0.417651     0.504397 
59358.065584 0.000000 0.000000     0.393943     0.506196 
59358.103194 0.000000 0.000000     0.370099     0.508033 
59358.140804 0.000000 0.000000     0.346127     0.509907 
59358.178414 0.000000 0.000000     0.322032     0.511816 
59358.216025 0.000000 0.000000     0.297822     0.513761 
59358.253635 0.000000 0.000000     0.273503     0.515739 
59358.291245 0.000000 0.000000     0.249080     0.517751 
59358.328855 0.000000 0.000000     0.224562     0.519795 
59358.366465 0.000000 0.000000     0.199954     0.521870 
59358.404075 0.000000 0.000000     0.175264     0.523976 
59358.441686 0.000000 0.000000     0.150498     0.526110 
59358.479296 0.000000 0.000000     0.125662     0.528272 
59358.516906 0.000000 0.000000     0.100764     0.530462 
59358.554516 0.000000 0.000000     0.075811     0.532677 
59358.592126 0.000000 0.000000     0.050809     0.534918 
59358.629736 0.000000 0.000000     0.025765     0.537182 
59358.667347 0.000000 0.000000     0.000686     0.539468 
59358.704957 0.000000 0.000000    -0.024421     0.541777 
59358.742567 0.000000 0.000000    -0.049548     0.544106 
59358.780177 0.000000 0.000000    -0.074690     0.546455 
59358.817787 0.000000 0.000000    -0.099838     0.548822 
59358.855397 0.000000 0.000000    -0.124987     0.551207 
59358.893007 0.000000 0.000000    -0.150129     0.553608 
59358.930618 0.000000 0.000000    -0.175256     0.556024 
59358.968228 0.000000 0.000000    -0.200363     0.558455 
59359.005838 0.000000 0.000000    -0.225442     0.560899 
59359.043448 0.000000 0.000000    -0.250486     0.563356 
59359.081058 0.000000 0.000000    -0.275488     0.565824 
59359.118668 0.000000 0.000000    -0.300442     0.568302 
59359.156279 0.000000 0.000000    -0.325339     0.570790 
59359.193889 0.000000 0.000000    -0.350174     0.573286 
59359.231499 0.000000 0.000000    -0.374939     0.575790 
59359.269109 0.000000 0.000000    -0.399628     0.578301 
59359.306719 0.000000 0.000000    -0.424233     0.580818 
59359.344329 0.000000 0.000000    -0.448748     0.583340 
59359.381939 0.000000 0.000000    -0.473166     0.585865 
59359.419550 0.000000 0.000000    -0.497481     0.588395 
59359.457160 0.000000 0.000000    -0.521684     0.590926 
59359.494770 0.000000 0.000000    -0.545771     0.593460 
59359.532380 0.000000 0.000000    -0.569733     0.595994 
59359.569990 0.000000 0.000000    -0.593565     0.598529 
59359.607600 0.000000 0.000000    -0.617260     0.601062 
59359.645211 0.000000 0.000000    -0.640812     0.603595 
59359.682821 0.000000 0.000000    -0.664213     0.606126 
59359.720431 0.000000 0.000000    -0.687458     0.608654 
59359.758041 0.000000 0.000000    -0.710540     0.611179 
59359.795651 0.000000 0.000000    -0.733453     0.613699 
59359.833261 0.000000 0.000000    -0.756191     0.616216 
59359.870871 0.000000 0.000000    -0.778747     0.618726 
59359.908482 0.000000 0.000000    -0.801116     0.621232 
59359.946092 0.000000 0.000000    -0.823291     0.623730 
59359.983702 0.000000 0.000000    -0.845266     0.626222 
59360.021312 0.000000 0.000000    -0.867036     0.628706 
59360.058922 0.000000 0.000000    -0.888595     0.631183 
59360.096532 0.000000 0.000000    -0.909937     0.633651 
59360.134143 0.000000 0.000000    -0.931056     0.636109 
59360.171753 0.000000 0.000000    -0.951947     0.638558 
59360.209363 0.000000 0.000000    -0.972605     0.640998 
59360.246973 0.000000 0.000000    -0.993023     0.643426 
59360.284583 0.000000 0.000000    -1.013198     0.645844 
59360.322193 0.000000 0.000000    -1.033122     0.648251 
59360.359804 0.000000 0.000000    -1.052793     0.650646 
59360.397414 0.000000 0.000000    -1.072203     0.653029 
59360.435024 0.000000 0.000000    -1.091349     0.655399 
59360.472634 0.000000 0.000000    -1.110226     0.657757 
59360.510244 0.000000 0.000000    -1.128829     0.660102 
59360.547854 0.000000 0.000000    -1.147154     0.662433 
59360.585464 0.000000 0.000000    -1.165195     0.664750 
59360.623075 0.000000 0.000000    -1.182949     0.667053 
59360.660685 0.000000 0.000000    -1.200411     0.669341 
59360.698295 0.000000 0.000000    -1.217578     0.671615 
59360.735905 0.000000 0.000000    -1.234444     0.673874 
59360.773515 0.000000 0.000000    -1.251007     0.676117 
59360.811125 0.000000 0.000000    -1.267262     0.678345 
59360.848736 0.000000 0.000000    -1.283206     0.680558 
59360.886346 0.000000 0.000000    -1.298835     0.682754 
59360.923956 0.000000 0.000000    -1.314146     0.684934 
59360.961566 0.000000 0.000000    -1.329135     0.687098 
59360.999176 0.000000 0.000000    -1.343799     0.689245 
59361.036786 0.000000 0.000000    -1.358135     0.691375 
59361.074396 0.000000 0.000000    -1.372140     0.693488 
59361.112007 0.000000 0.000000    -1.385812     0.695584 
59361.149617 0.000000 0.000000    -1.399147     0.697662 
59361.187227 0.000000 0.000000    -1.412143     0.699724 
59361.224837 0.000000 0.000000    -1.424798     0.701767 
59361.262447 0.000000 0.000000    -1.437109     0.703793 
59361.300057 0.000000 0.000000    -1.449074     0.705801 
59361.337668 0.000000 0.000000    -1.460691     0.707791 
59361.375278 0.000000 0.000000    -1.471958     0.709762 
59361.412888 0.000000 0.000000    -1.482874     0.711716 
59361.450498 0.000000 0.000000    -1.493436     0.713651 
59361.488108 0.000000 0.000000    -1.503643     0.715568 
59361.525718 0.000000 0.000000    -1.513495     0.717466 
59361.563328 0.000000 0.000000    -1.522988     0.719346 
59361.600939 0.000000 0.000000    -1.532124     0.721207 
59361.638549 0.000000 0.000000    -1.540900     0.723050 
59361.676159 0.000000 0.000000    -1.549315     0.724874 
59361.713769 0.000000 0.000000    -1.557370     0.726679 
59361.751379 0.000000 0.000000    -1.565062     0.728465 
59361.788989 0.000000 0.000000    -1.572393     0.730233 
59361.826600 0.000000 0.000000    -1.579362     0.731981 
59361.864210 0.000000 0.000000    -1.585968     0.733711 
59361.901820 0.000000 0.000000    -1.592212     0.735422 
59361.939430 0.000000 0.000000    -1.598093     0.737114 
59361.977040 0.000000 0.000000    -1.603612     0.738787 
59362.014650 0.000000 0.000000    -1.608770     0.740441 
59362.052261 0.000000 0.000000    -1.613567     0.742077 
59362.089871 0.000000 0.000000    -1.618002     0.743693 
59362.127481 0.000000 0.000000    -1.622079     0.745291 
59362.165091 0.000000 0.000000    -1.625796     0.746870 
59362.202701 0.000000 0.000000    -1.629156     0.748430 
59362.240311 0.000000 0.000000    -1.632159     0.749971 
59362.277921 0.000000 0.000000    -1.634807     0.751494 
59362.315532 0.000000 0.000000    -1.637102     0.752998 
59362.353142 0.000000 0.000000    -1.639044     0.754484 
59362.390752 0.000000 0.000000    -1.640636     0.755951 
59362.428362 0.000000 0.000000    -1.641879     0.757399 
59362.465972 0.000000 0.000000    -1.642775     0.758829 
59362.503582 0.000000 0.000000    -1.643327     0.760241 
59362.541193 0.000000 0.000000    -1.643537     0.761635 
59362.578803 0.000000 0.000000    -1.643407     0.763010 
59362.616413 0.000000 0.000000    -1.642939     0.764367 
59362.654023 0.000000 0.000000    -1.642136     0.765707 
59362.691633 0.000000 0.000000    -1.641001     0.767028 
59362.729243 0.000000 0.000000    -1.639536     0.768331 
59362.766853 0.000000 0.000000    -1.637745     0.769617 
59362.804464 0.000000 0.000000    -1.635631     0.770885 
59362.842074 0.000000 0.000000    -1.633196     0.772136 
59362.879684 0.000000 0.000000    -1.630444     0.773369 
59362.917294 0.000000 0.000000    -1.627379     0.774585 
59362.954904 0.000000 0.000000    -1.624003     0.775784 
59362.992514 0.000000 0.000000    -1.620321     0.776966 
59363.030125 0.000000 0.000000    -1.616336     0.778131 
59363.067735 0.000000 0.000000    -1.612052     0.779278 
59363.105345 0.000000 0.000000    -1.607473     0.780410 
59363.142955 0.000000 0.000000    -1.602602     0.781524 
59363.180565 0.000000 0.000000    -1.597445     0.782623 
59363.218175 0.000000 0.000000    -1.592005     0.783705 
59363.255785 0.000000 0.000000    -1.586286     0.784770 
59363.293396 0.000000 0.000000    -1.580293     0.785820 
59363.331006 0.000000 0.000000    -1.574031     0.786854 
59363.368616 0.000000 0.000000    -1.567503     0.787872 
59363.406226 0.000000 0.000000    -1.560715     0.788875 
59363.443836 0.000000 0.000000    -1.553670     0.789862 
59363.481446 0.000000 0.000000    -1.546375     0.790834 
59363.519057 0.000000 0.000000    -1.538834     0.791790 
59363.556667 0.000000 0.000000    -1.531052     0.792732 
59363.594277 0.000000 0.000000    -1.523033     0.793659 
59363.631887 0.000000 0.000000    -1.514784     0.794571 
59363.669497 0.000000 0.000000    -1.506309     0.795469 
59363.707107 0.000000 0.000000    -1.497613     0.796353 
59363.744718 0.000000 0.000000    -1.488701     0.797222 
59363.782328 0.000000 0.000000    -1.479580     0.798077 
59363.819938 0.000000 0.000000    -1.470254     0.798919 
59363.857548 0.000000 0.000000    -1.460730     0.799747 
59363.895158 0.000000 0.000000    -1.451011     0.800561 
59363.932768 0.000000 0.000000    -1.441105     0.801362 
59363.970378 0.000000 0.000000    -1.431016     0.802150 
59364.007989 0.000000 0.000000    -1.420751     0.802925 
59364.045599 0.000000 0.000000    -1.410315     0.803688 
59364.083209 0.000000 0.000000    -1.399714     0.804438 
59364.120819 0.000000 0.000000    -1.388953     0.805175 
59364.158429 0.000000 0.000000    -1.378039     0.805900 
59364.196039 0.000000 0.000000    -1.366977     0.806613 
59364.233650 0.000000 0.000000    -1.355773     0.807315 
59364.271260 0.000000 0.000000    -1.344434     0.808004 
59364.308870 0.000000 0.000000    -1.332964     0.808682 
59364.346480 0.000000 0.000000    -1.321371     0.809349 
59364.384090 0.000000 0.000000    -1.309660     0.810005 
59364.421700 0.000000 0.000000    -1.297837     0.810650 
59364.459310 0.000000 0.000000    -1.285909     0.811284 
59364.496921 0.000000 0.000000    -1.273880     0.811908 
59364.534531 0.000000 0.000000    -1.261758     0.812521 
59364.572141 0.000000 0.000000    -1.249548     0.813124 
59364.609751 0.000000 0.000000    -1.237257     0.813718 
59364.647361 0.000000 0.000000    -1.224890     0.814301 
59364.684971 0.000000 0.000000    -1.212454     0.814875 
59364.722582 0.000000 0.000000    -1.199954     0.815440 
59364.760192 0.000000 0.000000    -1.187397     0.815995 
59364.797802 0.000000 0.000000    -1.174789     0.816542 
59364.835412 0.000000 0.000000    -1.162136     0.817079 
59364.873022 0.000000 0.000000    -1.149444     0.817608 
59364.910632 0.000000 0.000000    -1.136718     0.818129 
59364.948242 0.000000 0.000000    -1.123966     0.818641 
59364.985853 0.000000 0.000000    -1.111192     0.819146 
59365.023463 0.000000 0.000000    -1.098404     0.819642 
59365.061073 0.000000 0.000000    -1.085606     0.820131 
59365.098683 0.000000 0.000000    -1.072805     0.820612 
59365.136293 0.000000 0.000000    -1.060006     0.821087 
59365.173903 0.000000 0.000000    -1.047216     0.821554 
59365.211514 0.000000 0.000000    -1.034440     0.822014 
59365.249124 0.000000 0.000000    -1.021685     0.822467 
59365.286734 0.000000 0.000000    -1.008955     0.822914 
59365.324344 0.000000 0.000000    -0.996257     0.823355 
59365.361954 0.000000 0.000000    -0.983596     0.823789 
59365.399564 0.000000 0.000000    -0.970978     0.824217 
59365.437175 0.000000 0.000000    -0.958408     0.824640 
59365.474785 0.000000 0.000000    -0.945892     0.825057 
59365.512395 0.000000 0.000000    -0.933436     0.825468 
59365.550005 0.000000 0.000000    -0.921044     0.825875 
59365.587615 0.000000 0.000000    -0.908723     0.826276 
59365.625225 0.000000 0.000000    -0.896477     0.826672 
59365.662835 0.000000 0.000000    -0.884312     0.827063 
59365.700446 0.000000 0.000000    -0.872233     0.827450 
59365.738056 0.000000 0.000000    -0.860245     0.827832 
59365.775666 0.000000 0.000000    -0.848353     0.828211 
59365.813276 0.000000 0.000000    -0.836563     0.828584 
59365.850886 0.000000 0.000000    -0.824878     0.828954 
59365.888496 0.000000 0.000000    -0.813305     0.829321 
59365.926107 0.000000 0.000000    -0.801847     0.829683 
59365.963717 0.000000 0.000000    -0.790509     0.830042 
59366.001327 0.000000 0.000000    -0.779297     0.830397 
59366.038937 0.000000 0.000000    -0.768215     0.830750 
59366.076547 0.000000 0.000000    -0.757266     0.831099 
59366.114157 0.000000 0.000000    -0.746456     0.831445 
59366.151767 0.000000 0.000000    -0.735789     0.831789 
59366.189378 0.000000 0.000000    -0.725269     0.832129 
59366.226988 0.000000 0.000000    -0.714901     0.832468 
59366.264598 0.000000 0.000000    -0.704688     0.832803 
59366.302208 0.000000 0.000000    -0.694634     0.833137 
59366.339818 0.000000 0.000000    -0.684744     0.833468 
59366.377428 0.000000 0.000000    -0.675020     0.833797 
59366.415039 0.000000 0.000000    -0.665468     0.834124 
59366.452649 0.000000 0.000000    -0.656090     0.834449 
59366.490259 0.000000 0.000000    -0.646890     0.834773 
59366.527869 0.000000 0.000000    -0.637872     0.835094 
59366.565479 0.000000 0.000000    -0.629039     0.835414 
59366.603089 0.000000 0.000000    -0.620394     0.835733 
59366.640699 0.000000 0.000000    -0.611940     0.836050 
59366.678310 0.000000 0.000000    -0.603681     0.836366 
59366.715920 0.000000 0.000000    -0.595619     0.836681 
59366.753530 0.000000 0.000000    -0.587757     0.836994 
59366.791140 0.000000 0.000000    -0.580099     0.837306 
59366.828750 0.000000 0.000000    -0.572647     0.837617 
59366.866360 0.000000 0.000000    -0.565402     0.837928 
59366.903971 0.000000 0.000000    -0.558369     0.838237 
59366.941581 0.000000 0.000000    -0.551550     0.838545 
59366.979191 0.000000 0.000000    -0.544946     0.838853 
59367.016801 0.000000 0.000000    -0.538560     0.839160 
59367.054411 0.000000 0.000000    -0.532394     0.839466 
59367.092021 0.000000 0.000000    -0.526449     0.839771 
59367.129632 0.000000 0.000000    -0.520729     0.840076 
59367.167242 0.000000 0.000000    -0.515235     0.840380 
59367.204852 0.000000 0.000000    -0.509968     0.840683 
59367.242462 0.000000 0.000000    -0.504930     0.840986 
59367.280072 0.000000 0.000000    -0.500122     0.841288 
59367.317682 0.000000 0.000000    -0.495547     0.841590 
59367.355292 0.000000 0.000000    -0.491205     0.841891 
59367.392903 0.000000 0.000000    -0.487097     0.842192 
59367.430513 0.000000 0.000000    -0.483225     0.842492 
59367.468123 0.000000 0.000000    -0.479589     0.842791 
59367.505733 0.000000 0.000000    -0.476191     0.843090 
59367.543343 0.000000 0.000000    -0.473031     0.843389 
59367.580953 0.000000 0.000000    -0.470110     0.843686 
59367.618564 0.000000 0.000000    -0.467429     0.843983 
59367.656174 0.000000 0.000000    -0.464988     0.844280 
59367.693784 0.000000 0.000000    -0.462787     0.844576 
59367.731394 0.000000 0.000000    -0.460827     0.844871 
59367.769004 0.000000 0.000000    -0.459109     0.845166 
59367.806614 0.000000 0.000000    -0.457631     0.845459 
59367.844224 0.000000 0.000000    -0.456395     0.845752 
59367.881835 0.000000 0.000000    -0.455399     0.846045 
59367.919445 0.000000 0.000000    -0.454645     0.846336 
59367.957055 0.000000 0.000000    -0.454131     0.846626 
59367.994665 0.000000 0.000000    -0.453858     0.846916 
59368.032275 0.000000 0.000000    -0.453825     0.847204 
59368.069885 0.000000 0.000000    -0.454031     0.847492 
59368.107496 0.000000 0.000000    -0.454475     0.847778 
59368.145106 0.000000 0.000000    -0.455158     0.848063 
59368.182716 0.000000 0.000000    -0.456078     0.848347 
59368.220326 0.000000 0.000000    -0.457234     0.848630 
59368.257936 0.000000 0.000000    -0.458626     0.848912 
59368.295546 0.000000 0.000000    -0.460252     0.849192 
59368.333156 0.000000 0.000000    -0.462111     0.849470 
59368.370767 0.000000 0.000000    -0.464202     0.849747 
59368.408377 0.000000 0.000000    -0.466524     0.850023 
59368.445987 0.000000 0.000000    -0.469074     0.850296 
59368.483597 0.000000 0.000000    -0.471853     0.850569 
59368.521207 0.000000 0.000000    -0.474858     0.850839 
59368.558817 0.000000 0.000000    -0.478087     0.851107 
59368.596428 0.000000 0.000000    -0.481539     0.851374 
59368.634038 0.000000 0.000000    -0.485212     0.851638 
59368.671648 0.000000 0.000000    -0.489104     0.851900 
59368.709258 0.000000 0.000000    -0.493213     0.852161 
59368.746868 0.000000 0.000000    -0.497538     0.852418 
59368.784478 0.000000 0.000000    -0.502076     0.852674 
59368.822089 0.000000 0.000000    -0.506824     0.852927 
59368.859699 0.000000 0.000000    -0.511782     0.853178 
59368.897309 0.000000 0.000000    -0.516946     0.853426 
59368.934919 0.000000 0.000000    -0.522314     0.853672 
59368.972529 0.000000 0.000000    -0.527884     0.853915 
59369.010139 0.000000 0.000000    -0.533653     0.854155 
59369.047749 0.000000 0.000000    -0.539619     0.854393 
59369.085360 0.000000 0.000000    -0.545779     0.854627 
59369.122970 0.000000 0.000000    -0.552130     0.854859 
59369.160580 0.000000 0.000000    -0.558670     0.855087 
59369.198190 0.000000 0.000000    -0.565396     0.855313 
59369.235800 0.000000 0.000000    -0.572306     0.855535 
59369.273410 0.000000 0.000000    -0.579395     0.855754 
59369.311021 0.000000 0.000000    -0.586663     0.855970 
59369.348631 0.000000 0.000000    -0.594104     0.856183 
59369.386241 0.000000 0.000000    -0.601717     0.856392 
59369.423851 0.000000 0.000000    -0.609498     0.856598 
59369.461461 0.000000 0.000000    -0.617445     0.856800 
59369.499071 0.000000 0.000000    -0.625553     0.856999 
59369.536681 0.000000 0.000000    -0.633820     0.857194 
59369.574292 0.000000 0.000000    -0.642243     0.857385 
59369.611902 0.000000 0.000000    -0.650819     0.857573 
59369.649512 0.000000 0.000000    -0.659543     0.857757 
59369.687122 0.000000 0.000000    -0.668413     0.857938 
59369.724732 0.000000 0.000000    -0.677425     0.858114 
59369.762342 0.000000 0.000000    -0.686577     0.858287 
59369.799953 0.000000 0.000000    -0.695863     0.858456 
59369.837563 0.000000 0.000000    -0.705282     0.858621 
59369.875173 0.000000 0.000000    -0.714829     0.858782 
59369.912783 0.000000 0.000000    -0.724501     0.858939 
59369.950393 0.000000 0.000000    -0.734294     0.859092 
59369.988003 0.000000 0.000000    -0.744205     0.859241 
59370.025613 0.000000 0.000000    -0.754230     0.859386 
59370.063224 0.000000 0.000000    -0.764366     0.859527 
59370.100834 0.000000 0.000000    -0.774608     0.859664 
59370.138444 0.000000 0.000000    -0.784954     0.859797 
59370.176054 0.000000 0.000000    -0.795399     0.859926 
59370.213664 0.000000 0.000000    -0.805940     0.860051 
59370.251274 0.000000 0.000000    -0.816573     0.860172 
59370.288885 0.000000 0.000000    -0.827294     0.860288 
59370.326495 0.000000 0.000000    -0.838100     0.860401 
59370.364105 0.000000 0.000000    -0.848987     0.860510 
59370.401715 0.000000 0.000000    -0.859950     0.860614 
59370.439325 0.000000 0.000000    -0.870987     0.860715 
59370.476935 0.000000 0.000000    -0.882094     0.860811 
59370.514546 0.000000 0.000000    -0.893266     0.860904 
59370.552156 0.000000 0.000000    -0.904501     0.860993 
59370.589766 0.000000 0.000000    -0.915793     0.861077 
59370.627376 0.000000 0.000000    -0.927140     0.861158 
59370.664986 0.000000 0.000000    -0.938537     0.861235 
59370.702596 0.000000 0.000000    -0.949981     0.861308 
59370.740206 0.000000 0.000000    -0.961468     0.861377 
59370.777817 0.000000 0.000000    -0.972994     0.861442 
59370.815427 0.000000 0.000000    -0.984556     0.861504 
59370.853037 0.000000 0.000000    -0.996149     0.861561 
59370.890647 0.000000 0.000000    -1.007770     0.861615 
59370.928257 0.000000 0.000000    -1.019416     0.861666 
59370.965867 0.000000 0.000000    -1.031081     0.861713 
59371.003478 0.000000 0.000000    -1.042763     0.861756 
59371.041088 0.000000 0.000000    -1.054458     0.861795 
59371.078698 0.000000 0.000000    -1.066162     0.861832 
59371.116308 0.000000 0.000000    -1.077872     0.861864 
59371.153918 0.000000 0.000000    -1.089583     0.861894 
59371.191528 0.000000 0.000000    -1.101293     0.861920 
59371.229138 0.000000 0.000000    -1.112996     0.861942 
59371.266749 0.000000 0.000000    -1.124691     0.861962 
59371.304359 0.000000 0.000000    -1.136372     0.861978 
59371.341969 0.000000 0.000000    -1.148037     0.861991 
59371.379579 0.000000 0.000000    -1.159682     0.862001 
59371.417189 0.000000 0.000000    -1.171304     0.862009 
59371.454799 0.000000 0.000000    -1.182898     0.862013 
59371.492410 0.000000 0.000000    -1.194461     0.862014 
59371.530020 0.000000 0.000000    -1.205990     0.862012 
59371.567630 0.000000 0.000000    -1.217482     0.862007 
59371.605240 0.000000 0.000000    -1.228932     0.862000 
59371.642850 0.000000 0.000000    -1.240337     0.861990 
59371.680460 0.000000 0.000000    -1.251695     0.861978 
59371.718070 0.000000 0.000000    -1.263001     0.861962 
59371.755681 0.000000 0.000000    -1.274252     0.861945 
59371.793291 0.000000 0.000000    -1.285445     0.861924 
59371.830901 0.000000 0.000000    -1.296577     0.861902 
59371.868511 0.000000 0.000000    -1.307644     0.861877 
59371.906121 0.000000 0.000000    -1.318643     0.861849 
59371.943731 0.000000 0.000000    -1.329571     0.861819 
59371.981342 0.000000 0.000000    -1.340425     0.861787 
59372.018952 0.000000 0.000000    -1.351201     0.861753 
59372.056562 0.000000 0.000000    -1.361896     0.861717 
59372.094172 0.000000 0.000000    -1.372508     0.861678 
59372.131782 0.000000 0.000000    -1.383034     0.861638 
59372.169392 0.000000 0.000000    -1.393469     0.861595 
59372.207003 0.000000 0.000000    -1.403812     0.861551 
59372.244613 0.000000 0.000000    -1.414059     0.861504 
59372.282223 0.000000 0.000000    -1.424207     0.861456 
59372.319833 0.000000 0.000000    -1.434254     0.861405 
59372.357443 0.000000 0.000000    -1.444197     0.861353 
59372.395053 0.000000 0.000000    -1.454032     0.861299 
59372.432663 0.000000 0.000000    -1.463758     0.861243 
59372.470274 0.000000 0.000000    -1.473371     0.861185 
59372.507884 0.000000 0.000000    -1.482868     0.861125 
59372.545494 0.000000 0.000000    -1.492248     0.861064 
59372.583104 0.000000 0.000000    -1.501507     0.861001 
59372.620714 0.000000 0.000000    -1.510642     0.860936 
59372.658324 0.000000 0.000000    -1.519652     0.860870 
59372.695935 0.000000 0.000000    -1.528533     0.860802 
59372.733545 0.000000 0.000000    -1.537284     0.860732 
59372.771155 0.000000 0.000000     1.968715          nan 
