# time Tc_folded Tref_folded value value_err offset model full_model val_compare val_compare_err residuals residuals_err jitter jitter_flag offset_flag subset_flag 
59333.170022 0.000000 0.000000 -1.767000 0.950000 2.556417 -1.922521 0.633896 -4.323417 0.950000 -2.400896 0.950000 1.756961  -1  -1  -1 
59333.173022 0.000000 0.000000 0.300000 0.950000 2.556417 -1.921679 0.634739 -2.256417 0.950000 -0.334739 0.950000 1.756961  -1  -1  -1 
59333.174022 0.000000 0.000000 1.633000 0.950000 2.556417 -1.921398 0.635019 -0.923417 0.950000 0.997981 0.950000 1.756961  -1  -1  -1 
59334.195022 0.000000 0.000000 -1.367000 0.950000 2.556417 -1.663424 0.892993 -3.923417 0.950000 -2.259993 0.950000 1.756961  -1  -1  -1 
59334.199022 0.000000 0.000000 2.683000 0.950000 2.556417 -1.662556 0.893861 0.126583 0.950000 1.789139 0.950000 1.756961  -1  -1  -1 
59334.200022 0.000000 0.000000 3.333000 0.950000 2.556417 -1.662339 0.894078 0.776583 0.950000 2.438922 0.950000 1.756961  -1  -1  -1 
59335.191022 0.000000 0.000000 1.967000 0.950000 2.556417 -1.493402 1.063016 -0.589417 0.950000 0.903984 0.950000 1.756961  -1  -1  -1 
59335.193022 0.000000 0.000000 -0.067000 0.950000 2.556417 -1.493162 1.063255 -2.623417 0.950000 -1.130255 0.950000 1.756961  -1  -1  -1 
59335.194022 0.000000 0.000000 1.967000 0.950000 2.556417 -1.493043 1.063374 -0.589417 0.950000 0.903626 0.950000 1.756961  -1  -1  -1 
59336.256022 0.000000 0.000000 1.417000 0.950000 2.556417 -1.430931 1.125487 -1.139417 0.950000 0.291513 0.950000 1.756961  -1  -1  -1 
59336.258022 0.000000 0.000000 2.867000 0.950000 2.556417 -1.430939 1.125479 0.310583 0.950000 1.741521 0.950000 1.756961  -1  -1  -1 
59336.260022 0.000000 0.000000 1.250000 0.950000 2.556417 -1.430947 1.125470 -1.306417 0.950000 0.124530 0.950000 1.756961  -1  -1  -1 
59337.143022 0.000000 0.000000 -1.100000 0.950000 2.556417 -1.480079 1.076338 -3.656417 0.950000 -2.176338 0.950000 1.756961  -1  -1  -1 
59337.145022 0.000000 0.000000 -0.167000 0.950000 2.556417 -1.480290 1.076127 -2.723417 0.950000 -1.243127 0.950000 1.756961  -1  -1  -1 
59337.146022 0.000000 0.000000 -1.300000 0.950000 2.556417 -1.480396 1.076021 -3.856417 0.950000 -2.376021 0.950000 1.756961  -1  -1  -1 
59338.236022 0.000000 0.000000 3.183000 0.950000 2.556417 -1.654518 0.901899 0.626583 0.950000 2.281101 0.950000 1.756961  -1  -1  -1 
59338.238022 0.000000 0.000000 0.483000 0.950000 2.556417 -1.654934 0.901483 -2.073417 0.950000 -0.418483 0.950000 1.756961  -1  -1  -1 
59338.240022 0.000000 0.000000 2.833000 0.950000 2.556417 -1.655350 0.901067 0.276583 0.950000 1.931933 0.950000 1.756961  -1  -1  -1 
59339.159022 0.000000 0.000000 1.533000 0.950000 2.556417 -1.873975 0.682442 -1.023417 0.950000 0.850558 0.950000 1.756961  -1  -1  -1 
59339.160022 0.000000 0.000000 1.117000 0.950000 2.556417 -1.874237 0.682180 -1.439417 0.950000 0.434820 0.950000 1.756961  -1  -1  -1 
59339.161022 0.000000 0.000000 -0.867000 0.950000 2.556417 -1.874499 0.681919 -3.423417 0.950000 -1.548919 0.950000 1.756961  -1  -1  -1 
59340.160022 0.000000 0.000000 1.550000 0.950000 2.556417 -2.147369 0.409048 -1.006417 0.950000 1.140952 0.950000 1.756961  -1  -1  -1 
59340.162022 0.000000 0.000000 0.250000 0.950000 2.556417 -2.147923 0.408494 -2.306417 0.950000 -0.158494 0.950000 1.756961  -1  -1  -1 
59340.165022 0.000000 0.000000 1.717000 0.950000 2.556417 -2.148753 0.407664 -0.839417 0.950000 1.309336 0.950000 1.756961  -1  -1  -1 
59341.153022 0.000000 0.000000 -0.683000 0.950000 2.556417 -2.410715 0.145702 -3.239417 0.950000 -0.828702 0.950000 1.756961  -1  -1  -1 
59341.154022 0.000000 0.000000 -1.883000 0.950000 2.556417 -2.410961 0.145456 -4.439417 0.950000 -2.028456 0.950000 1.756961  -1  -1  -1 
59341.155022 0.000000 0.000000 -1.917000 0.950000 2.556417 -2.411207 0.145210 -4.473417 0.950000 -2.062210 0.950000 1.756961  -1  -1  -1 
59343.263022 0.000000 0.000000 -0.400000 0.950000 2.556417 -2.760878 -0.204461 -2.956417 0.950000 -0.195539 0.950000 1.756961  -1  -1  -1 
59343.268022 0.000000 0.000000 -0.333000 0.950000 2.556417 -2.761207 -0.204790 -2.889417 0.950000 -0.128210 0.950000 1.756961  -1  -1  -1 
59343.271022 0.000000 0.000000 0.250000 0.950000 2.556417 -2.761403 -0.204986 -2.306417 0.950000 0.454986 0.950000 1.756961  -1  -1  -1 
59344.197022 0.000000 0.000000 -1.450000 0.950000 2.556417 -2.775301 -0.218883 -4.006417 0.950000 -1.231117 0.950000 1.756961  -1  -1  -1 
59344.199022 0.000000 0.000000 -3.533000 0.950000 2.556417 -2.775230 -0.218813 -6.089417 0.950000 -3.314187 0.950000 1.756961  -1  -1  -1 
59344.200022 0.000000 0.000000 -1.150000 0.950000 2.556417 -2.775195 -0.218778 -3.706417 0.950000 -0.931222 0.950000 1.756961  -1  -1  -1 
59345.303022 0.000000 0.000000 -2.283000 0.950000 2.556417 -2.674599 -0.118182 -4.839417 0.950000 -2.164818 0.950000 1.756961  -1  -1  -1 
59345.305022 0.000000 0.000000 0.050000 0.950000 2.556417 -2.674313 -0.117896 -2.506417 0.950000 0.167896 0.950000 1.756961  -1  -1  -1 
59345.309022 0.000000 0.000000 2.267000 0.950000 2.556417 -2.673739 -0.117322 -0.289417 0.950000 2.384322 0.950000 1.756961  -1  -1  -1 
59346.243022 0.000000 0.000000 2.917000 0.950000 2.556417 -2.506942 0.049475 0.360583 0.950000 2.867525 0.950000 1.756961  -1  -1  -1 
59346.244022 0.000000 0.000000 0.617000 0.950000 2.556417 -2.506734 0.049684 -1.939417 0.950000 0.567316 0.950000 1.756961  -1  -1  -1 
59346.247022 0.000000 0.000000 -0.850000 0.950000 2.556417 -2.506108 0.050309 -3.406417 0.950000 -0.900309 0.950000 1.756961  -1  -1  -1 
59347.181022 0.000000 0.000000 5.233000 0.950000 2.556417 -2.294329 0.262088 2.676583 0.950000 4.970912 0.950000 1.756961  -1  -1  -1 
59347.182022 0.000000 0.000000 2.717000 0.950000 2.556417 -2.294091 0.262326 0.160583 0.950000 2.454674 0.950000 1.756961  -1  -1  -1 
59347.183022 0.000000 0.000000 3.017000 0.950000 2.556417 -2.293853 0.262565 0.460583 0.950000 2.754435 0.950000 1.756961  -1  -1  -1 
59348.175022 0.000000 0.000000 -3.317000 0.950000 2.556417 -2.060030 0.496387 -5.873417 0.950000 -3.813387 0.950000 1.756961  -1  -1  -1 
59348.176022 0.000000 0.000000 -2.033000 0.950000 2.556417 -2.059805 0.496613 -4.589417 0.950000 -2.529613 0.950000 1.756961  -1  -1  -1 
59348.177022 0.000000 0.000000 -2.817000 0.950000 2.556417 -2.059579 0.496838 -5.373417 0.950000 -3.313838 0.950000 1.756961  -1  -1  -1 
59349.164022 0.000000 0.000000 -1.933000 0.950000 2.556417 -1.862534 0.693883 -4.489417 0.950000 -2.626883 0.950000 1.756961  -1  -1  -1 
59349.166022 0.000000 0.000000 -0.200000 0.950000 2.556417 -1.862201 0.694217 -2.756417 0.950000 -0.894217 0.950000 1.756961  -1  -1  -1 
59349.167022 0.000000 0.000000 -0.983000 0.950000 2.556417 -1.862034 0.694384 -3.539417 0.950000 -1.677384 0.950000 1.756961  -1  -1  -1 
59350.332022 0.000000 0.000000 4.033000 0.950000 2.556417 -1.731307 0.825110 1.476583 0.950000 3.207890 0.950000 1.756961  -1  -1  -1 
59350.334022 0.000000 0.000000 2.417000 0.950000 2.556417 -1.731206 0.825211 -0.139417 0.950000 1.591789 0.950000 1.756961  -1  -1  -1 
59350.335022 0.000000 0.000000 0.000000 0.950000 2.556417 -1.731156 0.825261 -2.556417 0.950000 -0.825261 0.950000 1.756961  -1  -1  -1 
59351.292022 0.000000 0.000000 1.333000 0.950000 2.556417 -1.739180 0.817237 -1.223417 0.950000 0.515763 0.950000 1.756961  -1  -1  -1 
59351.293022 0.000000 0.000000 2.067000 0.950000 2.556417 -1.739249 0.817168 -0.489417 0.950000 1.249832 0.950000 1.756961  -1  -1  -1 
59351.294022 0.000000 0.000000 0.517000 0.950000 2.556417 -1.739319 0.817099 -2.039417 0.950000 -0.300099 0.950000 1.756961  -1  -1  -1 
59352.321022 0.000000 0.000000 -2.100000 0.950000 2.556417 -1.878908 0.677509 -4.656417 0.950000 -2.777509 0.950000 1.756961  -1  -1  -1 
59352.323022 0.000000 0.000000 0.683000 0.950000 2.556417 -1.879312 0.677106 -1.873417 0.950000 0.005894 0.950000 1.756961  -1  -1  -1 
59352.325022 0.000000 0.000000 -0.450000 0.950000 2.556417 -1.879716 0.676702 -3.006417 0.950000 -1.126702 0.950000 1.756961  -1  -1  -1 
59353.239022 0.000000 0.000000 -0.950000 0.950000 2.556417 -2.113894 0.442524 -3.506417 0.950000 -1.392524 0.950000 1.756961  -1  -1  -1 
59353.241022 0.000000 0.000000 0.600000 0.950000 2.556417 -2.114508 0.441909 -1.956417 0.950000 0.158091 0.950000 1.756961  -1  -1  -1 
59353.242022 0.000000 0.000000 -1.933000 0.950000 2.556417 -2.114815 0.441602 -4.489417 0.950000 -2.374602 0.950000 1.756961  -1  -1  -1 
59355.273022 0.000000 0.000000 -0.250000 0.950000 2.556417 -2.896955 -0.340538 -2.806417 0.950000 0.090538 0.950000 1.756961  -1  -1  -1 
59355.277022 0.000000 0.000000 -0.200000 0.950000 2.556417 -2.898685 -0.342268 -2.756417 0.950000 0.142268 0.950000 1.756961  -1  -1  -1 
59355.281022 0.000000 0.000000 -1.733000 0.950000 2.556417 -2.900415 -0.343997 -4.289417 0.950000 -1.389003 0.950000 1.756961  -1  -1  -1 
59356.227022 0.000000 0.000000 0.183000 0.950000 2.556417 -3.307962 -0.751545 -2.373417 0.950000 0.934545 0.950000 1.756961  -1  -1  -1 
59356.230022 0.000000 0.000000 1.767000 0.950000 2.556417 -3.309226 -0.752809 -0.789417 0.950000 2.519809 0.950000 1.756961  -1  -1  -1 
59356.232022 0.000000 0.000000 3.950000 0.950000 2.556417 -3.310069 -0.753652 1.393583 0.950000 4.703652 0.950000 1.756961  -1  -1  -1 
59357.201022 0.000000 0.000000 -1.483000 0.950000 2.556417 -3.693566 -1.137149 -4.039417 0.950000 -0.345851 0.950000 1.756961  -1  -1  -1 
59357.202022 0.000000 0.000000 -1.283000 0.950000 2.556417 -3.693929 -1.137512 -3.839417 0.950000 -0.145488 0.950000 1.756961  -1  -1  -1 
59357.205022 0.000000 0.000000 -2.900000 0.950000 2.556417 -3.695017 -1.138599 -5.456417 0.950000 -1.761401 0.950000 1.756961  -1  -1  -1 
59358.219022 0.000000 0.000000 -1.250000 0.950000 2.556417 -4.013166 -1.456749 -3.806417 0.950000 0.206749 0.950000 1.756961  -1  -1  -1 
59358.220022 0.000000 0.000000 0.500000 0.950000 2.556417 -4.013425 -1.457008 -2.056417 0.950000 1.957008 0.950000 1.756961  -1  -1  -1 
59358.223022 0.000000 0.000000 0.317000 0.950000 2.556417 -4.014201 -1.457783 -2.239417 0.950000 1.774783 0.950000 1.756961  -1  -1  -1 
59359.157022 0.000000 0.000000 -5.283000 0.950000 2.556417 -4.200242 -1.643824 -7.839417 0.950000 -3.639176 0.950000 1.756961  -1  -1  -1 
59359.158022 0.000000 0.000000 -4.083000 0.950000 2.556417 -4.200379 -1.643962 -6.639417 0.950000 -2.439038 0.950000 1.756961  -1  -1  -1 
59359.159022 0.000000 0.000000 -5.217000 0.950000 2.556417 -4.200516 -1.644099 -7.773417 0.950000 -3.572901 0.950000 1.756961  -1  -1  -1 
