# time Tc_folded Tref_folded model 
59318.650141 0.950164 0.309699    -1.974991
59318.687751 0.987774 0.322727    -1.718752
59318.725361 1.025385 0.335756    -1.443456
59318.762971 1.062995 0.348785    -1.155639
59318.800582 1.100605 0.361813    -0.861824
59318.838192 1.138215 0.374842    -0.568133
59318.875802 1.175825 0.387870    -0.279992
59318.913412 1.213435 0.400899    -0.001949
59318.951022 1.251046 0.413928     0.262402
59318.988632 1.288656 0.426956     0.510401
59319.026243 1.326266 0.439985     0.740248
59319.063853 1.363876 0.453014     0.950882
59319.101463 1.401486 0.466042     1.141853
59319.139073 1.439096 0.479071     1.313188
59319.176683 -1.410028 0.492099     1.465270
59319.214293 -1.372418 0.505128     1.598738
59319.251903 -1.334808 0.518157     1.714400
59319.289514 -1.297198 0.531185     1.813164
59319.327124 -1.259588 0.544214     1.895987
59319.364734 -1.221978 0.557242     1.963836
59319.402344 -1.184367 0.570271     2.017662
59319.439954 -1.146757 0.583300     2.058379
59319.477564 -1.109147 0.596328     2.086850
59319.515175 -1.071537 0.609357     2.103887
59319.552785 -1.033927 0.622386     2.110238
59319.590395 -0.996317 0.635414     2.106593
59319.628005 -0.958707 0.648443     2.093582
59319.665615 -0.921096 0.661471     2.071775
59319.703225 -0.883486 0.674500     2.041691
59319.740836 -0.845876 0.687529     2.003794
59319.778446 -0.808266 0.700557     1.958501
59319.816056 -0.770656 0.713586     1.906186
59319.853666 -0.733046 0.726614     1.847178
59319.891276 -0.695435 0.739643     1.781773
59319.928886 -0.657825 0.752672     1.710228
59319.966496 -0.620215 0.765700     1.632773
59320.004107 -0.582605 0.778729     1.549607
59320.041717 -0.544995 0.791758     1.460906
59320.079327 -0.507385 0.804786     1.366819
59320.116937 -0.469774 0.817815     1.267482
59320.154547 -0.432164 0.830843     1.163009
59320.192157 -0.394554 0.843872     1.053502
59320.229768 -0.356944 0.856901     0.939052
59320.267378 -0.319334 0.869929     0.819741
59320.304988 -0.281724 0.882958     0.695647
59320.342598 -0.244114 0.895986     0.566848
59320.380208 -0.206503 0.909015     0.433425
59320.417818 -0.168893 0.922044     0.295466
59320.455428 -0.131283 0.935072     0.153076
59320.493039 -0.093673 0.948101     0.006379
59320.530649 -0.056063 0.961130    -0.144473
59320.568259 -0.018453 0.974158    -0.299287
59320.605869 0.019158 0.987187    -0.457824
59320.643479 0.056768 0.000215    -0.619781
59320.681089 0.094378 0.013244    -0.784779
59320.718700 0.131988 0.026273    -0.952344
59320.756310 0.169598 0.039301    -1.121883
59320.793920 0.207208 0.052330    -1.292665
59320.831530 0.244818 0.065358    -1.463790
59320.869140 0.282429 0.078387    -1.634158
59320.906750 0.320039 0.091416    -1.802441
59320.944360 0.357649 0.104444    -1.967042
59320.981971 0.395259 0.117473    -2.126065
59321.019581 0.432869 0.130502    -2.277286
59321.057191 0.470479 0.143530    -2.418133
59321.094801 0.508090 0.156559    -2.545680
59321.132411 0.545700 0.169587    -2.656669
59321.170021 0.583310 0.182616    -2.747561
59321.207632 0.620920 0.195645    -2.814640
59321.245242 0.658530 0.208673    -2.854160
59321.282852 0.696140 0.221702    -2.862559
59321.320462 0.733750 0.234730    -2.836715
59321.358072 0.771361 0.247759    -2.774251
59321.395682 0.808971 0.260788    -2.673828
59321.433293 0.846581 0.273816    -2.535412
59321.470903 0.884191 0.286845    -2.360445
59321.508513 0.921801 0.299874    -2.151886
59321.546123 0.959411 0.312902    -1.914099
59321.583733 0.997022 0.325931    -1.652585
59321.621343 1.034632 0.338959    -1.373598
59321.658953 1.072242 0.351988    -1.083711
59321.696564 1.109852 0.365017    -0.789381
59321.734174 1.147462 0.378045    -0.496584
59321.771784 1.185072 0.391074    -0.210540
59321.809394 1.222683 0.404102     0.064434
59321.847004 1.260293 0.417131     0.324976
59321.884614 1.297903 0.430160     0.568648
59321.922225 1.335513 0.443188     0.793844
59321.959835 1.373123 0.456217     0.999665
59321.997445 1.410733 0.469245     1.185790
59322.035055 -1.438391 0.482274     1.352343
59322.072665 -1.400781 0.495303     1.499782
59322.110275 -1.363171 0.508331     1.628793
59322.147885 -1.325561 0.521360     1.740213
59322.185496 -1.287951 0.534389     1.834968
59322.223106 -1.250341 0.547417     1.914020
59322.260716 -1.212730 0.560446     1.978335
59322.298326 -1.175120 0.573474     2.028854
59322.335936 -1.137510 0.586503     2.066482
59322.373546 -1.099900 0.599532     2.092069
59322.411157 -1.062290 0.612560     2.106412
59322.448767 -1.024680 0.625589     2.110243
59322.486377 -0.987070 0.638617     2.104240
59322.523987 -0.949459 0.651646     2.089015
59322.561597 -0.911849 0.664675     2.065127
59322.599207 -0.874239 0.677703     2.033081
59322.636817 -0.836629 0.690732     1.993329
59322.674428 -0.799019 0.703761     1.946276
59322.712038 -0.761409 0.716789     1.892286
59322.749648 -0.723798 0.729818     1.831680
59322.787258 -0.686188 0.742846     1.764742
59322.824868 -0.648578 0.755875     1.691724
59322.862478 -0.610968 0.768904     1.612848
59322.900089 -0.573358 0.781932     1.528306
59322.937699 -0.535748 0.794961     1.438267
59322.975309 -0.498138 0.807989     1.342877
59323.012919 -0.460527 0.821018     1.242268
59323.050529 -0.422917 0.834047     1.136548
59323.088139 -0.385307 0.847075     1.025818
59323.125750 -0.347697 0.860104     0.910165
59323.163360 -0.310087 0.873133     0.789671
59323.200970 -0.272477 0.886161     0.664413
59323.238580 -0.234866 0.899190     0.534469
59323.276190 -0.197256 0.912218     0.399922
59323.313800 -0.159646 0.925247     0.260863
59323.351410 -0.122036 0.938276     0.117402
59323.389021 -0.084426 0.951304    -0.030332
59323.426631 -0.046816 0.964333    -0.182177
59323.464241 -0.009206 0.977361    -0.337931
59323.501851 0.028405 0.990390    -0.497340
59323.539461 0.066015 0.003419    -0.660083
59323.577071 0.103625 0.016447    -0.825761
59323.614682 0.141235 0.029476    -0.993871
59323.652292 0.178845 0.042505    -1.163789
59323.689902 0.216455 0.055533    -1.334746
59323.727512 0.254066 0.068562    -1.505795
59323.765122 0.291676 0.081590    -1.675784
59323.802732 0.329286 0.094619    -1.843320
59323.840342 0.366896 0.107648    -2.006737
59323.877953 0.404506 0.120676    -2.164061
59323.915563 0.442116 0.133705    -2.312984
59323.953173 0.479727 0.146733    -2.450846
59323.990783 0.517337 0.159762    -2.574636
59324.028393 0.554947 0.172791    -2.681021
59324.066003 0.592557 0.185819    -2.766407
59324.103614 0.630167 0.198848    -2.827054
59324.141224 0.667777 0.211877    -2.859240
59324.178834 0.705387 0.224905    -2.859486
59324.216444 0.742998 0.237934    -2.824824
59324.254054 0.780608 0.250962    -2.753104
59324.291664 0.818218 0.263991    -2.643288
59324.329274 0.855828 0.277020    -2.495693
59324.366885 0.893438 0.290048    -2.312136
59324.404495 0.931048 0.303077    -2.095936
59324.442105 0.968659 0.316105    -1.851770
59324.479715 1.006269 0.329134    -1.585360
59324.517325 1.043879 0.342163    -1.303081
59324.554935 1.081489 0.355191    -1.011516
59324.592546 1.119099 0.368220    -0.717035
59324.630156 1.156709 0.381249    -0.425446
59324.667766 1.194319 0.394277    -0.141761
59324.705376 1.231930 0.407306     0.129939
59324.742986 1.269540 0.420334     0.386526
59324.780596 1.307150 0.433363     0.625775
59324.818207 1.344760 0.446392     0.846266
59324.855817 1.382370 0.459420     1.047255
59324.893427 1.419980 0.472449     1.228541
59324.931037 -1.429144 0.485477     1.390343
59324.968647 -1.391534 0.498506     1.533180
59325.006257 -1.353924 0.511535     1.657783
59325.043867 -1.316314 0.524563     1.765018
59325.081478 -1.278704 0.537592     1.855823
59325.119088 -1.241094 0.550620     1.931162
59325.156698 -1.203483 0.563649     1.991999
59325.194308 -1.165873 0.576678     2.039267
59325.231918 -1.128263 0.589706     2.073858
59325.269528 -1.090653 0.602735     2.096609
59325.307139 -1.053043 0.615764     2.108301
59325.344749 -1.015433 0.628792     2.109654
59325.382359 -0.977822 0.641821     2.101329
59325.419969 -0.940212 0.654849     2.083924
59325.457579 -0.902602 0.667878     2.057986
59325.495189 -0.864992 0.680907     2.024005
59325.532799 -0.827382 0.693935     1.982422
59325.570410 -0.789772 0.706964     1.933632
59325.608020 -0.752162 0.719992     1.877987
59325.645630 -0.714551 0.733021     1.815799
59325.683240 -0.676941 0.746050     1.747344
59325.720850 -0.639331 0.759078     1.672866
59325.758460 -0.601721 0.772107     1.592580
59325.796071 -0.564111 0.785136     1.506671
59325.833681 -0.526501 0.798164     1.415304
59325.871291 -0.488890 0.811193     1.318620
59325.908901 -0.451280 0.824221     1.216744
59325.946511 -0.413670 0.837250     1.109784
59325.984121 -0.376060 0.850279     0.997836
59326.021731 -0.338450 0.863307     0.880985
59326.059342 -0.300840 0.876336     0.759313
59326.096952 -0.263229 0.889364     0.632896
59326.134562 -0.225619 0.902393     0.501812
59326.172172 -0.188009 0.915422     0.366146
59326.209782 -0.150399 0.928450     0.225995
59326.247392 -0.112789 0.941479     0.081469
59326.285003 -0.075179 0.954508    -0.067292
59326.322613 -0.037569 0.967536    -0.220118
59326.360223 0.000042 0.980565    -0.376797
59326.397833 0.037652 0.993593    -0.537058
59326.435443 0.075262 0.006622    -0.700563
59326.473053 0.112872 0.019651    -0.866890
59326.510664 0.150482 0.032679    -1.035507
59326.548274 0.188092 0.045708    -1.205759
59326.585884 0.225703 0.058736    -1.376833
59326.623494 0.263313 0.071765    -1.547737
59326.661104 0.300923 0.084794    -1.717262
59326.698714 0.338533 0.097822    -1.883951
59326.736324 0.376143 0.110851    -2.046066
59326.773935 0.413753 0.123880    -2.201552
59326.811545 0.451363 0.136908    -2.348016
59326.849155 0.488974 0.149937    -2.482710
59326.886765 0.526584 0.162965    -2.602541
59326.924375 0.564194 0.175994    -2.704103
59326.961985 0.601804 0.189023    -2.783756
59326.999596 0.639414 0.202051    -2.837746
59327.037206 0.677024 0.215080    -2.862387
59327.074816 0.714635 0.228108    -2.854298
59327.112426 0.752245 0.241137    -2.810687
59327.150036 0.789855 0.254166    -2.729648
59327.187646 0.827465 0.267194    -2.610458
59327.225256 0.865075 0.280223    -2.453793
59327.262867 0.902685 0.293252    -2.261847
59327.300477 0.940295 0.306280    -2.038291
59327.338087 0.977906 0.319309    -1.788093
59327.375697 1.015516 0.332337    -1.517174
59327.413307 1.053126 0.345366    -1.232004
59327.450917 1.090736 0.358395    -0.939148
59327.488528 1.128346 0.371423    -0.644867
59327.526138 1.165956 0.384452    -0.354791
59327.563748 1.203567 0.397480    -0.073711
59327.601358 1.241177 0.410509     0.194527
59327.638968 1.278787 0.423538     0.447024
59327.676578 1.316397 0.436566     0.681765
59327.714188 1.354007 0.449595     0.897506
59327.751799 1.391617 0.462623     1.093652
59327.789409 1.429228 0.475652     1.270114
59327.827019 -1.419897 0.488681     1.427194
59327.864629 -1.382287 0.501709     1.565474
59327.902239 -1.344677 0.514738     1.685724
59327.939849 -1.307067 0.527767     1.788831
59327.977460 -1.269457 0.540795     1.875743
59328.015070 -1.231846 0.553824     1.947428
59328.052680 -1.194236 0.566852     2.004844
59328.090290 -1.156626 0.579881     2.048914
59328.127900 -1.119016 0.592910     2.080518
59328.165510 -1.081406 0.605938     2.100480
59328.203121 -1.043796 0.618967     2.109566
59328.240731 -1.006185 0.631995     2.108481
59328.278341 -0.968575 0.645024     2.097869
59328.315951 -0.930965 0.658053     2.078318
59328.353561 -0.893355 0.671081     2.050359
59328.391171 -0.855745 0.684110     2.014470
59328.428781 -0.818135 0.697139     1.971080
59328.466392 -0.780525 0.710167     1.920574
59328.504002 -0.742914 0.723196     1.863292
59328.541612 -0.705304 0.736224     1.799539
59328.579222 -0.667694 0.749253     1.729582
59328.616832 -0.630084 0.762282     1.653658
59328.654442 -0.592474 0.775310     1.571972
59328.692053 -0.554864 0.788339     1.484708
59328.729663 -0.517253 0.801367     1.392020
59328.767273 -0.479643 0.814396     1.294049
59328.804883 -0.442033 0.827425     1.190914
59328.842493 -0.404423 0.840453     1.082719
59328.880103 -0.366813 0.853482     0.969557
59328.917713 -0.329203 0.866511     0.851514
59328.955324 -0.291593 0.879539     0.728668
59328.992934 -0.253982 0.892568     0.601096
59329.030544 -0.216372 0.905596     0.468878
59329.068154 -0.178762 0.918625     0.332100
59329.105764 -0.141152 0.931654     0.190861
59329.143374 -0.103542 0.944682     0.045281
59329.180985 -0.065932 0.957711    -0.104497
59329.218595 -0.028321 0.970739    -0.258293
59329.256205 0.009289 0.983768    -0.415879
59329.293815 0.046899 0.996797    -0.576972
59329.331425 0.084509 0.009825    -0.741215
59329.369035 0.122119 0.022854    -0.908158
59329.406645 0.159729 0.035883    -1.077243
59329.444256 0.197339 0.048911    -1.247779
59329.481866 0.234950 0.061940    -1.418911
59329.519476 0.272560 0.074968    -1.589597
59329.557086 0.310170 0.087997    -1.758570
59329.594696 0.347780 0.101026    -1.924308
59329.632306 0.385390 0.114054    -2.084996
59329.669917 0.423000 0.127083    -2.238499
59329.707527 0.460611 0.140111    -2.382337
59329.745137 0.498221 0.153140    -2.513677
59329.782747 0.535831 0.166169    -2.629342
59329.820357 0.573441 0.179197    -2.725863
59329.857967 0.611051 0.192226    -2.799554
59329.895578 0.648661 0.205255    -2.846662
59329.933188 0.686272 0.218283    -2.863552
59329.970798 0.723882 0.231312    -2.846960
59330.008408 0.761492 0.244340    -2.794281
59330.046018 0.799102 0.257369    -2.703879
59330.083628 0.836712 0.270398    -2.575355
59330.121238 0.874322 0.283426    -2.409753
59330.158849 0.911932 0.296455    -2.209641
59330.196459 0.949543 0.309483    -1.979031
59330.234069 0.987153 0.322512    -1.723160
59330.271679 1.024763 0.335541    -1.448127
59330.309289 1.062373 0.348569    -1.160463
59330.346899 1.099983 0.361598    -0.866696
59330.384510 1.137593 0.374627    -0.572957
59330.422120 1.175204 0.387655    -0.284685
59330.459730 1.212814 0.400684    -0.006442
59330.497340 1.250424 0.413712     0.258159
59330.534950 1.288034 0.426741     0.506445
59330.572560 1.325644 0.439770     0.736603
59330.610170 1.363254 0.452798     0.947560
59330.647781 1.400864 0.465827     1.138857
59330.685391 1.438475 0.478855     1.310513
59330.723001 -1.410650 0.491884     1.462909
59330.760611 -1.373040 0.504913     1.596679
59330.798221 -1.335430 0.517941     1.712628
59330.835831 -1.297820 0.530970     1.811664
59330.873442 -1.260209 0.543998     1.894742
59330.911052 -1.222599 0.557027     1.962831
59330.948662 -1.184989 0.570056     2.016882
59330.986272 -1.147379 0.583084     2.057807
59331.023882 -1.109769 0.596113     2.086475
59331.061492 -1.072159 0.609142     2.103694
59331.099102 -1.034549 0.622170     2.110216
59331.136713 -0.996938 0.635199     2.106731
59331.174323 -0.959328 0.648227     2.093870
59331.211933 -0.921718 0.661256     2.072204
59331.249543 -0.884108 0.674285     2.042253
59331.287153 -0.846498 0.687313     2.004482
59331.324763 -0.808888 0.700342     1.959308
59331.362374 -0.771277 0.713370     1.907106
59331.399984 -0.733667 0.726399     1.848206
59331.437594 -0.696057 0.739428     1.782904
59331.475204 -0.658447 0.752456     1.711460
59331.512814 -0.620837 0.765485     1.634100
59331.550424 -0.583227 0.778514     1.551028
59331.588035 -0.545617 0.791542     1.462416
59331.625645 -0.508006 0.804571     1.368417
59331.663255 -0.470396 0.817599     1.269166
59331.700865 -0.432786 0.830628     1.164777
59331.738475 -0.395176 0.843657     1.055353
59331.776085 -0.357566 0.856685     0.940984
59331.813695 -0.319956 0.869714     0.821753
59331.851306 -0.282345 0.882742     0.697737
59331.888916 -0.244735 0.895771     0.569015
59331.926526 -0.207125 0.908800     0.435667
59331.964136 -0.169515 0.921828     0.297783
59332.001746 -0.131905 0.934857     0.155465
59332.039356 -0.094295 0.947886     0.008838
59332.076967 -0.056684 0.960914    -0.141946
59332.114577 -0.019074 0.973943    -0.296696
59332.152187 0.018536 0.986971    -0.455174
59332.189797 0.056146 1.000000    -0.617078
59332.227407 0.093756 0.013029    -0.782030
59332.265017 0.131366 0.026057    -0.949556
59332.302627 0.168976 0.039086    -1.119068
59332.340238 0.206587 0.052114    -1.289836
59332.377848 0.244197 0.065143    -1.460964
59332.415458 0.281807 0.078172    -1.631355
59332.453068 0.319417 0.091200    -1.799684
59332.490678 0.357027 0.104229    -1.964360
59332.528288 0.394637 0.117258    -2.123493
59332.565899 0.432248 0.130286    -2.274863
59332.603509 0.469858 0.143315    -2.415905
59332.641119 0.507468 0.156343    -2.543697
59332.678729 0.545078 0.169372    -2.654988
59332.716339 0.582688 0.182401    -2.746242
59332.753949 0.620298 0.195429    -2.813745
59332.791559 0.657908 0.208458    -2.853751
59332.829170 0.695519 0.221486    -2.862690
59332.866780 0.733129 0.234515    -2.837435
59332.904390 0.770739 0.247544    -2.775590
59332.942000 0.808349 0.260572    -2.675798
59332.979610 0.845959 0.273601    -2.538003
59333.017220 0.883569 0.286630    -2.363620
59333.054831 0.921180 0.299658    -2.155585
59333.092441 0.958790 0.312687    -1.918239
59333.130051 0.996400 0.325715    -1.657068
59333.167661 1.034010 0.338744    -1.378316
59333.205271 1.071620 0.351773    -1.088556
59333.242881 1.109230 0.364801    -0.794250
59333.280492 1.146840 0.377830    -0.501382
59333.318102 1.184451 0.390858    -0.215189
59333.355712 1.222061 0.403887     0.059997
59333.393322 1.259671 0.416916     0.320800
59333.430932 1.297281 0.429944     0.564767
59333.468542 1.334891 0.442973     0.790277
59333.506152 1.372501 0.456002     0.996423
59333.543763 1.410112 0.469030     1.182873
59333.581373 -1.439013 0.482059     1.349747
59333.618983 -1.401403 0.495087     1.497497
59333.656593 -1.363793 0.508116     1.626805
59333.694203 -1.326183 0.521145     1.738509
59333.731813 -1.288573 0.534173     1.833532
59333.769424 -1.250962 0.547202     1.912836
59333.807034 -1.213352 0.560230     1.977386
59333.844644 -1.175742 0.573259     2.028126
59333.882254 -1.138132 0.586288     2.065960
59333.919864 -1.100522 0.599316     2.091740
59333.957474 -1.062912 0.612345     2.106262
59333.995084 -1.025301 0.625373     2.110262
59334.032695 -0.987691 0.638402     2.104415
59334.070305 -0.950081 0.651431     2.089338
59334.107915 -0.912471 0.664459     2.065590
59334.145525 -0.874861 0.677488     2.033674
59334.183135 -0.837251 0.690517     1.994046
59334.220745 -0.799641 0.703545     1.947112
59334.258356 -0.762030 0.716574     1.893233
59334.295966 -0.724420 0.729602     1.832734
59334.333576 -0.686810 0.742631     1.765899
59334.371186 -0.649200 0.755660     1.692980
59334.408796 -0.611590 0.768688     1.614198
59334.446406 -0.573980 0.781717     1.529748
59334.484016 -0.536369 0.794745     1.439799
59334.521627 -0.498759 0.807774     1.344497
59334.559237 -0.461149 0.820803     1.243972
59334.596847 -0.423539 0.833831     1.138337
59334.634457 -0.385929 0.846860     1.027689
59334.672067 -0.348319 0.859889     0.912117
59334.709677 -0.310708 0.872917     0.791702
59334.747288 -0.273098 0.885946     0.666522
59334.784898 -0.235488 0.898974     0.536655
59334.822508 -0.197878 0.912003     0.402183
59334.860118 -0.160268 0.925032     0.263198
59334.897728 -0.122658 0.938060     0.119809
59334.935338 -0.085048 0.951089    -0.027856
59334.972949 -0.047437 0.964117    -0.179635
59335.010559 -0.009827 0.977146    -0.335326
59335.048169 0.027783 0.990175    -0.494676
59335.085779 0.065393 0.003203    -0.657368
59335.123389 0.103003 0.016232    -0.823001
59335.160999 0.140613 0.029261    -0.991075
59335.198609 0.178224 0.042289    -1.160969
59335.236220 0.215834 0.055318    -1.331916
59335.273830 0.253444 0.068346    -1.502972
59335.311440 0.291054 0.081375    -1.672989
59335.349050 0.328664 0.094404    -1.840579
59335.386660 0.366274 0.107432    -2.004079
59335.424270 0.403884 0.120461    -2.161522
59335.461881 0.441495 0.133489    -2.310605
59335.499491 0.479105 0.146518    -2.448673
59335.537101 0.516715 0.159547    -2.572722
59335.574711 0.554325 0.172575    -2.679422
59335.612321 0.591935 0.185604    -2.765186
59335.649931 0.629545 0.198633    -2.826273
59335.687541 0.667156 0.211661    -2.858959
59335.725152 0.704766 0.224690    -2.859758
59335.762762 0.742376 0.237718    -2.825693
59335.800372 0.779986 0.250747    -2.754598
59335.837982 0.817596 0.263776    -2.645413
59335.875592 0.855206 0.276804    -2.498432
59335.913202 0.892816 0.289833    -2.315447
59335.950813 0.930427 0.302861    -2.099752
59335.988423 0.968037 0.315890    -1.856004
59336.026033 1.005647 0.328919    -1.589911
59336.063643 1.043257 0.341947    -1.307841
59336.101253 1.080867 0.354976    -1.016376
59336.138863 1.118477 0.368005    -0.721894
59336.176473 1.156088 0.381033    -0.430215
59336.214084 1.193698 0.394062    -0.146363
59336.251694 1.231308 0.407090     0.125563
59336.289304 1.268918 0.420119     0.382420
59336.326914 1.306528 0.433148     0.621970
59336.364524 1.344138 0.446176     0.842778
59336.402134 1.381749 0.459205     1.044093
59336.439745 1.419359 0.472233     1.225704
59336.477355 -1.429766 0.485262     1.387824
59336.514965 -1.392156 0.498291     1.530969
59336.552575 -1.354546 0.511319     1.655867
59336.590185 -1.316936 0.524348     1.763382
59336.627795 -1.279325 0.537377     1.854450
59336.665406 -1.241715 0.550405     1.930037
59336.703016 -1.204105 0.563434     1.991106
59336.740626 -1.166495 0.576462     2.038591
59336.778236 -1.128885 0.589491     2.073384
59336.815846 -1.091275 0.602520     2.096325
59336.853456 -1.053664 0.615548     2.108194
59336.891066 -1.016054 0.628577     2.109713
59336.928677 -0.978444 0.641605     2.101542
59336.966287 -0.940834 0.654634     2.084283
59337.003897 -0.903224 0.667663     2.058482
59337.041507 -0.865614 0.680691     2.024630
59337.079117 -0.828004 0.693720     1.983169
59337.116727 -0.790393 0.706748     1.934495
59337.154338 -0.752783 0.719777     1.878961
59337.191948 -0.715173 0.732806     1.816878
59337.229558 -0.677563 0.745834     1.748525
59337.267168 -0.639953 0.758863     1.674145
59337.304778 -0.602343 0.771892     1.593953
59337.342388 -0.564732 0.784920     1.508136
59337.379998 -0.527122 0.797949     1.416858
59337.417609 -0.489512 0.810977     1.320261
59337.455219 -0.451902 0.824006     1.218470
59337.492829 -0.414292 0.837035     1.111593
59337.530439 -0.376682 0.850063     0.999726
59337.568049 -0.339072 0.863092     0.882956
59337.605659 -0.301461 0.876120     0.761363
59337.643270 -0.263851 0.889149     0.635023
59337.680880 -0.226241 0.902178     0.504016
59337.718490 -0.188631 0.915206     0.368426
59337.756100 -0.151021 0.928235     0.228347
59337.793710 -0.113411 0.941264     0.083893
59337.831320 -0.075800 0.954292    -0.064799
59337.868930 -0.038190 0.967321    -0.217560
59337.906541 -0.000580 0.980349    -0.374177
59337.944151 0.037030 0.993378    -0.534381
59337.981761 0.074640 0.006407    -0.697836
59338.019371 0.112250 0.019435    -0.864120
59338.056981 0.149860 0.032464    -1.032705
59338.094591 0.187471 0.045492    -1.202935
59338.132202 0.225081 0.058521    -1.374004
59338.169812 0.262691 0.071550    -1.544919
59338.207422 0.300301 0.084578    -1.714478
59338.245032 0.337911 0.097607    -1.881228
59338.282642 0.375521 0.110636    -2.043434
59338.320252 0.413132 0.123664    -2.199048
59338.357863 0.450742 0.136693    -2.345682
59338.395473 0.488352 0.149721    -2.480595
59338.433083 0.525962 0.162750    -2.600699
59338.470693 0.563572 0.175779    -2.702592
59338.508303 0.601182 0.188807    -2.782638
59338.545913 0.638793 0.201836    -2.837082
59338.583523 0.676403 0.214864    -2.862237
59338.621134 0.714013 0.227893    -2.854714
59338.658744 0.751623 0.240922    -2.811708
59338.696354 0.789233 0.253950    -2.731298
59338.733964 0.826843 0.266979    -2.612737
59338.771574 0.864453 0.280008    -2.456678
59338.809184 0.902064 0.293036    -2.265289
59338.846795 0.939674 0.306065    -2.042219
59338.884405 0.977284 0.319093    -1.792415
59338.922015 1.014894 0.332122    -1.521787
59338.959625 1.052504 0.345151    -1.236798
59338.997235 1.090114 0.358179    -0.944017
59339.034845 1.127725 0.371208    -0.649712
59339.072455 1.165335 0.384236    -0.359525
59339.110066 1.202945 0.397265    -0.078263
59339.147676 1.240555 0.410294     0.190214
59339.185286 1.278165 0.423322     0.442990
59339.222896 1.315775 0.436351     0.678036
59339.260506 1.353385 0.449380     0.894098
59339.298116 1.390996 0.462408     1.090570
59339.335727 1.428606 0.475437     1.267356
59339.373337 -1.420519 0.488465     1.424753
59339.410947 -1.382909 0.501494     1.563337
59339.448557 -1.345299 0.514523     1.683878
59339.486167 -1.307688 0.527551     1.787260
59339.523777 -1.270078 0.540580     1.874432
59339.561387 -1.232468 0.553608     1.946362
59339.598998 -1.194858 0.566637     2.004005
59339.636608 -1.157248 0.579666     2.048289
59339.674218 -1.119638 0.592694     2.080092
59339.711828 -1.082028 0.605723     2.100241
59339.749438 -1.044417 0.618751     2.109500
59339.787048 -1.006807 0.631780     2.108578
59339.824659 -0.969197 0.644809     2.098119
59339.862269 -0.931587 0.657837     2.078711
59339.899879 -0.893977 0.670866     2.050887
59339.937489 -0.856367 0.683895     2.015125
59339.975099 -0.818756 0.696923     1.971856
59340.012709 -0.781146 0.709952     1.921465
59340.050320 -0.743536 0.722980     1.864292
59340.087930 -0.705926 0.736009     1.800644
59340.125540 -0.668316 0.749038     1.730788
59340.163150 -0.630706 0.762066     1.654960
59340.200760 -0.593096 0.775095     1.573368
59340.238370 -0.555485 0.788123     1.486195
59340.275980 -0.517875 0.801152     1.393596
59340.313591 -0.480265 0.814181     1.295711
59340.351201 -0.442655 0.827209     1.192660
59340.388811 -0.405045 0.840238     1.084548
59340.426421 -0.367435 0.853267     0.971468
59340.464031 -0.329824 0.866295     0.853505
59340.501641 -0.292214 0.879324     0.730737
59340.539252 -0.254604 0.892352     0.603243
59340.576862 -0.216994 0.905381     0.471101
59340.614472 -0.179384 0.918410     0.334397
59340.652082 -0.141774 0.931438     0.193232
59340.689692 -0.104163 0.944467     0.047722
59340.727302 -0.066553 0.957495    -0.101988
59340.764912 -0.028943 0.970524    -0.255719
59340.802523 0.008667 0.983553    -0.413245
59340.840133 0.046277 0.996581    -0.574283
59340.877743 0.083887 0.009610    -0.738476
59340.915353 0.121497 0.022639    -0.905379
59340.952963 0.159108 0.035667    -1.074434
59340.990573 0.196718 0.048696    -1.244952
59341.028184 0.234328 0.061724    -1.416083
59341.065794 0.271938 0.074753    -1.586786
59341.103404 0.309548 0.087782    -1.755799
59341.141014 0.347158 0.100810    -1.921604
59341.178624 0.384769 0.113839    -2.082391
59341.216234 0.422379 0.126867    -2.236033
59341.253844 0.459989 0.139896    -2.380053
59341.291455 0.497599 0.152925    -2.511624
59341.329065 0.535209 0.165953    -2.627576
59341.366675 0.572819 0.178982    -2.724442
59341.404285 0.610429 0.192011    -2.798542
59341.441895 0.648040 0.205039    -2.846120
59341.479505 0.685650 0.218068    -2.863537
59341.517116 0.723260 0.231096    -2.847521
59341.554726 0.760870 0.244125    -2.795456
59341.592336 0.798480 0.257154    -2.705684
59341.629946 0.836090 0.270182    -2.577786
59341.667556 0.873701 0.283211    -2.412781
59341.705166 0.911311 0.296239    -2.213210
59341.742777 0.948921 0.309268    -1.983064
59341.780387 0.986531 0.322297    -1.727564
59341.817997 1.024141 0.335325    -1.452794
59341.855607 1.061751 0.348354    -1.165286
59341.893217 1.099361 0.361383    -0.871568
59341.930827 1.136972 0.374411    -0.577782
59341.968437 1.174582 0.387440    -0.289380
59342.006048 1.212192 0.400468    -0.010940
59342.043658 1.249802 0.413497     0.253911
59342.081268 1.287412 0.426526     0.502484
59342.118878 1.325022 0.439554     0.732952
59342.156488 1.362633 0.452583     0.944232
59342.194098 1.400243 0.465611     1.135855
59342.231709 1.437853 0.478640     1.307834
59342.269319 -1.411272 0.491669     1.460543
59342.306929 -1.373662 0.504697     1.594615
59342.344539 -1.336052 0.517726     1.710851
59342.382149 -1.298441 0.530755     1.810159
59342.419759 -1.260831 0.543783     1.893493
59342.457369 -1.223221 0.556812     1.961822
59342.494980 -1.185611 0.569840     2.016097
59342.532590 -1.148001 0.582869     2.057233
59342.570200 -1.110391 0.595898     2.086096
59342.607810 -1.072780 0.608926     2.103498
59342.645420 -1.035170 0.621955     2.110192
59342.683030 -0.997560 0.634983     2.106867
59342.720641 -0.959950 0.648012     2.094155
59342.758251 -0.922340 0.661041     2.072631
59342.795861 -0.884730 0.674069     2.042813
59342.833471 -0.847119 0.687098     2.005167
59342.871081 -0.809509 0.700126     1.960113
59342.908691 -0.771899 0.713155     1.908024
59342.946301 -0.734289 0.726184     1.849233
59342.983912 -0.696679 0.739212     1.784034
59343.021522 -0.659069 0.752241     1.712689
59343.059132 -0.621459 0.765270     1.635426
59343.096742 -0.583848 0.778298     1.552446
59343.134352 -0.546238 0.791327     1.463925
59343.171962 -0.508628 0.804355     1.370014
59343.209573 -0.471018 0.817384     1.270849
59343.247183 -0.433408 0.830413     1.166544
59343.284793 -0.395798 0.843441     1.057202
59343.322403 -0.358187 0.856470     0.942914
59343.360013 -0.320577 0.869498     0.823763
59343.397623 -0.282967 0.882527     0.699826
59343.435234 -0.245357 0.895556     0.571181
59343.472844 -0.207747 0.908584     0.437909
59343.510454 -0.170137 0.921613     0.300099
59343.548064 -0.132527 0.934642     0.157853
59343.585674 -0.094916 0.947670     0.011296
59343.623284 -0.057306 0.960699    -0.139421
59343.660894 -0.019696 0.973727    -0.294107
59343.698505 0.017914 0.986756    -0.452526
59343.736115 0.055524 0.999785    -0.614375
59343.773725 0.093134 0.012813    -0.779280
59343.811335 0.130745 0.025842    -0.946769
59343.848945 0.168355 0.038870    -1.116254
59343.886555 0.205965 0.051899    -1.287008
59343.924166 0.243575 0.064928    -1.458137
59343.961776 0.281185 0.077956    -1.628551
59343.999386 0.318795 0.090985    -1.796927
59344.036996 0.356405 0.104014    -1.961678
59344.074606 0.394016 0.117042    -2.120919
59344.112216 0.431626 0.130071    -2.272437
59344.149826 0.469236 0.143099    -2.413672
59344.187437 0.506846 0.156128    -2.541709
59344.225047 0.544456 0.169157    -2.653301
59344.262657 0.582066 0.182185    -2.744916
59344.300267 0.619677 0.195214    -2.812842
59344.337877 0.657287 0.208242    -2.853332
59344.375487 0.694897 0.221271    -2.862813
59344.413098 0.732507 0.234300    -2.838144
59344.450708 0.770117 0.247328    -2.776919
59344.488318 0.807727 0.260357    -2.677759
59344.525928 0.845338 0.273386    -2.540584
59344.563538 0.882948 0.286414    -2.366787
59344.601148 0.920558 0.299443    -2.159275
59344.638758 0.958168 0.312471    -1.922373
59344.676369 0.995778 0.325500    -1.661546
59344.713979 1.033388 0.338529    -1.383032
59344.751589 1.070998 0.351557    -1.093400
59344.789199 1.108609 0.364586    -0.799119
59344.826809 1.146219 0.377614    -0.506182
59344.864419 1.183829 0.390643    -0.219841
59344.902030 1.221439 0.403672     0.055557
59344.939640 1.259049 0.416700     0.316620
59344.977250 1.296659 0.429729     0.560881
59345.014860 1.334270 0.442758     0.786705
59345.052470 1.371880 0.455786     0.993175
59345.090080 1.409490 0.468815     1.179951
59345.127691 -1.439635 0.481843     1.347146
59345.165301 -1.402025 0.494872     1.495206
59345.202911 -1.364415 0.507901     1.624813
59345.240521 -1.326804 0.520929     1.736801
59345.278131 -1.289194 0.533958     1.832092
59345.315741 -1.251584 0.546986     1.911647
59345.353351 -1.213974 0.560015     1.976434
59345.390962 -1.176364 0.573044     2.027395
59345.428572 -1.138754 0.586072     2.065435
59345.466182 -1.101143 0.599101     2.091407
59345.503792 -1.063533 0.612130     2.106109
59345.541402 -1.025923 0.625158     2.110278
59345.579012 -0.988313 0.638187     2.104589
59345.616623 -0.950703 0.651215     2.089660
59345.654233 -0.913093 0.664244     2.066050
59345.691843 -0.875483 0.677273     2.034266
59345.729453 -0.837872 0.690301     1.994762
59345.767063 -0.800262 0.703330     1.947945
59345.804673 -0.762652 0.716358     1.894179
59345.842283 -0.725042 0.729387     1.833786
59345.879894 -0.687432 0.742416     1.767054
59345.917504 -0.649822 0.755444     1.694233
59345.955114 -0.612211 0.768473     1.615547
59345.992724 -0.574601 0.781501     1.531189
59346.030334 -0.536991 0.794530     1.441330
59346.067944 -0.499381 0.807559     1.346115
59346.105555 -0.461771 0.820587     1.245676
59346.143165 -0.424161 0.833616     1.140124
59346.180775 -0.386551 0.846645     1.029558
59346.218385 -0.348940 0.859673     0.914067
59346.255995 -0.311330 0.872702     0.793731
59346.293605 -0.273720 0.885730     0.668630
59346.331215 -0.236110 0.898759     0.538839
59346.368826 -0.198500 0.911788     0.404443
59346.406436 -0.160890 0.924816     0.265532
59346.444046 -0.123279 0.937845     0.122214
59346.481656 -0.085669 0.950873    -0.025381
59346.519266 -0.048059 0.963902    -0.177093
59346.556876 -0.010449 0.976931    -0.332722
59346.594487 0.027161 0.989959    -0.492014
59346.632097 0.064771 0.002988    -0.654653
59346.669707 0.102382 0.016017    -0.820241
59346.707317 0.139992 0.029045    -0.988280
59346.744927 0.177602 0.042074    -1.158150
59346.782537 0.215212 0.055102    -1.329087
59346.820148 0.252822 0.068131    -1.500150
59346.857758 0.290432 0.081160    -1.670194
59346.895368 0.328042 0.094188    -1.837837
59346.932978 0.365653 0.107217    -2.001420
59346.970588 0.403263 0.120245    -2.158981
59347.008198 0.440873 0.133274    -2.308222
59347.045808 0.478483 0.146303    -2.446496
59347.083419 0.516093 0.159331    -2.570803
59347.121029 0.553703 0.172360    -2.677819
59347.158639 0.591314 0.185389    -2.763958
59347.196249 0.628924 0.198417    -2.825484
59347.233859 0.666534 0.211446    -2.858669
59347.271469 0.704144 0.224474    -2.860021
59347.309080 0.741754 0.237503    -2.826553
59347.346690 0.779364 0.250532    -2.756082
59347.384300 0.816974 0.263560    -2.647528
59347.421910 0.854585 0.276589    -2.501162
59347.459520 0.892195 0.289617    -2.318748
59347.497130 0.929805 0.302646    -2.103560
59347.534740 0.967415 0.315675    -1.860232
59347.572351 1.005025 0.328703    -1.594457
59347.609961 1.042635 0.341732    -1.312598
59347.647571 1.080246 0.354761    -1.021236
59347.685181 1.117856 0.367789    -0.726755
59347.722791 1.155466 0.380818    -0.434986
59347.760401 1.193076 0.393846    -0.150968
59347.798012 1.230686 0.406875     0.121183
59347.835622 1.268296 0.419904     0.378310
59347.873232 1.305906 0.432932     0.618159
59347.910842 1.343517 0.445961     0.839285
59347.948452 1.381127 0.458989     1.040925
59347.986062 1.418737 0.472018     1.222861
59348.023672 -1.430388 0.485047     1.385300
59348.061283 -1.392778 0.498075     1.528753
59348.098893 -1.355167 0.511104     1.653946
59348.136503 -1.317557 0.524133     1.761741
59348.174113 -1.279947 0.537161     1.853073
59348.211723 -1.242337 0.550190     1.928909
59348.249333 -1.204727 0.563218     1.990210
59348.286944 -1.167117 0.576247     2.037912
59348.324554 -1.129507 0.589276     2.072908
59348.362164 -1.091896 0.602304     2.096038
59348.399774 -1.054286 0.615333     2.108084
59348.437384 -1.016676 0.628361     2.109768
59348.474994 -0.979066 0.641390     2.101752
59348.512605 -0.941456 0.654419     2.084639
59348.550215 -0.903846 0.667447     2.058975
59348.587825 -0.866235 0.680476     2.025252
59348.625435 -0.828625 0.693505     1.983914
59348.663045 -0.791015 0.706533     1.935357
59348.700655 -0.753405 0.719562     1.879933
59348.738265 -0.715795 0.732590     1.817956
59348.775876 -0.678185 0.745619     1.749705
59348.813486 -0.640574 0.758648     1.675423
59348.851096 -0.602964 0.771676     1.595325
59348.888706 -0.565354 0.784705     1.509600
59348.926316 -0.527744 0.797733     1.418411
59348.963926 -0.490134 0.810762     1.321900
59349.001537 -0.452524 0.823791     1.220194
59349.039147 -0.414914 0.836819     1.113401
59349.076757 -0.377303 0.849848     1.001616
59349.114367 -0.339693 0.862876     0.884926
59349.151977 -0.302083 0.875905     0.763412
59349.189587 -0.264473 0.888934     0.637150
59349.227197 -0.226863 0.901962     0.506219
59349.264808 -0.189253 0.914991     0.370704
59349.302418 -0.151642 0.928020     0.230699
59349.340028 -0.114032 0.941048     0.086316
59349.377638 -0.076422 0.954077    -0.062308
59349.415248 -0.038812 0.967105    -0.215003
59349.452858 -0.001202 0.980134    -0.371558
59349.490469 0.036408 0.993163    -0.531705
59349.528079 0.074018 0.006191    -0.695110
59349.565689 0.111629 0.019220    -0.861351
59349.603299 0.149239 0.032248    -1.029902
59349.640909 0.186849 0.045277    -1.200112
59349.678519 0.224459 0.058306    -1.371174
59349.716129 0.262069 0.071334    -1.542101
59349.753740 0.299679 0.084363    -1.711694
59349.791350 0.337290 0.097392    -1.878503
59349.828960 0.374900 0.110420    -2.040800
59349.866570 0.412510 0.123449    -2.196541
59349.904180 0.450120 0.136477    -2.343345
59349.941790 0.487730 0.149506    -2.478476
59349.979401 0.525340 0.162535    -2.598852
59350.017011 0.562950 0.175563    -2.701075
59350.054621 0.600561 0.188592    -2.781512
59350.092231 0.638171 0.201620    -2.836410
59350.129841 0.675781 0.214649    -2.862078
59350.167451 0.713391 0.227678    -2.855120
59350.205062 0.751001 0.240706    -2.812719
59350.242672 0.788611 0.253735    -2.732937
59350.280282 0.826222 0.266764    -2.615005
59350.317892 0.863832 0.279792    -2.459553
59350.355502 0.901442 0.292821    -2.268722
59350.393112 0.939052 0.305849    -2.046139
59350.430722 0.976662 0.318878    -1.796731
59350.468333 1.014272 0.331907    -1.526395
59350.505943 1.051883 0.344935    -1.241590
59350.543553 1.089493 0.357964    -0.948886
59350.581163 1.127103 0.370992    -0.654558
59350.618773 1.164713 0.384021    -0.364262
59350.656383 1.202323 0.397050    -0.082817
59350.693994 1.239933 0.410078     0.185897
59350.731604 1.277543 0.423107     0.438951
59350.769214 1.315154 0.436136     0.674302
59350.806824 1.352764 0.449164     0.890685
59350.844434 1.390374 0.462193     1.087482
59350.882044 1.427984 0.475221     1.264592
59350.919654 -1.421141 0.488250     1.422305
59350.957265 -1.383530 0.501279     1.561195
59350.994875 -1.345920 0.514307     1.682027
59351.032485 -1.308310 0.527336     1.785686
59351.070095 -1.270700 0.540364     1.873118
59351.107705 -1.233090 0.553393     1.945291
59351.145315 -1.195480 0.566422     2.003164
59351.182926 -1.157870 0.579450     2.047661
59351.220536 -1.120259 0.592479     2.079663
59351.258146 -1.082649 0.605508     2.099998
59351.295756 -1.045039 0.618536     2.109432
59351.333366 -1.007429 0.631565     2.108672
59351.370976 -0.969819 0.644593     2.098366
59351.408586 -0.932209 0.657622     2.079102
59351.446197 -0.894598 0.670651     2.051413
59351.483807 -0.856988 0.683679     2.015779
59351.521417 -0.819378 0.696708     1.972630
59351.559027 -0.781768 0.709736     1.922354
59351.596637 -0.744158 0.722765     1.865291
59351.634247 -0.706548 0.735794     1.801747
59351.671858 -0.668938 0.748822     1.731992
59351.709468 -0.631327 0.761851     1.656261
59351.747078 -0.593717 0.774879     1.574763
59351.784688 -0.556107 0.787908     1.487680
59351.822298 -0.518497 0.800937     1.395170
59351.859908 -0.480887 0.813965     1.297371
59351.897519 -0.443277 0.826994     1.194405
59351.935129 -0.405666 0.840023     1.086376
59351.972739 -0.368056 0.853051     0.973377
59352.010349 -0.330446 0.866080     0.855494
59352.047959 -0.292836 0.879108     0.732805
59352.085569 -0.255226 0.892137     0.605388
59352.123179 -0.217616 0.905166     0.473322
59352.160790 -0.180006 0.918194     0.336694
59352.198400 -0.142395 0.931223     0.195601
59352.236010 -0.104785 0.944251     0.050162
59352.273620 -0.067175 0.957280    -0.099480
59352.311230 -0.029565 0.970309    -0.253146
59352.348840 0.008045 0.983337    -0.410611
59352.386451 0.045655 0.996366    -0.571594
59352.424061 0.083266 0.009395    -0.735739
59352.461671 0.120876 0.022423    -0.902601
59352.499281 0.158486 0.035452    -1.071626
59352.536891 0.196096 0.048480    -1.242126
59352.574501 0.233706 0.061509    -1.413254
59352.612111 0.271316 0.074538    -1.583974
59352.649722 0.308927 0.087566    -1.753026
59352.687332 0.346537 0.100595    -1.918898
59352.724942 0.384147 0.113623    -2.079785
59352.762552 0.421757 0.126652    -2.233564
59352.800162 0.459367 0.139681    -2.377765
59352.837772 0.496977 0.152709    -2.509566
59352.875383 0.534587 0.165738    -2.625805
59352.912993 0.572198 0.178767    -2.723016
59352.950603 0.609808 0.191795    -2.797522
59352.988213 0.647418 0.204824    -2.845569
59353.025823 0.685028 0.217852    -2.863512
59353.063433 0.722638 0.230881    -2.848073
59353.101043 0.760248 0.243910    -2.796620
59353.138654 0.797859 0.256938    -2.707479
59353.176264 0.835469 0.269967    -2.580206
59353.213874 0.873079 0.282995    -2.415798
59353.251484 0.910689 0.296024    -2.216771
59353.289094 0.948299 0.309053    -1.987091
59353.326704 0.985909 0.322081    -1.731961
59353.364315 1.023519 0.335110    -1.457458
59353.401925 1.061130 0.348139    -1.170107
59353.439535 1.098740 0.361167    -0.876440
59353.477145 1.136350 0.374196    -0.582609
59353.514755 1.173960 0.387224    -0.294078
59353.552365 1.211570 0.400253    -0.015441
59353.589976 1.249180 0.413282     0.249659
59353.627586 1.286791 0.426310     0.498518
59353.665196 1.324401 0.439339     0.729296
59353.702806 1.362011 0.452367     0.940898
59353.740416 1.399621 0.465396     1.132847
59353.778026 1.437231 0.478425     1.305149
59353.815636 -1.411894 0.491453     1.458172
59353.853247 -1.374283 0.504482     1.592546
59353.890857 -1.336673 0.517511     1.709070
59353.928467 -1.299063 0.530539     1.808650
59353.966077 -1.261453 0.543568     1.892240
59354.003687 -1.223843 0.556596     1.960810
59354.041297 -1.186233 0.569625     2.015309
59354.078908 -1.148622 0.582654     2.056655
59354.116518 -1.111012 0.595682     2.085714
59354.154128 -1.073402 0.608711     2.103300
59354.191738 -1.035792 0.621739     2.110164
59354.229348 -0.998182 0.634768     2.107000
59354.266958 -0.960572 0.647797     2.094439
59354.304568 -0.922962 0.660825     2.073056
59354.342179 -0.885351 0.673854     2.043371
59354.379789 -0.847741 0.686883     2.005851
59354.417399 -0.810131 0.699911     1.960916
59354.455009 -0.772521 0.712940     1.908940
59354.492619 -0.734911 0.725968     1.850258
59354.530229 -0.697301 0.738997     1.785163
59354.567840 -0.659690 0.752026     1.713917
59354.605450 -0.622080 0.765054     1.636750
59354.643060 -0.584470 0.778083     1.553864
59354.680670 -0.546860 0.791111     1.465432
59354.718280 -0.509250 0.804140     1.371610
59354.755890 -0.471640 0.817169     1.272530
59354.793500 -0.434030 0.830197     1.168310
59354.831111 -0.396419 0.843226     1.059050
59354.868721 -0.358809 0.856254     0.944843
59354.906331 -0.321199 0.869283     0.825771
59354.943941 -0.283589 0.882312     0.701913
59354.981551 -0.245979 0.895340     0.573345
59355.019161 -0.208369 0.908369     0.440149
59355.056772 -0.170758 0.921398     0.302413
59355.094382 -0.133148 0.934426     0.160240
59355.131992 -0.095538 0.947455     0.013753
59355.169602 -0.057928 0.960483    -0.136896
59355.207212 -0.020318 0.973512    -0.291519
59355.244822 0.017292 0.986541    -0.449878
59355.282433 0.054903 0.999569    -0.611674
59355.320043 0.092513 0.012598    -0.776532
59355.357653 0.130123 0.025626    -0.943982
59355.395263 0.167733 0.038655    -1.113439
59355.432873 0.205343 0.051684    -1.284179
59355.470483 0.242953 0.064712    -1.455311
59355.508093 0.280563 0.077741    -1.625746
59355.545704 0.318174 0.090770    -1.794168
59355.583314 0.355784 0.103798    -1.958993
59355.620924 0.393394 0.116827    -2.118342
59355.658534 0.431004 0.129855    -2.270009
59355.696144 0.468614 0.142884    -2.411436
59355.733754 0.506224 0.155913    -2.539717
59355.771365 0.543835 0.168941    -2.651608
59355.808975 0.581445 0.181970    -2.743584
59355.846585 0.619055 0.194998    -2.811932
59355.884195 0.656665 0.208027    -2.852906
59355.921805 0.694275 0.221056    -2.862926
59355.959415 0.731885 0.234084    -2.838844
59355.997025 0.769495 0.247113    -2.778237
59356.034636 0.807106 0.260142    -2.679709
59356.072246 0.844716 0.273170    -2.543155
59356.109856 0.882326 0.286199    -2.369944
59356.147466 0.919936 0.299227    -2.162960
59356.185076 0.957546 0.312256    -1.926500
59356.222686 0.995156 0.325285    -1.666019
59356.260297 1.032767 0.338313    -1.387744
59356.297907 1.070377 0.351342    -1.098243
59356.335517 1.107987 0.364370    -0.803988
59356.373127 1.145597 0.377399    -0.510985
59356.410737 1.183207 0.390428    -0.224496
59356.448347 1.220817 0.403456     0.051113
59356.485957 1.258427 0.416485     0.312436
59356.523568 1.296038 0.429514     0.556989
59356.561178 1.333648 0.442542     0.783128
59356.598788 1.371258 0.455571     0.989921
59356.636398 1.408868 0.468599     1.177023
59356.674008 -1.440257 0.481628     1.344539
59356.711618 -1.402646 0.494657     1.492911
59356.749229 -1.365036 0.507685     1.622816
59356.786839 -1.327426 0.520714     1.735088
59356.824449 -1.289816 0.533742     1.830647
59356.862059 -1.252206 0.546771     1.910455
59356.899669 -1.214596 0.559800     1.975478
59356.937279 -1.176986 0.572828     2.026660
59356.974890 -1.139375 0.585857     2.064906
59357.012500 -1.101765 0.598886     2.091072
59357.050110 -1.064155 0.611914     2.105954
59357.087720 -1.026545 0.624943     2.110291
59357.125330 -0.988935 0.637971     2.104759
59357.162940 -0.951325 0.651000     2.089978
59357.200550 -0.913714 0.664029     2.066508
59357.238161 -0.876104 0.677057     2.034855
59357.275771 -0.838494 0.690086     1.995475
59357.313381 -0.800884 0.703114     1.948776
59357.350991 -0.763274 0.716143     1.895122
59357.388601 -0.725664 0.729172     1.834837
59357.426211 -0.688053 0.742200     1.768207
59357.463822 -0.650443 0.755229     1.695485
59357.501432 -0.612833 0.768258     1.616894
59357.539042 -0.575223 0.781286     1.532629
59357.576652 -0.537613 0.794315     1.442859
59357.614262 -0.500003 0.807343     1.347732
59357.651872 -0.462393 0.820372     1.247378
59357.689482 -0.424782 0.833401     1.141910
59357.727093 -0.387172 0.846429     1.031426
59357.764703 -0.349562 0.859458     0.916015
59357.802313 -0.311952 0.872486     0.795759
59357.839923 -0.274342 0.885515     0.670736
59357.877533 -0.236732 0.898544     0.541023
59357.915143 -0.199121 0.911572     0.406702
59357.952754 -0.161511 0.924601     0.267864
59357.990364 -0.123901 0.937629     0.124618
59358.027974 -0.086291 0.950658    -0.022907
59358.065584 -0.048681 0.963687    -0.174553
59358.103194 -0.011071 0.976715    -0.330118
59358.140804 0.026539 0.989744    -0.489353
59358.178414 0.064150 0.002773    -0.651940
59358.216025 0.101760 0.015801    -0.817483
59358.253635 0.139370 0.028830    -0.985485
59358.291245 0.176980 0.041858    -1.155331
59358.328855 0.214590 0.054887    -1.326257
59358.366465 0.252200 0.067916    -1.497327
59358.404075 0.289811 0.080944    -1.667399
59358.441686 0.327421 0.093973    -1.835094
59358.479296 0.365031 0.107001    -1.998759
59358.516906 0.402641 0.120030    -2.156437
59358.554516 0.440251 0.133059    -2.305836
59358.592126 0.477861 0.146087    -2.444315
59358.629736 0.515471 0.159116    -2.568879
59358.667347 0.553082 0.172145    -2.676209
59358.704957 0.590692 0.185173    -2.762724
59358.742567 0.628302 0.198202    -2.824687
59358.780177 0.665912 0.211230    -2.858370
59358.817787 0.703522 0.224259    -2.860274
59358.855397 0.741132 0.237288    -2.827402
59358.893007 0.778743 0.250316    -2.757555
59358.930618 0.816353 0.263345    -2.649633
59358.968228 0.853963 0.276373    -2.503881
59359.005838 0.891573 0.289402    -2.322041
59359.043448 0.929183 0.302431    -2.107361
59359.081058 0.966793 0.315459    -1.864453
59359.118668 1.004404 0.328488    -1.599000
59359.156279 1.042014 0.341517    -1.317352
59359.193889 1.079624 0.354545    -1.026095
59359.231499 1.117234 0.367574    -0.731616
59359.269109 1.154844 0.380602    -0.439758
59359.306719 1.192454 0.393631    -0.155577
59359.344329 1.230064 0.406660     0.116799
59359.381939 1.267675 0.419688     0.374195
59359.419550 1.305285 0.432717     0.614343
59359.457160 1.342895 0.445745     0.835787
59359.494770 1.380505 0.458774     1.037752
59359.532380 1.418115 0.471803     1.220013
59359.569990 -1.431009 0.484831     1.382771
59359.607600 -1.393399 0.497860     1.526532
59359.645211 -1.355789 0.510889     1.652021
59359.682821 -1.318179 0.523917     1.760096
59359.720431 -1.280569 0.536946     1.851692
59359.758041 -1.242959 0.549974     1.927776
59359.795651 -1.205349 0.563003     1.989309
59359.833261 -1.167738 0.576032     2.037229
59359.870871 -1.130128 0.589060     2.072428
59359.908482 -1.092518 0.602089     2.095747
59359.946092 -1.054908 0.615117     2.107971
59359.983702 -1.017298 0.628146     2.109821
59360.021312 -0.979688 0.641175     2.101960
59360.058922 -0.942077 0.654203     2.084993
59360.096532 -0.904467 0.667232     2.059466
59360.134143 -0.866857 0.680261     2.025873
59360.171753 -0.829247 0.693289     1.984657
59360.209363 -0.791637 0.706318     1.936216
59360.246973 -0.754027 0.719346     1.880903
59360.284583 -0.716417 0.732375     1.819033
59360.322193 -0.678806 0.745404     1.750883
59360.359804 -0.641196 0.758432     1.676699
59360.397414 -0.603586 0.771461     1.596695
59360.435024 -0.565976 0.784489     1.511062
59360.472634 -0.528366 0.797518     1.419962
59360.510244 -0.490756 0.810547     1.323538
59360.547854 -0.453145 0.823575     1.221917
59360.585464 -0.415535 0.836604     1.115207
59360.623075 -0.377925 0.849633     1.003504
59360.660685 -0.340315 0.862661     0.886895
59360.698295 -0.302705 0.875690     0.765459
59360.735905 -0.265095 0.888718     0.639276
59360.773515 -0.227485 0.901747     0.508421
59360.811125 -0.189874 0.914776     0.372981
59360.848736 -0.152264 0.927804     0.233049
59360.886346 -0.114654 0.940833     0.088738
59360.923956 -0.077044 0.953861    -0.059817
59360.961566 -0.039434 0.966890    -0.212447
59360.999176 -0.001824 0.979919    -0.368940
59361.036786 0.035787 0.992947    -0.529030
59361.074396 0.073397 0.005976    -0.692384
59361.112007 0.111007 0.019004    -0.858582
59361.149617 0.148617 0.032033    -1.027101
59361.187227 0.186227 0.045062    -1.197289
59361.224837 0.223837 0.058090    -1.368344
59361.262447 0.261448 0.071119    -1.539283
59361.300057 0.299058 0.084148    -1.708909
59361.337668 0.336668 0.097176    -1.875777
59361.375278 0.374278 0.110205    -2.038164
59361.412888 0.411888 0.123233    -2.194033
59361.450498 0.449498 0.136262    -2.341005
59361.488108 0.487108 0.149291    -2.476353
59361.525718 0.524719 0.162319    -2.596999
59361.563328 0.562329 0.175348    -2.699552
59361.600939 0.599939 0.188376    -2.780380
59361.638549 0.637549 0.201405    -2.835730
59361.676159 0.675159 0.214434    -2.861910
59361.713769 0.712769 0.227462    -2.855517
59361.751379 0.750380 0.240491    -2.813720
59361.788989 0.787990 0.253520    -2.734565
59361.826600 0.825600 0.266548    -2.617263
59361.864210 0.863210 0.279577    -2.462418
59361.901820 0.900820 0.292605    -2.272147
59361.939430 0.938430 0.305634    -2.050051
59361.977040 0.976040 0.318663    -1.801041
59362.014650 1.013651 0.331691    -1.531000
59362.052261 1.051261 0.344720    -1.246380
59362.089871 1.088871 0.357748    -0.953754
59362.127481 1.126481 0.370777    -0.659405
59362.165091 1.164091 0.383806    -0.369001
59362.202701 1.201701 0.396834    -0.087376
59362.240311 1.239312 0.409863     0.181575
59362.277921 1.276922 0.422892     0.434907
59362.315532 1.314532 0.435920     0.670564
59362.353142 1.352142 0.448949     0.887266
59362.390752 1.389752 0.461977     1.084389
59362.428362 1.427362 0.475006     1.261823
59362.465972 -1.421762 0.488035     1.419853
59362.503582 -1.384152 0.501063     1.559049
59362.541193 -1.346542 0.514092     1.680172
59362.578803 -1.308932 0.527120     1.784107
59362.616413 -1.271322 0.540149     1.871799
59362.654023 -1.233712 0.553178     1.944217
59362.691633 -1.196101 0.566206     2.002318
59362.729243 -1.158491 0.579235     2.047029
59362.766853 -1.120881 0.592264     2.079232
59362.804464 -1.083271 0.605292     2.099752
59362.842074 -1.045661 0.618321     2.109361
59362.879684 -1.008051 0.631349     2.108764
59362.917294 -0.970441 0.644378     2.098611
59362.954904 -0.932830 0.657407     2.079490
59362.992514 -0.895220 0.670435     2.051936
59363.030125 -0.857610 0.683464     2.016430
59363.067735 -0.820000 0.696492     1.973403
59363.105345 -0.782390 0.709521     1.923241
59363.142955 -0.744780 0.722550     1.866288
59363.180565 -0.707169 0.735578     1.802849
59363.218175 -0.669559 0.748607     1.733194
59363.255785 -0.631949 0.761636     1.657560
59363.293396 -0.594339 0.774664     1.576156
59363.331006 -0.556729 0.787693     1.489164
59363.368616 -0.519119 0.800721     1.396742
59363.406226 -0.481508 0.813750     1.299030
59363.443836 -0.443898 0.826779     1.196148
59363.481446 -0.406288 0.839807     1.088202
59363.519057 -0.368678 0.852836     0.975285
59363.556667 -0.331068 0.865864     0.857482
59363.594277 -0.293458 0.878893     0.734872
59363.631887 -0.255848 0.891922     0.607533
59363.669497 -0.218237 0.904950     0.475543
59363.707107 -0.180627 0.917979     0.338989
59363.744718 -0.143017 0.931007     0.197969
59363.782328 -0.105407 0.944036     0.052601
59363.819938 -0.067797 0.957065    -0.096973
59363.857548 -0.030187 0.970093    -0.250574
59363.895158 0.007424 0.983122    -0.407979
59363.932768 0.045034 0.996151    -0.568906
59363.970378 0.082644 0.009179    -0.733002
59364.007989 0.120254 0.022208    -0.899823
59364.045599 0.157864 0.035236    -1.068818
59364.083209 0.195474 0.048265    -1.239300
59364.120819 0.233084 0.061294    -1.410426
59364.158429 0.270695 0.074322    -1.581161
59364.196039 0.308305 0.087351    -1.750253
59364.233650 0.345915 0.100379    -1.916191
59364.271260 0.383525 0.113408    -2.077177
59364.308870 0.421135 0.126437    -2.231092
59364.346480 0.458745 0.139465    -2.375474
59364.384090 0.496356 0.152494    -2.507505
59364.421700 0.533966 0.165523    -2.624028
59364.459310 0.571576 0.178551    -2.721583
59364.496921 0.609186 0.191580    -2.796496
59364.534531 0.646796 0.204608    -2.845009
59364.572141 0.684406 0.217637    -2.863479
59364.609751 0.722016 0.230666    -2.848615
59364.647361 0.759627 0.243694    -2.797774
59364.684971 0.797237 0.256723    -2.709263
59364.722582 0.834847 0.269751    -2.582617
59364.760192 0.872457 0.282780    -2.418806
59364.797802 0.910067 0.295809    -2.220322
59364.835412 0.947677 0.308837    -1.991110
59364.873022 0.985288 0.321866    -1.736354
59364.910632 1.022898 0.334895    -1.462119
59364.948242 1.060508 0.347923    -1.174926
59364.985853 1.098118 0.360952    -0.881312
59365.023463 1.135728 0.373980    -0.587437
59365.061073 1.173338 0.387009    -0.298778
59365.098683 1.210949 0.400038    -0.019946
59365.136293 1.248559 0.413066     0.245403
59365.173903 1.286169 0.426095     0.494548
59365.211514 1.323779 0.439123     0.725635
59365.249124 1.361389 0.452152     0.937560
59365.286734 1.398999 0.465181     1.129835
59365.324344 1.436609 0.478209     1.302459
59365.361954 -1.412515 0.491238     1.455796
59365.399564 -1.374905 0.504267     1.590472
59365.437175 -1.337295 0.517295     1.707284
59365.474785 -1.299685 0.530324     1.807136
59365.512395 -1.262075 0.543352     1.890983
59365.550005 -1.224464 0.556381     1.959793
59365.587615 -1.186854 0.569410     2.014518
59365.625225 -1.149244 0.582438     2.056074
59365.662835 -1.111634 0.595467     2.085329
59365.700446 -1.074024 0.608495     2.103098
59365.738056 -1.036414 0.621524     2.110134
59365.775666 -0.998804 0.634553     2.107130
59365.813276 -0.961193 0.647581     2.094720
59365.850886 -0.923583 0.660610     2.073478
59365.888496 -0.885973 0.673639     2.043926
59365.926107 -0.848363 0.686667     2.006533
59365.963717 -0.810753 0.699696     1.961717
59366.001327 -0.773143 0.712724     1.909855
59366.038937 -0.735532 0.725753     1.851281
59366.076547 -0.697922 0.738782     1.786290
59366.114157 -0.660312 0.751810     1.715144
59366.151767 -0.622702 0.764839     1.638073
59366.189378 -0.585092 0.777867     1.555279
59366.226988 -0.547482 0.790896     1.466939
59366.264598 -0.509872 0.803925     1.373204
59366.302208 -0.472261 0.816953     1.274210
59366.339818 -0.434651 0.829982     1.170074
59366.377428 -0.397041 0.843011     1.060897
59366.415039 -0.359431 0.856039     0.946771
59366.452649 -0.321821 0.869068     0.827779
59366.490259 -0.284211 0.882096     0.703999
59366.527869 -0.246600 0.895125     0.575509
59366.565479 -0.208990 0.908154     0.442388
59366.603089 -0.171380 0.921182     0.304726
59366.640699 -0.133770 0.934211     0.162626
59366.678310 -0.096160 0.947239     0.016209
59366.715920 -0.058550 0.960268    -0.134373
59366.753530 -0.020940 0.973297    -0.288932
59366.791140 0.016671 0.986325    -0.447231
59366.828750 0.054281 0.999354    -0.608973
59366.866360 0.091891 0.012382    -0.773784
59366.903971 0.129501 0.025411    -0.941196
59366.941581 0.167111 0.038440    -1.110625
59366.979191 0.204721 0.051468    -1.281351
59367.016801 0.242332 0.064497    -1.452484
59367.054411 0.279942 0.077526    -1.622941
59367.092021 0.317552 0.090554    -1.791408
59367.129632 0.355162 0.103583    -1.956307
59367.167242 0.392772 0.116611    -2.115764
59367.204852 0.430382 0.129640    -2.267577
59367.242462 0.467993 0.142669    -2.409197
59367.280072 0.505603 0.155697    -2.537721
59367.317682 0.543213 0.168726    -2.649911
59367.355292 0.580823 0.181754    -2.742245
59367.392903 0.618433 0.194783    -2.811015
59367.430513 0.656043 0.207812    -2.852471
59367.468123 0.693653 0.220840    -2.863030
59367.505733 0.731264 0.233869    -2.839534
59367.543343 0.768874 0.246898    -2.779545
59367.580953 0.806484 0.259926    -2.681648
59367.618564 0.844094 0.272955    -2.545717
59367.656174 0.881704 0.285983    -2.373092
59367.693784 0.919314 0.299012    -2.166635
59367.731394 0.956925 0.312041    -1.930620
59367.769004 0.994535 0.325069    -1.670488
59367.806614 1.032145 0.338098    -1.392454
59367.844224 1.069755 0.351126    -1.103085
59367.881835 1.107365 0.364155    -0.808858
59367.919445 1.144975 0.377184    -0.515788
59367.957055 1.182585 0.390212    -0.229154
59367.994665 1.220196 0.403241     0.046665
59368.032275 1.257806 0.416270     0.308247
59368.069885 1.295416 0.429298     0.553093
59368.107496 1.333026 0.442327     0.779545
59368.145106 1.370636 0.455355     0.986663
59368.182716 1.408246 0.468384     1.174090
59368.220326 -1.440878 0.481413     1.341927
59368.257936 -1.403268 0.494441     1.490610
59368.295546 -1.365658 0.507470     1.620815
59368.333156 -1.328048 0.520498     1.733371
59368.370767 -1.290438 0.533527     1.829198
59368.408377 -1.252828 0.546556     1.909258
59368.445987 -1.215217 0.559584     1.974518
59368.483597 -1.177607 0.572613     2.025921
59368.521207 -1.139997 0.585642     2.064375
59368.558817 -1.102387 0.598670     2.090733
59368.596428 -1.064777 0.611699     2.105795
59368.634038 -1.027167 0.624727     2.110301
59368.671648 -0.989556 0.637756     2.104928
59368.709258 -0.951946 0.650785     2.090295
59368.746868 -0.914336 0.663813     2.066964
59368.784478 -0.876726 0.676842     2.035442
59368.822089 -0.839116 0.689870     1.996187
59368.859699 -0.801506 0.702899     1.949606
59368.897309 -0.763896 0.715928     1.896064
59368.934919 -0.726285 0.728956     1.835886
59368.972529 -0.688675 0.741985     1.769358
59369.010139 -0.651065 0.755014     1.696736
59369.047749 -0.613455 0.768042     1.618240
59369.085360 -0.575845 0.781071     1.534067
59369.122970 -0.538235 0.794099     1.444387
59369.160580 -0.500624 0.807128     1.349347
59369.198190 -0.463014 0.820157     1.249079
59369.235800 -0.425404 0.833185     1.143694
59369.273410 -0.387794 0.846214     1.033293
59369.311021 -0.350184 0.859242     0.917963
59369.348631 -0.312574 0.872271     0.797786
59369.386241 -0.274963 0.885300     0.672841
59369.423851 -0.237353 0.898328     0.543205
59369.461461 -0.199743 0.911357     0.408959
59369.499071 -0.162133 0.924386     0.270196
59369.536681 -0.124523 0.937414     0.127021
59369.574292 -0.086913 0.950443    -0.020435
59369.611902 -0.049303 0.963471    -0.172014
59369.649512 -0.011692 0.976500    -0.327516
59369.687122 0.025918 0.989529    -0.486692
59369.724732 0.063528 0.002557    -0.649227
59369.762342 0.101138 0.015586    -0.814724
59369.799953 0.138748 0.028614    -0.982691
59369.837563 0.176358 0.041643    -1.152512
59369.875173 0.213969 0.054672    -1.323427
59369.912783 0.251579 0.067700    -1.494503
59369.950393 0.289189 0.080729    -1.664602
59369.988003 0.326799 0.093757    -1.832349
59370.025613 0.364409 0.106786    -1.996096
59370.063224 0.402019 0.119815    -2.153891
59370.100834 0.439629 0.132843    -2.303448
59370.138444 0.477240 0.145872    -2.442130
59370.176054 0.514850 0.158901    -2.566950
59370.213664 0.552460 0.171929    -2.674594
59370.251274 0.590070 0.184958    -2.761483
59370.288885 0.627680 0.197986    -2.823882
59370.326495 0.665290 0.211015    -2.858062
59370.364105 0.702901 0.224044    -2.860518
59370.401715 0.740511 0.237072    -2.828241
59370.439325 0.778121 0.250101    -2.759018
59370.476935 0.815731 0.263129    -2.651727
59370.514546 0.853341 0.276158    -2.506591
59370.552156 0.890951 0.289187    -2.325325
59370.589766 0.928561 0.302215    -2.111153
59370.627376 0.966172 0.315244    -1.868669
59370.664986 1.003782 0.328273    -1.603537
59370.702596 1.041392 0.341301    -1.322105
59370.740206 1.079002 0.354330    -1.030953
59370.777817 1.116612 0.367358    -0.736477
59370.815427 1.154222 0.380387    -0.444533
59370.853037 1.191833 0.393416    -0.160189
59370.890647 1.229443 0.406444     0.112411
59370.928257 1.267053 0.419473     0.370075
59370.965867 1.304663 0.432501     0.610523
59371.003478 1.342273 0.445530     0.832283
59371.041088 1.379883 0.458559     1.034573
59371.078698 1.417494 0.471587     1.217160
59371.116308 -1.431631 0.484616     1.380236
59371.153918 -1.394021 0.497645     1.524307
59371.191528 -1.356411 0.510673     1.650090
59371.229138 -1.318801 0.523702     1.758446
59371.266749 -1.281191 0.536730     1.850307
59371.304359 -1.243580 0.549759     1.926639
59371.341969 -1.205970 0.562788     1.988405
59371.379579 -1.168360 0.575816     2.036543
59371.417189 -1.130750 0.588845     2.071945
59371.454799 -1.093140 0.601873     2.095454
59371.492410 -1.055530 0.614902     2.107855
59371.530020 -1.017919 0.627931     2.109871
59371.567630 -0.980309 0.640959     2.102166
59371.605240 -0.942699 0.653988     2.085344
59371.642850 -0.905089 0.667017     2.059955
59371.680460 -0.867479 0.680045     2.026491
59371.718070 -0.829869 0.693074     1.985398
59371.755681 -0.792259 0.706102     1.937074
59371.793291 -0.754648 0.719131     1.881872
59371.830901 -0.717038 0.732160     1.820107
59371.868511 -0.679428 0.745188     1.752059
59371.906121 -0.641818 0.758217     1.677973
59371.943731 -0.604208 0.771245     1.598064
59371.981342 -0.566598 0.784274     1.512522
59372.018952 -0.528987 0.797303     1.421512
59372.056562 -0.491377 0.810331     1.325175
59372.094172 -0.453767 0.823360     1.223639
59372.131782 -0.416157 0.836389     1.117012
59372.169392 -0.378547 0.849417     1.005390
59372.207003 -0.340937 0.862446     0.888862
59372.244613 -0.303327 0.875474     0.767506
59372.282223 -0.265716 0.888503     0.641400
59372.319833 -0.228106 0.901532     0.510622
59372.357443 -0.190496 0.914560     0.375257
59372.395053 -0.152886 0.927589     0.235398
59372.432663 -0.115276 0.940617     0.091158
59372.470274 -0.077666 0.953646    -0.057328
59372.507884 -0.040055 0.966675    -0.209892
59372.545494 -0.002445 0.979703    -0.366323
59372.583104 0.035165 0.992732    -0.526356
59372.620714 0.072775 0.005761    -0.689660
59372.658324 0.110385 0.018789    -0.855815
59372.695935 0.147995 0.031818    -1.024299
59372.733545 0.185605 0.044846    -1.194466
59372.771155 0.223216 0.057875    -1.365515
