# time Tc_folded Tref_folded value value_err offset model full_model val_compare val_compare_err residuals residuals_err jitter jitter_flag offset_flag subset_flag 
59332.189797 0.000000 0.000000 0.458000 0.175000 3.678806 -2.980628 0.340301 -2.862930 0.175000 0.117699 0.175000 1.175498  -1  -1  -1 
59332.197387 0.000000 0.000000 2.910000 0.175000 3.678806 -2.982996 0.307526 -0.380522 0.175000 2.602474 0.175000 1.175498  -1  -1  -1 
59332.200011 0.000000 0.000000 1.735000 0.175000 3.678806 -2.983814 0.296153 -1.544966 0.175000 1.438847 0.175000 1.175498  -1  -1  -1 
59334.234566 0.000000 0.000000 0.851000 0.173000 3.678806 -3.517288 1.955363 -4.621651 0.173000 -1.104363 0.173000 1.175498  -1  -1  -1 
59334.237103 0.000000 0.000000 1.987000 0.173000 3.678806 -3.517790 1.952122 -3.482912 0.173000 0.034878 0.173000 1.175498  -1  -1  -1 
59334.239600 0.000000 0.000000 2.424000 0.173000 3.678806 -3.518283 1.948906 -3.043189 0.173000 0.475094 0.173000 1.175498  -1  -1  -1 
59335.326035 0.000000 0.000000 -2.561000 0.175000 3.678806 -3.687687 -1.472521 -4.776166 0.175000 -1.088479 0.175000 1.175498  -1  -1  -1 
59335.330868 0.000000 0.000000 -1.537000 0.175000 3.678806 -3.688237 -1.495111 -3.730126 0.175000 -0.041889 0.175000 1.175498  -1  -1  -1 
59335.333272 0.000000 0.000000 -2.981000 0.175000 3.678806 -3.688510 -1.506349 -5.163162 0.175000 -1.474651 0.175000 1.175498  -1  -1  -1 
59336.173315 0.000000 0.000000 0.236000 0.172000 3.678806 -3.757606 -0.606219 -2.915387 0.172000 0.842219 0.172000 1.175498  -1  -1  -1 
59336.175692 0.000000 0.000000 -1.289000 0.172000 3.678806 -3.757730 -0.588287 -4.458443 0.172000 -0.700713 0.172000 1.175498  -1  -1  -1 
59336.181796 0.000000 0.000000 -1.628000 0.172000 3.678806 -3.758046 -0.542429 -4.843618 0.172000 -1.085571 0.172000 1.175498  -1  -1  -1 
59337.233449 0.000000 0.000000 0.645000 0.175000 3.678806 -3.778123 1.540258 -4.673381 0.175000 -0.895258 0.175000 1.175498  -1  -1  -1 
59337.235931 0.000000 0.000000 0.810000 0.175000 3.678806 -3.778098 1.536451 -4.504549 0.175000 -0.726451 0.175000 1.175498  -1  -1  -1 
59337.244221 0.000000 0.000000 1.752000 0.175000 3.678806 -3.778014 1.523573 -3.549587 0.175000 0.228427 0.175000 1.175498  -1  -1  -1 
59338.188239 0.000000 0.000000 -1.207000 0.182000 3.678806 -3.750716 -1.448904 -3.508811 0.182000 0.241904 0.182000 1.175498  -1  -1  -1 
59338.190732 0.000000 0.000000 -0.652000 0.181000 3.678806 -3.750606 -1.460140 -2.942467 0.181000 0.808140 0.181000 1.175498  -1  -1  -1 
59338.193250 0.000000 0.000000 -0.761000 0.182000 3.678806 -3.750496 -1.471492 -3.040004 0.182000 0.710492 0.182000 1.175498  -1  -1  -1 
59339.264851 0.000000 0.000000 0.208000 0.179000 3.678806 -3.695582 0.808347 -4.295929 0.179000 -0.600347 0.179000 1.175498  -1  -1  -1 
59339.274735 0.000000 0.000000 1.607000 0.179000 3.678806 -3.695051 0.857854 -2.945904 0.179000 0.749146 0.179000 1.175498  -1  -1  -1 
59339.345059 0.000000 0.000000 1.015000 0.179000 3.678806 -3.691288 1.171201 -3.847489 0.179000 -0.156201 0.179000 1.175498  -1  -1  -1 
59341.205674 0.000000 0.000000 -2.354000 0.179000 3.678806 -3.624007 -1.937151 -4.040856 0.179000 -0.416849 0.179000 1.175498  -1  -1  -1 
59341.213678 0.000000 0.000000 -3.217000 0.178000 3.678806 -3.623930 -1.971954 -4.868976 0.178000 -1.245046 0.178000 1.175498  -1  -1  -1 
59341.216302 0.000000 0.000000 -3.498000 0.178000 3.678806 -3.623905 -1.983305 -5.138600 0.178000 -1.514695 0.178000 1.175498  -1  -1  -1 
59342.213085 0.000000 0.000000 2.702000 0.177000 3.678806 -3.632706 1.176768 -2.107473 0.177000 1.525232 0.177000 1.175498  -1  -1  -1 
59342.215868 0.000000 0.000000 3.862000 0.176000 3.678806 -3.632782 1.188061 -0.958843 0.176000 2.673939 0.176000 1.175498  -1  -1  -1 
59342.218582 0.000000 0.000000 3.238000 0.176000 3.678806 -3.632856 1.198976 -1.593832 0.176000 2.039024 0.176000 1.175498  -1  -1  -1 
59345.350049 0.000000 0.000000 0.396000 0.178000 3.678806 -3.832608 1.644819 -5.081427 0.178000 -1.248819 0.178000 1.175498  -1  -1  -1 
59345.352391 0.000000 0.000000 0.697000 0.178000 3.678806 -3.832773 1.647754 -4.783527 0.178000 -0.950754 0.178000 1.175498  -1  -1  -1 
59345.358459 0.000000 0.000000 0.736000 0.179000 3.678806 -3.833201 1.655147 -4.752348 0.179000 -0.919147 0.179000 1.175498  -1  -1  -1 
59346.170515 0.000000 0.000000 0.031000 0.182000 3.678806 -3.882349 0.832392 -4.683741 0.182000 -0.801392 0.182000 1.175498  -1  -1  -1 
59346.172885 0.000000 0.000000 1.513000 0.182000 3.678806 -3.882463 0.826207 -3.195670 0.182000 0.686793 0.182000 1.175498  -1  -1  -1 
59346.177612 0.000000 0.000000 1.929000 0.182000 3.678806 -3.882690 0.813816 -2.767506 0.182000 1.115184 0.182000 1.175498  -1  -1  -1 
59347.291118 0.000000 0.000000 -2.526000 0.180000 3.678806 -3.909602 -3.042750 -3.392853 0.180000 0.516750 0.180000 1.175498  -1  -1  -1 
59347.296123 0.000000 0.000000 -3.568000 0.179000 3.678806 -3.909588 -3.038750 -4.438838 0.179000 -0.529250 0.179000 1.175498  -1  -1  -1 
59347.311002 0.000000 0.000000 -3.853000 0.181000 3.678806 -3.909536 -3.022517 -4.740019 0.181000 -0.830483 0.181000 1.175498  -1  -1  -1 
59348.287651 0.000000 0.000000 -0.128000 0.177000 3.678806 -3.879043 1.660719 -5.667762 0.177000 -1.788719 0.177000 1.175498  -1  -1  -1 
59348.290178 0.000000 0.000000 -0.579000 0.178000 3.678806 -3.878893 1.663084 -6.120977 0.178000 -2.242084 0.178000 1.175498  -1  -1  -1 
59348.292681 0.000000 0.000000 1.308000 0.177000 3.678806 -3.878744 1.665381 -4.236125 0.177000 -0.357381 0.177000 1.175498  -1  -1  -1 
59349.121628 0.000000 0.000000 1.745000 0.175000 3.678806 -3.809697 0.718117 -2.782814 0.175000 1.026883 0.175000 1.175498  -1  -1  -1 
59349.126921 0.000000 0.000000 1.471000 0.175000 3.678806 -3.809134 0.703856 -3.041989 0.175000 0.767144 0.175000 1.175498  -1  -1  -1 
59349.129550 0.000000 0.000000 0.533000 0.174000 3.678806 -3.808853 0.696738 -3.972591 0.174000 -0.163738 0.174000 1.175498  -1  -1  -1 
59350.304057 0.000000 0.000000 -2.159000 0.176000 3.678806 -3.651072 -2.428180 -3.381892 0.176000 0.269180 0.176000 1.175498  -1  -1  -1 
59350.306325 0.000000 0.000000 -2.512000 0.176000 3.678806 -3.650714 -2.417163 -3.745552 0.176000 -0.094837 0.176000 1.175498  -1  -1  -1 
59350.313185 0.000000 0.000000 -1.562000 0.175000 3.678806 -3.649630 -2.382968 -2.828662 0.175000 0.820968 0.175000 1.175498  -1  -1  -1 
59351.202848 0.000000 0.000000 2.522000 0.173000 3.678806 -3.499527 2.066107 -3.043634 0.173000 0.455893 0.173000 1.175498  -1  -1  -1 
59351.209430 0.000000 0.000000 2.306000 0.173000 3.678806 -3.498370 2.071323 -3.263693 0.173000 0.234677 0.173000 1.175498  -1  -1  -1 
59351.214571 0.000000 0.000000 2.577000 0.173000 3.678806 -3.497467 2.075188 -2.995655 0.173000 0.501812 0.173000 1.175498  -1  -1  -1 
59352.100400 0.000000 0.000000 -1.013000 0.171000 3.678806 -3.342765 0.896680 -5.252444 0.171000 -1.909680 0.171000 1.175498  -1  -1  -1 
59352.102986 0.000000 0.000000 -1.223000 0.171000 3.678806 -3.342327 0.889035 -5.454362 0.171000 -2.112035 0.171000 1.175498  -1  -1  -1 
59352.111932 0.000000 0.000000 -0.830000 0.171000 3.678806 -3.340813 0.862412 -5.033225 0.171000 -1.692412 0.171000 1.175498  -1  -1  -1 
59353.256297 0.000000 0.000000 -1.017000 0.183000 3.678806 -3.169525 -1.549791 -2.636735 0.183000 0.532791 0.183000 1.175498  -1  -1  -1 
59353.261287 0.000000 0.000000 -2.909000 0.184000 3.678806 -3.168910 -1.516902 -4.561008 0.184000 -1.392098 0.184000 1.175498  -1  -1  -1 
59353.273571 0.000000 0.000000 -2.050000 0.184000 3.678806 -3.167401 -1.433882 -3.783519 0.184000 -0.616118 0.184000 1.175498  -1  -1  -1 
59354.281496 0.000000 0.000000 4.563000 0.187000 3.678806 -3.077740 2.492898 -1.007637 0.187000 2.070102 0.187000 1.175498  -1  -1  -1 
59354.290542 0.000000 0.000000 3.585000 0.188000 3.678806 -3.077278 2.488441 -1.980719 0.188000 1.096559 0.188000 1.175498  -1  -1  -1 
59354.297835 0.000000 0.000000 4.271000 0.189000 3.678806 -3.076911 2.484552 -1.290463 0.189000 1.786448 0.189000 1.175498  -1  -1  -1 
59355.149128 0.000000 0.000000 0.314000 0.179000 3.678806 -3.065712 0.603047 -3.354759 0.179000 -0.289047 0.179000 1.175498  -1  -1  -1 
59355.151962 0.000000 0.000000 0.496000 0.180000 3.678806 -3.065784 0.592495 -3.162279 0.180000 -0.096495 0.180000 1.175498  -1  -1  -1 
59355.159002 0.000000 0.000000 0.792000 0.179000 3.678806 -3.065967 0.566162 -2.840129 0.179000 0.225838 0.179000 1.175498  -1  -1  -1 
59356.201900 0.000000 0.000000 -0.609000 0.178000 3.678806 -3.145049 -1.076131 -2.677918 0.178000 0.467131 0.178000 1.175498  -1  -1  -1 
59356.211845 0.000000 0.000000 -1.232000 0.178000 3.678806 -3.146301 -1.002921 -3.375380 0.178000 -0.229079 0.178000 1.175498  -1  -1  -1 
59356.217239 0.000000 0.000000 -1.117000 0.178000 3.678806 -3.146984 -0.962815 -3.301169 0.178000 -0.154185 0.178000 1.175498  -1  -1  -1 
59357.255224 0.000000 0.000000 2.302000 0.188000 3.678806 -3.327234 2.174923 -3.200157 0.188000 0.127077 0.188000 1.175498  -1  -1  -1 
59357.265503 0.000000 0.000000 1.459000 0.188000 3.678806 -3.329478 2.162686 -4.033163 0.188000 -0.703686 0.188000 1.175498  -1  -1  -1 
59357.277188 0.000000 0.000000 3.494000 0.188000 3.678806 -3.332038 2.148215 -1.986253 0.188000 1.345785 0.188000 1.175498  -1  -1  -1 
59358.119845 0.000000 0.000000 -1.335000 0.178000 3.678806 -3.542635 -0.217815 -4.659821 0.178000 -1.117185 0.178000 1.175498  -1  -1  -1 
59358.129676 0.000000 0.000000 -1.507000 0.179000 3.678806 -3.545364 -0.259933 -4.792430 0.179000 -1.247067 0.179000 1.175498  -1  -1  -1 
59358.137335 0.000000 0.000000 -0.473000 0.178000 3.678806 -3.547493 -0.292965 -3.727528 0.178000 -0.180035 0.178000 1.175498  -1  -1  -1 
59359.215201 0.000000 0.000000 -4.170000 0.178000 3.678806 -3.873618 -0.782609 -7.261010 0.178000 -3.387391 0.178000 1.175498  -1  -1  -1 
59359.265786 0.000000 0.000000 0.097000 0.177000 3.678806 -3.889858 -0.421459 -3.371400 0.177000 0.518459 0.177000 1.175498  -1  -1  -1 
59359.269109 0.000000 0.000000 -0.931000 0.177000 3.678806 -3.890927 -0.398559 -4.423368 0.177000 -0.532441 0.177000 1.175498  -1  -1  -1 
