# time Tc_folded Tref_folded model model_err 
59318.650141 0.000000 0.000000     0.383589     0.560904 
59318.687751 0.000000 0.000000     0.386005     0.563297 
59318.725361 0.000000 0.000000     0.388159     0.565693 
59318.762971 0.000000 0.000000     0.390041     0.568084 
59318.800582 0.000000 0.000000     0.391636     0.570463 
59318.838192 0.000000 0.000000     0.392934     0.572824 
59318.875802 0.000000 0.000000     0.393921     0.575160 
59318.913412 0.000000 0.000000     0.394588     0.577464 
59318.951022 0.000000 0.000000     0.394921     0.579729 
59318.988632 0.000000 0.000000     0.394911     0.581951 
59319.026243 0.000000 0.000000     0.394547     0.584123 
59319.063853 0.000000 0.000000     0.393819     0.586240 
59319.101463 0.000000 0.000000     0.392719     0.588297 
59319.139073 0.000000 0.000000     0.391235     0.590289 
59319.176683 0.000000 0.000000     0.389361     0.592211 
59319.214293 0.000000 0.000000     0.387089     0.594059 
59319.251903 0.000000 0.000000     0.384410     0.595829 
59319.289514 0.000000 0.000000     0.381318     0.597517 
59319.327124 0.000000 0.000000     0.377807     0.599119 
59319.364734 0.000000 0.000000     0.373871     0.600633 
59319.402344 0.000000 0.000000     0.369504     0.602054 
59319.439954 0.000000 0.000000     0.364704     0.603381 
59319.477564 0.000000 0.000000     0.359465     0.604610 
59319.515175 0.000000 0.000000     0.353784     0.605739 
59319.552785 0.000000 0.000000     0.347660     0.606766 
59319.590395 0.000000 0.000000     0.341090     0.607689 
59319.628005 0.000000 0.000000     0.334073     0.608506 
59319.665615 0.000000 0.000000     0.326610     0.609217 
59319.703225 0.000000 0.000000     0.318699     0.609818 
59319.740836 0.000000 0.000000     0.310343     0.610310 
59319.778446 0.000000 0.000000     0.301543     0.610692 
59319.816056 0.000000 0.000000     0.292301     0.610962 
59319.853666 0.000000 0.000000     0.282621     0.611120 
59319.891276 0.000000 0.000000     0.272507     0.611167 
59319.928886 0.000000 0.000000     0.261963     0.611101 
59319.966496 0.000000 0.000000     0.250995     0.610923 
59320.004107 0.000000 0.000000     0.239609     0.610633 
59320.041717 0.000000 0.000000     0.227811     0.610232 
59320.079327 0.000000 0.000000     0.215610     0.609720 
59320.116937 0.000000 0.000000     0.203013     0.609098 
59320.154547 0.000000 0.000000     0.190030     0.608367 
59320.192157 0.000000 0.000000     0.176669     0.607528 
59320.229768 0.000000 0.000000     0.162943     0.606582 
59320.267378 0.000000 0.000000     0.148861     0.605532 
59320.304988 0.000000 0.000000     0.134435     0.604378 
59320.342598 0.000000 0.000000     0.119678     0.603123 
59320.380208 0.000000 0.000000     0.104602     0.601768 
59320.417818 0.000000 0.000000     0.089222     0.600317 
59320.455428 0.000000 0.000000     0.073551     0.598771 
59320.493039 0.000000 0.000000     0.057604     0.597134 
59320.530649 0.000000 0.000000     0.041397     0.595407 
59320.568259 0.000000 0.000000     0.024945     0.593595 
59320.605869 0.000000 0.000000     0.008264     0.591700 
59320.643479 0.000000 0.000000    -0.008627     0.589726 
59320.681089 0.000000 0.000000    -0.025713     0.587676 
59320.718700 0.000000 0.000000    -0.042974     0.585554 
59320.756310 0.000000 0.000000    -0.060393     0.583364 
59320.793920 0.000000 0.000000    -0.077952     0.581111 
59320.831530 0.000000 0.000000    -0.095630     0.578799 
59320.869140 0.000000 0.000000    -0.113409     0.576433 
59320.906750 0.000000 0.000000    -0.131269     0.574016 
59320.944360 0.000000 0.000000    -0.149189     0.571555 
59320.981971 0.000000 0.000000    -0.167150     0.569054 
59321.019581 0.000000 0.000000    -0.185131     0.566519 
59321.057191 0.000000 0.000000    -0.203111     0.563955 
59321.094801 0.000000 0.000000    -0.221070     0.561368 
59321.132411 0.000000 0.000000    -0.238986     0.558763 
59321.170021 0.000000 0.000000    -0.256838     0.556147 
59321.207632 0.000000 0.000000    -0.274604     0.553526 
59321.245242 0.000000 0.000000    -0.292264     0.550905 
59321.282852 0.000000 0.000000    -0.309797     0.548291 
59321.320462 0.000000 0.000000    -0.327180     0.545690 
59321.358072 0.000000 0.000000    -0.344393     0.543109 
59321.395682 0.000000 0.000000    -0.361414     0.540553 
59321.433293 0.000000 0.000000    -0.378223     0.538029 
59321.470903 0.000000 0.000000    -0.394798     0.535543 
59321.508513 0.000000 0.000000    -0.411119     0.533101 
59321.546123 0.000000 0.000000    -0.427165     0.530710 
59321.583733 0.000000 0.000000    -0.442917     0.528374 
59321.621343 0.000000 0.000000    -0.458353     0.526100 
59321.658953 0.000000 0.000000    -0.473455     0.523892 
59321.696564 0.000000 0.000000    -0.488203     0.521756 
59321.734174 0.000000 0.000000    -0.502578     0.519697 
59321.771784 0.000000 0.000000    -0.516561     0.517718 
59321.809394 0.000000 0.000000    -0.530135     0.515824 
59321.847004 0.000000 0.000000    -0.543282     0.514018 
59321.884614 0.000000 0.000000    -0.555985     0.512304 
59321.922225 0.000000 0.000000    -0.568227     0.510683 
59321.959835 0.000000 0.000000    -0.579991     0.509158 
59321.997445 0.000000 0.000000    -0.591264     0.507729 
59322.035055 0.000000 0.000000    -0.602028     0.506399 
59322.072665 0.000000 0.000000    -0.612272     0.505167 
59322.110275 0.000000 0.000000    -0.621980     0.504034 
59322.147885 0.000000 0.000000    -0.631140     0.502998 
59322.185496 0.000000 0.000000    -0.639740     0.502057 
59322.223106 0.000000 0.000000    -0.647768     0.501212 
59322.260716 0.000000 0.000000    -0.655213     0.500458 
59322.298326 0.000000 0.000000    -0.662066     0.499794 
59322.335936 0.000000 0.000000    -0.668317     0.499216 
59322.373546 0.000000 0.000000    -0.673958     0.498721 
59322.411157 0.000000 0.000000    -0.678981     0.498304 
59322.448767 0.000000 0.000000    -0.683380     0.497962 
59322.486377 0.000000 0.000000    -0.687149     0.497690 
59322.523987 0.000000 0.000000    -0.690282     0.497484 
59322.561597 0.000000 0.000000    -0.692775     0.497338 
59322.599207 0.000000 0.000000    -0.694626     0.497248 
59322.636817 0.000000 0.000000    -0.695831     0.497208 
59322.674428 0.000000 0.000000    -0.696389     0.497214 
59322.712038 0.000000 0.000000    -0.696300     0.497261 
59322.749648 0.000000 0.000000    -0.695564     0.497343 
59322.787258 0.000000 0.000000    -0.694182     0.497456 
59322.824868 0.000000 0.000000    -0.692156     0.497595 
59322.862478 0.000000 0.000000    -0.689489     0.497754 
59322.900089 0.000000 0.000000    -0.686185     0.497930 
59322.937699 0.000000 0.000000    -0.682249     0.498119 
59322.975309 0.000000 0.000000    -0.677687     0.498315 
59323.012919 0.000000 0.000000    -0.672505     0.498516 
59323.050529 0.000000 0.000000    -0.666711     0.498717 
59323.088139 0.000000 0.000000    -0.660313     0.498916 
59323.125750 0.000000 0.000000    -0.653320     0.499108 
59323.163360 0.000000 0.000000    -0.645743     0.499291 
59323.200970 0.000000 0.000000    -0.637592     0.499463 
59323.238580 0.000000 0.000000    -0.628880     0.499621 
59323.276190 0.000000 0.000000    -0.619619     0.499762 
59323.313800 0.000000 0.000000    -0.609822     0.499886 
59323.351410 0.000000 0.000000    -0.599503     0.499990 
59323.389021 0.000000 0.000000    -0.588679     0.500074 
59323.426631 0.000000 0.000000    -0.577363     0.500136 
59323.464241 0.000000 0.000000    -0.565574     0.500175 
59323.501851 0.000000 0.000000    -0.553327     0.500191 
59323.539461 0.000000 0.000000    -0.540642     0.500184 
59323.577071 0.000000 0.000000    -0.527535     0.500153 
59323.614682 0.000000 0.000000    -0.514027     0.500099 
59323.652292 0.000000 0.000000    -0.500137     0.500022 
59323.689902 0.000000 0.000000    -0.485886     0.499922 
59323.727512 0.000000 0.000000    -0.471294     0.499801 
59323.765122 0.000000 0.000000    -0.456382     0.499659 
59323.802732 0.000000 0.000000    -0.441173     0.499498 
59323.840342 0.000000 0.000000    -0.425689     0.499318 
59323.877953 0.000000 0.000000    -0.409953     0.499121 
59323.915563 0.000000 0.000000    -0.393986     0.498908 
59323.953173 0.000000 0.000000    -0.377814     0.498681 
59323.990783 0.000000 0.000000    -0.361460     0.498442 
59324.028393 0.000000 0.000000    -0.344947     0.498193 
59324.066003 0.000000 0.000000    -0.328301     0.497934 
59324.103614 0.000000 0.000000    -0.311545     0.497669 
59324.141224 0.000000 0.000000    -0.294704     0.497399 
59324.178834 0.000000 0.000000    -0.277804     0.497126 
59324.216444 0.000000 0.000000    -0.260868     0.496852 
59324.254054 0.000000 0.000000    -0.243922     0.496579 
59324.291664 0.000000 0.000000    -0.226991     0.496309 
59324.329274 0.000000 0.000000    -0.210101     0.496044 
59324.366885 0.000000 0.000000    -0.193274     0.495785 
59324.404495 0.000000 0.000000    -0.176538     0.495534 
59324.442105 0.000000 0.000000    -0.159916     0.495293 
59324.479715 0.000000 0.000000    -0.143432     0.495064 
59324.517325 0.000000 0.000000    -0.127112     0.494848 
59324.554935 0.000000 0.000000    -0.110979     0.494646 
59324.592546 0.000000 0.000000    -0.095057     0.494459 
59324.630156 0.000000 0.000000    -0.079369     0.494289 
59324.667766 0.000000 0.000000    -0.063939     0.494137 
59324.705376 0.000000 0.000000    -0.048790     0.494003 
59324.742986 0.000000 0.000000    -0.033942     0.493888 
59324.780596 0.000000 0.000000    -0.019420     0.493792 
59324.818207 0.000000 0.000000    -0.005243     0.493716 
59324.855817 0.000000 0.000000     0.008567     0.493660 
59324.893427 0.000000 0.000000     0.021990     0.493624 
59324.931037 0.000000 0.000000     0.035007     0.493608 
59324.968647 0.000000 0.000000     0.047599     0.493611 
59325.006257 0.000000 0.000000     0.059746     0.493633 
59325.043867 0.000000 0.000000     0.071432     0.493673 
59325.081478 0.000000 0.000000     0.082640     0.493731 
59325.119088 0.000000 0.000000     0.093353     0.493806 
59325.156698 0.000000 0.000000     0.103555     0.493896 
59325.194308 0.000000 0.000000     0.113234     0.494001 
59325.231918 0.000000 0.000000     0.122373     0.494119 
59325.269528 0.000000 0.000000     0.130961     0.494249 
59325.307139 0.000000 0.000000     0.138986     0.494390 
59325.344749 0.000000 0.000000     0.146436     0.494540 
59325.382359 0.000000 0.000000     0.153301     0.494698 
59325.419969 0.000000 0.000000     0.159572     0.494861 
59325.457579 0.000000 0.000000     0.165240     0.495030 
59325.495189 0.000000 0.000000     0.170298     0.495201 
59325.532799 0.000000 0.000000     0.174739     0.495374 
59325.570410 0.000000 0.000000     0.178558     0.495546 
59325.608020 0.000000 0.000000     0.181751     0.495716 
59325.645630 0.000000 0.000000     0.184314     0.495883 
59325.683240 0.000000 0.000000     0.186244     0.496045 
59325.720850 0.000000 0.000000     0.187540     0.496201 
59325.758460 0.000000 0.000000     0.188203     0.496348 
59325.796071 0.000000 0.000000     0.188231     0.496487 
59325.833681 0.000000 0.000000     0.187628     0.496615 
59325.871291 0.000000 0.000000     0.186396     0.496732 
59325.908901 0.000000 0.000000     0.184538     0.496835 
59325.946511 0.000000 0.000000     0.182060     0.496925 
59325.984121 0.000000 0.000000     0.178967     0.497001 
59326.021731 0.000000 0.000000     0.175266     0.497061 
59326.059342 0.000000 0.000000     0.170965     0.497105 
59326.096952 0.000000 0.000000     0.166073     0.497133 
59326.134562 0.000000 0.000000     0.160599     0.497143 
59326.172172 0.000000 0.000000     0.154555     0.497136 
59326.209782 0.000000 0.000000     0.147953     0.497112 
59326.247392 0.000000 0.000000     0.140805     0.497070 
59326.285003 0.000000 0.000000     0.133124     0.497010 
59326.322613 0.000000 0.000000     0.124926     0.496933 
59326.360223 0.000000 0.000000     0.116227     0.496839 
59326.397833 0.000000 0.000000     0.107041     0.496728 
59326.435443 0.000000 0.000000     0.097388     0.496601 
59326.473053 0.000000 0.000000     0.087284     0.496459 
59326.510664 0.000000 0.000000     0.076750     0.496301 
59326.548274 0.000000 0.000000     0.065804     0.496130 
59326.585884 0.000000 0.000000     0.054466     0.495946 
59326.623494 0.000000 0.000000     0.042759     0.495750 
59326.661104 0.000000 0.000000     0.030705     0.495543 
59326.698714 0.000000 0.000000     0.018325     0.495327 
59326.736324 0.000000 0.000000     0.005642     0.495103 
59326.773935 0.000000 0.000000    -0.007318     0.494871 
59326.811545 0.000000 0.000000    -0.020533     0.494635 
59326.849155 0.000000 0.000000    -0.033977     0.494394 
59326.886765 0.000000 0.000000    -0.047624     0.494151 
59326.924375 0.000000 0.000000    -0.061449     0.493907 
59326.961985 0.000000 0.000000    -0.075426     0.493664 
59326.999596 0.000000 0.000000    -0.089528     0.493423 
59327.037206 0.000000 0.000000    -0.103728     0.493186 
59327.074816 0.000000 0.000000    -0.117998     0.492954 
59327.112426 0.000000 0.000000    -0.132312     0.492729 
59327.150036 0.000000 0.000000    -0.146640     0.492513 
59327.187646 0.000000 0.000000    -0.160957     0.492308 
59327.225256 0.000000 0.000000    -0.175232     0.492113 
59327.262867 0.000000 0.000000    -0.189439     0.491932 
59327.300477 0.000000 0.000000    -0.203548     0.491765 
59327.338087 0.000000 0.000000    -0.217533     0.491613 
59327.375697 0.000000 0.000000    -0.231363     0.491479 
59327.413307 0.000000 0.000000    -0.245012     0.491361 
59327.450917 0.000000 0.000000    -0.258451     0.491263 
59327.488528 0.000000 0.000000    -0.271652     0.491184 
59327.526138 0.000000 0.000000    -0.284588     0.491126 
59327.563748 0.000000 0.000000    -0.297231     0.491088 
59327.601358 0.000000 0.000000    -0.309554     0.491072 
59327.638968 0.000000 0.000000    -0.321531     0.491077 
59327.676578 0.000000 0.000000    -0.333134     0.491105 
59327.714188 0.000000 0.000000    -0.344338     0.491154 
59327.751799 0.000000 0.000000    -0.355118     0.491226 
59327.789409 0.000000 0.000000    -0.365448     0.491319 
59327.827019 0.000000 0.000000    -0.375303     0.491434 
59327.864629 0.000000 0.000000    -0.384660     0.491570 
59327.902239 0.000000 0.000000    -0.393496     0.491726 
59327.939849 0.000000 0.000000    -0.401787     0.491902 
59327.977460 0.000000 0.000000    -0.409512     0.492097 
59328.015070 0.000000 0.000000    -0.416648     0.492310 
59328.052680 0.000000 0.000000    -0.423177     0.492540 
59328.090290 0.000000 0.000000    -0.429078     0.492786 
59328.127900 0.000000 0.000000    -0.434331     0.493046 
59328.165510 0.000000 0.000000    -0.438920     0.493320 
59328.203121 0.000000 0.000000    -0.442826     0.493605 
59328.240731 0.000000 0.000000    -0.446033     0.493900 
59328.278341 0.000000 0.000000    -0.448527     0.494205 
59328.315951 0.000000 0.000000    -0.450292     0.494516 
59328.353561 0.000000 0.000000    -0.451315     0.494833 
59328.391171 0.000000 0.000000    -0.451584     0.495154 
59328.428781 0.000000 0.000000    -0.451087     0.495477 
59328.466392 0.000000 0.000000    -0.449814     0.495800 
59328.504002 0.000000 0.000000    -0.447757     0.496122 
59328.541612 0.000000 0.000000    -0.444906     0.496442 
59328.579222 0.000000 0.000000    -0.441254     0.496757 
59328.616832 0.000000 0.000000    -0.436797     0.497065 
59328.654442 0.000000 0.000000    -0.431528     0.497365 
59328.692053 0.000000 0.000000    -0.425445     0.497656 
59328.729663 0.000000 0.000000    -0.418545     0.497936 
59328.767273 0.000000 0.000000    -0.410826     0.498203 
59328.804883 0.000000 0.000000    -0.402289     0.498456 
59328.842493 0.000000 0.000000    -0.392935     0.498693 
59328.880103 0.000000 0.000000    -0.382766     0.498914 
59328.917713 0.000000 0.000000    -0.371784     0.499116 
59328.955324 0.000000 0.000000    -0.359996     0.499299 
59328.992934 0.000000 0.000000    -0.347407     0.499461 
59329.030544 0.000000 0.000000    -0.334024     0.499601 
59329.068154 0.000000 0.000000    -0.319854     0.499719 
59329.105764 0.000000 0.000000    -0.304908     0.499813 
59329.143374 0.000000 0.000000    -0.289195     0.499882 
59329.180985 0.000000 0.000000    -0.272728     0.499927 
59329.218595 0.000000 0.000000    -0.255519     0.499945 
59329.256205 0.000000 0.000000    -0.237582     0.499937 
59329.293815 0.000000 0.000000    -0.218932     0.499902 
59329.331425 0.000000 0.000000    -0.199586     0.499840 
59329.369035 0.000000 0.000000    -0.179559     0.499750 
59329.406645 0.000000 0.000000    -0.158872     0.499632 
59329.444256 0.000000 0.000000    -0.137542     0.499486 
59329.481866 0.000000 0.000000    -0.115590     0.499312 
59329.519476 0.000000 0.000000    -0.093038     0.499110 
59329.557086 0.000000 0.000000    -0.069907     0.498879 
59329.594696 0.000000 0.000000    -0.046221     0.498621 
59329.632306 0.000000 0.000000    -0.022004     0.498335 
59329.669917 0.000000 0.000000     0.002720     0.498022 
59329.707527 0.000000 0.000000     0.027924     0.497682 
59329.745137 0.000000 0.000000     0.053582     0.497316 
59329.782747 0.000000 0.000000     0.079667     0.496923 
59329.820357 0.000000 0.000000     0.106151     0.496506 
59329.857967 0.000000 0.000000     0.133005     0.496064 
59329.895578 0.000000 0.000000     0.160200     0.495597 
59329.933188 0.000000 0.000000     0.187704     0.495108 
59329.970798 0.000000 0.000000     0.215489     0.494597 
59330.008408 0.000000 0.000000     0.243523     0.494064 
59330.046018 0.000000 0.000000     0.271773     0.493511 
59330.083628 0.000000 0.000000     0.300208     0.492938 
59330.121238 0.000000 0.000000     0.328796     0.492347 
59330.158849 0.000000 0.000000     0.357503     0.491738 
59330.196459 0.000000 0.000000     0.386296     0.491113 
59330.234069 0.000000 0.000000     0.415142     0.490473 
59330.271679 0.000000 0.000000     0.444006     0.489820 
59330.309289 0.000000 0.000000     0.472855     0.489153 
59330.346899 0.000000 0.000000     0.501655     0.488474 
59330.384510 0.000000 0.000000     0.530371     0.487786 
59330.422120 0.000000 0.000000     0.558969     0.487088 
59330.459730 0.000000 0.000000     0.587415     0.486382 
59330.497340 0.000000 0.000000     0.615674     0.485669 
59330.534950 0.000000 0.000000     0.643712     0.484951 
59330.572560 0.000000 0.000000     0.671495     0.484228 
59330.610170 0.000000 0.000000     0.698989     0.483502 
59330.647781 0.000000 0.000000     0.726160     0.482775 
59330.685391 0.000000 0.000000     0.752976     0.482047 
59330.723001 0.000000 0.000000     0.779402     0.481320 
59330.760611 0.000000 0.000000     0.805406     0.480594 
59330.798221 0.000000 0.000000     0.830955     0.479871 
59330.835831 0.000000 0.000000     0.856018     0.479152 
59330.873442 0.000000 0.000000     0.880563     0.478438 
59330.911052 0.000000 0.000000     0.904559     0.477730 
59330.948662 0.000000 0.000000     0.927975     0.477029 
59330.986272 0.000000 0.000000     0.950783     0.476337 
59331.023882 0.000000 0.000000     0.972952     0.475653 
59331.061492 0.000000 0.000000     0.994454     0.474980 
59331.099102 0.000000 0.000000     1.015262     0.474317 
59331.136713 0.000000 0.000000     1.035349     0.473666 
59331.174323 0.000000 0.000000     1.054688     0.473028 
59331.211933 0.000000 0.000000     1.073255     0.472402 
59331.249543 0.000000 0.000000     1.091024     0.471790 
59331.287153 0.000000 0.000000     1.107972     0.471193 
59331.324763 0.000000 0.000000     1.124077     0.470611 
59331.362374 0.000000 0.000000     1.139317     0.470044 
59331.399984 0.000000 0.000000     1.153672     0.469493 
59331.437594 0.000000 0.000000     1.167121     0.468958 
59331.475204 0.000000 0.000000     1.179646     0.468441 
59331.512814 0.000000 0.000000     1.191231     0.467940 
59331.550424 0.000000 0.000000     1.201858     0.467456 
59331.588035 0.000000 0.000000     1.211512     0.466990 
59331.625645 0.000000 0.000000     1.220179     0.466541 
59331.663255 0.000000 0.000000     1.227847     0.466110 
59331.700865 0.000000 0.000000     1.234503     0.465696 
59331.738475 0.000000 0.000000     1.240137     0.465300 
59331.776085 0.000000 0.000000     1.244740     0.464921 
59331.813695 0.000000 0.000000     1.248304     0.464559 
59331.851306 0.000000 0.000000     1.250821     0.464215 
59331.888916 0.000000 0.000000     1.252287     0.463887 
59331.926526 0.000000 0.000000     1.252696     0.463576 
59331.964136 0.000000 0.000000     1.252046     0.463281 
59332.001746 0.000000 0.000000     1.250335     0.463001 
59332.039356 0.000000 0.000000     1.247562     0.462737 
59332.076967 0.000000 0.000000     1.243729     0.462488 
59332.114577 0.000000 0.000000     1.238836     0.462252 
59332.152187 0.000000 0.000000     1.232888     0.462030 
59332.189797 0.000000 0.000000     1.225888     0.461821 
59332.227407 0.000000 0.000000     1.217844     0.461625 
59332.265017 0.000000 0.000000     1.208760     0.461440 
59332.302627 0.000000 0.000000     1.198646     0.461265 
59332.340238 0.000000 0.000000     1.187512     0.461101 
59332.377848 0.000000 0.000000     1.175367     0.460946 
59332.415458 0.000000 0.000000     1.162225     0.460799 
59332.453068 0.000000 0.000000     1.148097     0.460659 
59332.490678 0.000000 0.000000     1.132998     0.460526 
59332.528288 0.000000 0.000000     1.116943     0.460399 
59332.565899 0.000000 0.000000     1.099949     0.460277 
59332.603509 0.000000 0.000000     1.082034     0.460158 
59332.641119 0.000000 0.000000     1.063215     0.460042 
59332.678729 0.000000 0.000000     1.043514     0.459928 
59332.716339 0.000000 0.000000     1.022950     0.459815 
59332.753949 0.000000 0.000000     1.001545     0.459701 
59332.791559 0.000000 0.000000     0.979322     0.459587 
59332.829170 0.000000 0.000000     0.956304     0.459471 
59332.866780 0.000000 0.000000     0.932516     0.459351 
59332.904390 0.000000 0.000000     0.907984     0.459228 
59332.942000 0.000000 0.000000     0.882734     0.459100 
59332.979610 0.000000 0.000000     0.856792     0.458966 
59333.017220 0.000000 0.000000     0.830186     0.458826 
59333.054831 0.000000 0.000000     0.802946     0.458678 
59333.092441 0.000000 0.000000     0.775100     0.458522 
59333.130051 0.000000 0.000000     0.746678     0.458357 
59333.167661 0.000000 0.000000     0.717710     0.458182 
59333.205271 0.000000 0.000000     0.688228     0.457997 
59333.242881 0.000000 0.000000     0.658263     0.457800 
59333.280492 0.000000 0.000000     0.627848     0.457592 
59333.318102 0.000000 0.000000     0.597014     0.457372 
59333.355712 0.000000 0.000000     0.565795     0.457139 
59333.393322 0.000000 0.000000     0.534224     0.456894 
59333.430932 0.000000 0.000000     0.502334     0.456635 
59333.468542 0.000000 0.000000     0.470160     0.456363 
59333.506152 0.000000 0.000000     0.437735     0.456077 
59333.543763 0.000000 0.000000     0.405094     0.455777 
59333.581373 0.000000 0.000000     0.372271     0.455464 
59333.618983 0.000000 0.000000     0.339301     0.455138 
59333.656593 0.000000 0.000000     0.306217     0.454798 
59333.694203 0.000000 0.000000     0.273056     0.454445 
59333.731813 0.000000 0.000000     0.239850     0.454080 
59333.769424 0.000000 0.000000     0.206635     0.453703 
59333.807034 0.000000 0.000000     0.173446     0.453314 
59333.844644 0.000000 0.000000     0.140315     0.452915 
59333.882254 0.000000 0.000000     0.107276     0.452507 
59333.919864 0.000000 0.000000     0.074365     0.452090 
59333.957474 0.000000 0.000000     0.041613     0.451665 
59333.995084 0.000000 0.000000     0.009054     0.451234 
59334.032695 0.000000 0.000000    -0.023279     0.450799 
59334.070305 0.000000 0.000000    -0.055355     0.450360 
59334.107915 0.000000 0.000000    -0.087142     0.449919 
59334.145525 0.000000 0.000000    -0.118608     0.449477 
59334.183135 0.000000 0.000000    -0.149722     0.449038 
59334.220745 0.000000 0.000000    -0.180456     0.448602 
59334.258356 0.000000 0.000000    -0.210779     0.448171 
59334.295966 0.000000 0.000000    -0.240662     0.447748 
59334.333576 0.000000 0.000000    -0.270078     0.447334 
59334.371186 0.000000 0.000000    -0.298998     0.446933 
59334.408796 0.000000 0.000000    -0.327397     0.446546 
59334.446406 0.000000 0.000000    -0.355248     0.446175 
59334.484016 0.000000 0.000000    -0.382527     0.445823 
59334.521627 0.000000 0.000000    -0.409208     0.445493 
59334.559237 0.000000 0.000000    -0.435269     0.445186 
59334.596847 0.000000 0.000000    -0.460688     0.444906 
59334.634457 0.000000 0.000000    -0.485442     0.444654 
59334.672067 0.000000 0.000000    -0.509512     0.444433 
59334.709677 0.000000 0.000000    -0.532877     0.444246 
59334.747288 0.000000 0.000000    -0.555519     0.444094 
59334.784898 0.000000 0.000000    -0.577420     0.443981 
59334.822508 0.000000 0.000000    -0.598563     0.443907 
59334.860118 0.000000 0.000000    -0.618933     0.443875 
59334.897728 0.000000 0.000000    -0.638516     0.443887 
59334.935338 0.000000 0.000000    -0.657298     0.443944 
59334.972949 0.000000 0.000000    -0.675266     0.444048 
59335.010559 0.000000 0.000000    -0.692409     0.444201 
59335.048169 0.000000 0.000000    -0.708717     0.444403 
59335.085779 0.000000 0.000000    -0.724180     0.444655 
59335.123389 0.000000 0.000000    -0.738791     0.444958 
59335.160999 0.000000 0.000000    -0.752543     0.445313 
59335.198609 0.000000 0.000000    -0.765430     0.445720 
59335.236220 0.000000 0.000000    -0.777446     0.446178 
59335.273830 0.000000 0.000000    -0.788589     0.446688 
59335.311440 0.000000 0.000000    -0.798856     0.447249 
59335.349050 0.000000 0.000000    -0.808245     0.447860 
59335.386660 0.000000 0.000000    -0.816756     0.448521 
59335.424270 0.000000 0.000000    -0.824390     0.449229 
59335.461881 0.000000 0.000000    -0.831148     0.449984 
59335.499491 0.000000 0.000000    -0.837034     0.450784 
59335.537101 0.000000 0.000000    -0.842050     0.451627 
59335.574711 0.000000 0.000000    -0.846204     0.452511 
59335.612321 0.000000 0.000000    -0.849499     0.453433 
59335.649931 0.000000 0.000000    -0.851943     0.454391 
59335.687541 0.000000 0.000000    -0.853544     0.455384 
59335.725152 0.000000 0.000000    -0.854311     0.456406 
59335.762762 0.000000 0.000000    -0.854254     0.457457 
59335.800372 0.000000 0.000000    -0.853384     0.458533 
59335.837982 0.000000 0.000000    -0.851712     0.459631 
59335.875592 0.000000 0.000000    -0.849251     0.460748 
59335.913202 0.000000 0.000000    -0.846013     0.461881 
59335.950813 0.000000 0.000000    -0.842015     0.463026 
59335.988423 0.000000 0.000000    -0.837270     0.464181 
59336.026033 0.000000 0.000000    -0.831794     0.465342 
59336.063643 0.000000 0.000000    -0.825604     0.466506 
59336.101253 0.000000 0.000000    -0.818717     0.467670 
59336.138863 0.000000 0.000000    -0.811151     0.468831 
59336.176473 0.000000 0.000000    -0.802925     0.469986 
59336.214084 0.000000 0.000000    -0.794058     0.471132 
59336.251694 0.000000 0.000000    -0.784569     0.472267 
59336.289304 0.000000 0.000000    -0.774480     0.473387 
59336.326914 0.000000 0.000000    -0.763810     0.474490 
59336.364524 0.000000 0.000000    -0.752582     0.475573 
59336.402134 0.000000 0.000000    -0.740816     0.476635 
59336.439745 0.000000 0.000000    -0.728536     0.477672 
59336.477355 0.000000 0.000000    -0.715764     0.478684 
59336.514965 0.000000 0.000000    -0.702522     0.479667 
59336.552575 0.000000 0.000000    -0.688835     0.480621 
59336.590185 0.000000 0.000000    -0.674724     0.481544 
59336.627795 0.000000 0.000000    -0.660215     0.482434 
59336.665406 0.000000 0.000000    -0.645331     0.483290 
59336.703016 0.000000 0.000000    -0.630096     0.484111 
59336.740626 0.000000 0.000000    -0.614533     0.484897 
59336.778236 0.000000 0.000000    -0.598669     0.485647 
59336.815846 0.000000 0.000000    -0.582526     0.486360 
59336.853456 0.000000 0.000000    -0.566129     0.487036 
59336.891066 0.000000 0.000000    -0.549502     0.487674 
59336.928677 0.000000 0.000000    -0.532670     0.488276 
59336.966287 0.000000 0.000000    -0.515657     0.488842 
59337.003897 0.000000 0.000000    -0.498485     0.489371 
59337.041507 0.000000 0.000000    -0.481180     0.489866 
59337.079117 0.000000 0.000000    -0.463765     0.490325 
59337.116727 0.000000 0.000000    -0.446264     0.490752 
59337.154338 0.000000 0.000000    -0.428698     0.491147 
59337.191948 0.000000 0.000000    -0.411091     0.491511 
59337.229558 0.000000 0.000000    -0.393466     0.491847 
59337.267168 0.000000 0.000000    -0.375845     0.492155 
59337.304778 0.000000 0.000000    -0.358248     0.492439 
59337.342388 0.000000 0.000000    -0.340698     0.492701 
59337.379998 0.000000 0.000000    -0.323215     0.492942 
59337.417609 0.000000 0.000000    -0.305820     0.493165 
59337.455219 0.000000 0.000000    -0.288532     0.493373 
59337.492829 0.000000 0.000000    -0.271371     0.493569 
59337.530439 0.000000 0.000000    -0.254355     0.493756 
59337.568049 0.000000 0.000000    -0.237502     0.493936 
59337.605659 0.000000 0.000000    -0.220831     0.494113 
59337.643270 0.000000 0.000000    -0.204357     0.494290 
59337.680880 0.000000 0.000000    -0.188098     0.494469 
59337.718490 0.000000 0.000000    -0.172069     0.494655 
59337.756100 0.000000 0.000000    -0.156285     0.494851 
59337.793710 0.000000 0.000000    -0.140760     0.495059 
59337.831320 0.000000 0.000000    -0.125507     0.495283 
59337.868930 0.000000 0.000000    -0.110541     0.495527 
59337.906541 0.000000 0.000000    -0.095871     0.495792 
59337.944151 0.000000 0.000000    -0.081512     0.496083 
59337.981761 0.000000 0.000000    -0.067471     0.496402 
59338.019371 0.000000 0.000000    -0.053761     0.496752 
59338.056981 0.000000 0.000000    -0.040389     0.497135 
59338.094591 0.000000 0.000000    -0.027365     0.497555 
59338.132202 0.000000 0.000000    -0.014695     0.498012 
59338.169812 0.000000 0.000000    -0.002387     0.498509 
59338.207422 0.000000 0.000000     0.009554     0.499047 
59338.245032 0.000000 0.000000     0.021122     0.499629 
59338.282642 0.000000 0.000000     0.032312     0.500254 
59338.320252 0.000000 0.000000     0.043121     0.500925 
59338.357863 0.000000 0.000000     0.053546     0.501641 
59338.395473 0.000000 0.000000     0.063585     0.502403 
59338.433083 0.000000 0.000000     0.073237     0.503210 
59338.470693 0.000000 0.000000     0.082500     0.504063 
59338.508303 0.000000 0.000000     0.091374     0.504960 
59338.545913 0.000000 0.000000     0.099861     0.505901 
59338.583523 0.000000 0.000000     0.107962     0.506884 
59338.621134 0.000000 0.000000     0.115679     0.507907 
59338.658744 0.000000 0.000000     0.123015     0.508969 
59338.696354 0.000000 0.000000     0.129973     0.510067 
59338.733964 0.000000 0.000000     0.136558     0.511199 
59338.771574 0.000000 0.000000     0.142775     0.512362 
59338.809184 0.000000 0.000000     0.148629     0.513554 
59338.846795 0.000000 0.000000     0.154125     0.514770 
59338.884405 0.000000 0.000000     0.159272     0.516008 
59338.922015 0.000000 0.000000     0.164075     0.517264 
59338.959625 0.000000 0.000000     0.168543     0.518534 
59338.997235 0.000000 0.000000     0.172684     0.519816 
59339.034845 0.000000 0.000000     0.176507     0.521104 
59339.072455 0.000000 0.000000     0.180021     0.522396 
59339.110066 0.000000 0.000000     0.183235     0.523686 
59339.147676 0.000000 0.000000     0.186161     0.524971 
59339.185286 0.000000 0.000000     0.188807     0.526248 
59339.222896 0.000000 0.000000     0.191186     0.527511 
59339.260506 0.000000 0.000000     0.193308     0.528758 
59339.298116 0.000000 0.000000     0.195185     0.529983 
59339.335727 0.000000 0.000000     0.196828     0.531184 
59339.373337 0.000000 0.000000     0.198250     0.532355 
59339.410947 0.000000 0.000000     0.199464     0.533495 
59339.448557 0.000000 0.000000     0.200481     0.534598 
59339.486167 0.000000 0.000000     0.201314     0.535662 
59339.523777 0.000000 0.000000     0.201976     0.536684 
59339.561387 0.000000 0.000000     0.202480     0.537659 
59339.598998 0.000000 0.000000     0.202839     0.538585 
59339.636608 0.000000 0.000000     0.203066     0.539458 
59339.674218 0.000000 0.000000     0.203174     0.540278 
59339.711828 0.000000 0.000000     0.203177     0.541039 
59339.749438 0.000000 0.000000     0.203086     0.541741 
59339.787048 0.000000 0.000000     0.202916     0.542382 
59339.824659 0.000000 0.000000     0.202679     0.542958 
59339.862269 0.000000 0.000000     0.202389     0.543469 
59339.899879 0.000000 0.000000     0.202056     0.543913 
59339.937489 0.000000 0.000000     0.201695     0.544288 
59339.975099 0.000000 0.000000     0.201317     0.544594 
59340.012709 0.000000 0.000000     0.200935     0.544830 
59340.050320 0.000000 0.000000     0.200560     0.544994 
59340.087930 0.000000 0.000000     0.200204     0.545088 
59340.125540 0.000000 0.000000     0.199878     0.545110 
59340.163150 0.000000 0.000000     0.199592     0.545061 
59340.200760 0.000000 0.000000     0.199359     0.544941 
59340.238370 0.000000 0.000000     0.199187     0.544751 
59340.275980 0.000000 0.000000     0.199086     0.544492 
59340.313591 0.000000 0.000000     0.199066     0.544166 
59340.351201 0.000000 0.000000     0.199137     0.543774 
59340.388811 0.000000 0.000000     0.199305     0.543317 
59340.426421 0.000000 0.000000     0.199581     0.542799 
59340.464031 0.000000 0.000000     0.199970     0.542221 
59340.501641 0.000000 0.000000     0.200480     0.541587 
59340.539252 0.000000 0.000000     0.201118     0.540899 
59340.576862 0.000000 0.000000     0.201890     0.540161 
59340.614472 0.000000 0.000000     0.202801     0.539378 
59340.652082 0.000000 0.000000     0.203856     0.538552 
59340.689692 0.000000 0.000000     0.205060     0.537690 
59340.727302 0.000000 0.000000     0.206416     0.536794 
59340.764912 0.000000 0.000000     0.207927     0.535871 
59340.802523 0.000000 0.000000     0.209597     0.534926 
59340.840133 0.000000 0.000000     0.211427     0.533965 
59340.877743 0.000000 0.000000     0.213419     0.532994 
59340.915353 0.000000 0.000000     0.215573     0.532019 
59340.952963 0.000000 0.000000     0.217890     0.531047 
59340.990573 0.000000 0.000000     0.220370     0.530085 
59341.028184 0.000000 0.000000     0.223011     0.529139 
59341.065794 0.000000 0.000000     0.225812     0.528218 
59341.103404 0.000000 0.000000     0.228771     0.527328 
59341.141014 0.000000 0.000000     0.231884     0.526477 
59341.178624 0.000000 0.000000     0.235150     0.525672 
59341.216234 0.000000 0.000000     0.238563     0.524921 
59341.253844 0.000000 0.000000     0.242119     0.524232 
59341.291455 0.000000 0.000000     0.245814     0.523612 
59341.329065 0.000000 0.000000     0.249640     0.523068 
59341.366675 0.000000 0.000000     0.253593     0.522607 
59341.404285 0.000000 0.000000     0.257666     0.522235 
59341.441895 0.000000 0.000000     0.261851     0.521960 
59341.479505 0.000000 0.000000     0.266140     0.521787 
59341.517116 0.000000 0.000000     0.270525     0.521721 
59341.554726 0.000000 0.000000     0.274997     0.521767 
59341.592336 0.000000 0.000000     0.279548     0.521930 
59341.629946 0.000000 0.000000     0.284167     0.522212 
59341.667556 0.000000 0.000000     0.288845     0.522617 
59341.705166 0.000000 0.000000     0.293571     0.523146 
59341.742777 0.000000 0.000000     0.298333     0.523801 
59341.780387 0.000000 0.000000     0.303121     0.524582 
59341.817997 0.000000 0.000000     0.307923     0.525489 
59341.855607 0.000000 0.000000     0.312727     0.526521 
59341.893217 0.000000 0.000000     0.317521     0.527675 
59341.930827 0.000000 0.000000     0.322293     0.528950 
59341.968437 0.000000 0.000000     0.327029     0.530341 
59342.006048 0.000000 0.000000     0.331716     0.531845 
59342.043658 0.000000 0.000000     0.336342     0.533457 
59342.081268 0.000000 0.000000     0.340893     0.535171 
59342.118878 0.000000 0.000000     0.345356     0.536982 
59342.156488 0.000000 0.000000     0.349716     0.538883 
59342.194098 0.000000 0.000000     0.353961     0.540867 
59342.231709 0.000000 0.000000     0.358075     0.542929 
59342.269319 0.000000 0.000000     0.362047     0.545059 
59342.306929 0.000000 0.000000     0.365861     0.547251 
59342.344539 0.000000 0.000000     0.369503     0.549497 
59342.382149 0.000000 0.000000     0.372961     0.551788 
59342.419759 0.000000 0.000000     0.376220     0.554119 
59342.457369 0.000000 0.000000     0.379266     0.556479 
59342.494980 0.000000 0.000000     0.382087     0.558863 
59342.532590 0.000000 0.000000     0.384669     0.561261 
59342.570200 0.000000 0.000000     0.386999     0.563666 
59342.607810 0.000000 0.000000     0.389063     0.566072 
59342.645420 0.000000 0.000000     0.390849     0.568469 
59342.683030 0.000000 0.000000     0.392346     0.570853 
59342.720641 0.000000 0.000000     0.393540     0.573215 
59342.758251 0.000000 0.000000     0.394419     0.575549 
59342.795861 0.000000 0.000000     0.394973     0.577849 
59342.833471 0.000000 0.000000     0.395191     0.580108 
59342.871081 0.000000 0.000000     0.395061     0.582322 
59342.908691 0.000000 0.000000     0.394574     0.584483 
59342.946301 0.000000 0.000000     0.393719     0.586587 
59342.983912 0.000000 0.000000     0.392488     0.588628 
59343.021522 0.000000 0.000000     0.390870     0.590602 
59343.059132 0.000000 0.000000     0.388860     0.592505 
59343.096742 0.000000 0.000000     0.386447     0.594332 
59343.134352 0.000000 0.000000     0.383625     0.596079 
59343.171962 0.000000 0.000000     0.380388     0.597742 
59343.209573 0.000000 0.000000     0.376729     0.599318 
59343.247183 0.000000 0.000000     0.372643     0.600804 
59343.284793 0.000000 0.000000     0.368125     0.602196 
59343.322403 0.000000 0.000000     0.363171     0.603492 
59343.360013 0.000000 0.000000     0.357777     0.604689 
59343.397623 0.000000 0.000000     0.351940     0.605785 
59343.435234 0.000000 0.000000     0.345658     0.606778 
59343.472844 0.000000 0.000000     0.338930     0.607667 
59343.510454 0.000000 0.000000     0.331754     0.608448 
59343.548064 0.000000 0.000000     0.324131     0.609121 
59343.585674 0.000000 0.000000     0.316061     0.609685 
59343.623284 0.000000 0.000000     0.307545     0.610139 
59343.660894 0.000000 0.000000     0.298586     0.610481 
59343.698505 0.000000 0.000000     0.289186     0.610712 
59343.736115 0.000000 0.000000     0.279348     0.610830 
59343.773725 0.000000 0.000000     0.269077     0.610836 
59343.811335 0.000000 0.000000     0.258378     0.610730 
59343.848945 0.000000 0.000000     0.247257     0.610511 
59343.886555 0.000000 0.000000     0.235719     0.610179 
59343.924166 0.000000 0.000000     0.223772     0.609737 
59343.961776 0.000000 0.000000     0.211423     0.609183 
59343.999386 0.000000 0.000000     0.198682     0.608519 
59344.036996 0.000000 0.000000     0.185557     0.607747 
59344.074606 0.000000 0.000000     0.172058     0.606866 
59344.112216 0.000000 0.000000     0.158197     0.605879 
59344.149826 0.000000 0.000000     0.143983     0.604788 
59344.187437 0.000000 0.000000     0.129430     0.603593 
59344.225047 0.000000 0.000000     0.114549     0.602298 
59344.262657 0.000000 0.000000     0.099355     0.600904 
59344.300267 0.000000 0.000000     0.083860     0.599413 
59344.337877 0.000000 0.000000     0.068079     0.597828 
59344.375487 0.000000 0.000000     0.052027     0.596153 
59344.413098 0.000000 0.000000     0.035720     0.594389 
59344.450708 0.000000 0.000000     0.019173     0.592540 
59344.488318 0.000000 0.000000     0.002404     0.590609 
59344.525928 0.000000 0.000000    -0.014570     0.588600 
59344.563538 0.000000 0.000000    -0.031733     0.586516 
59344.601148 0.000000 0.000000    -0.049065     0.584361 
59344.638758 0.000000 0.000000    -0.066549     0.582140 
59344.676369 0.000000 0.000000    -0.084166     0.579857 
59344.713979 0.000000 0.000000    -0.101896     0.577516 
59344.751589 0.000000 0.000000    -0.119720     0.575122 
59344.789199 0.000000 0.000000    -0.137618     0.572679 
59344.826809 0.000000 0.000000    -0.155569     0.570193 
59344.864419 0.000000 0.000000    -0.173555     0.567670 
59344.902030 0.000000 0.000000    -0.191553     0.565113 
59344.939640 0.000000 0.000000    -0.209543     0.562530 
59344.977250 0.000000 0.000000    -0.227504     0.559925 
59345.014860 0.000000 0.000000    -0.245415     0.557304 
59345.052470 0.000000 0.000000    -0.263254     0.554674 
59345.090080 0.000000 0.000000    -0.281001     0.552041 
59345.127691 0.000000 0.000000    -0.298634     0.549410 
59345.165301 0.000000 0.000000    -0.316132     0.546789 
59345.202911 0.000000 0.000000    -0.333473     0.544182 
59345.240521 0.000000 0.000000    -0.350636     0.541597 
59345.278131 0.000000 0.000000    -0.367600     0.539040 
59345.315741 0.000000 0.000000    -0.384344     0.536517 
59345.353351 0.000000 0.000000    -0.400847     0.534035 
59345.390962 0.000000 0.000000    -0.417088     0.531598 
59345.428572 0.000000 0.000000    -0.433048     0.529214 
59345.466182 0.000000 0.000000    -0.448705     0.526888 
59345.503792 0.000000 0.000000    -0.464040     0.524625 
59345.541402 0.000000 0.000000    -0.479034     0.522431 
59345.579012 0.000000 0.000000    -0.493666     0.520311 
59345.616623 0.000000 0.000000    -0.507919     0.518270 
59345.654233 0.000000 0.000000    -0.521774     0.516310 
59345.691843 0.000000 0.000000    -0.535212     0.514437 
59345.729453 0.000000 0.000000    -0.548218     0.512654 
59345.767063 0.000000 0.000000    -0.560772     0.510963 
59345.804673 0.000000 0.000000    -0.572860     0.509367 
59345.842283 0.000000 0.000000    -0.584464     0.507868 
59345.879894 0.000000 0.000000    -0.595571     0.506467 
59345.917504 0.000000 0.000000    -0.606164     0.505164 
59345.955114 0.000000 0.000000    -0.616231     0.503960 
59345.992724 0.000000 0.000000    -0.625758     0.502855 
59346.030334 0.000000 0.000000    -0.634731     0.501848 
59346.067944 0.000000 0.000000    -0.643140     0.500936 
59346.105555 0.000000 0.000000    -0.650972     0.500118 
59346.143165 0.000000 0.000000    -0.658218     0.499393 
59346.180775 0.000000 0.000000    -0.664868     0.498756 
59346.218385 0.000000 0.000000    -0.670912     0.498204 
59346.255995 0.000000 0.000000    -0.676343     0.497734 
59346.293605 0.000000 0.000000    -0.681153     0.497342 
59346.331215 0.000000 0.000000    -0.685336     0.497024 
59346.368826 0.000000 0.000000    -0.688886     0.496774 
59346.406436 0.000000 0.000000    -0.691798     0.496588 
59346.444046 0.000000 0.000000    -0.694069     0.496462 
59346.481656 0.000000 0.000000    -0.695696     0.496390 
59346.519266 0.000000 0.000000    -0.696676     0.496367 
59346.556876 0.000000 0.000000    -0.697009     0.496388 
59346.594487 0.000000 0.000000    -0.696693     0.496448 
59346.632097 0.000000 0.000000    -0.695730     0.496542 
59346.669707 0.000000 0.000000    -0.694121     0.496665 
59346.707317 0.000000 0.000000    -0.691869     0.496812 
59346.744927 0.000000 0.000000    -0.688976     0.496978 
59346.782537 0.000000 0.000000    -0.685448     0.497160 
59346.820148 0.000000 0.000000    -0.681289     0.497352 
59346.857758 0.000000 0.000000    -0.676505     0.497552 
59346.895368 0.000000 0.000000    -0.671103     0.497754 
59346.932978 0.000000 0.000000    -0.665091     0.497955 
59346.970588 0.000000 0.000000    -0.658478     0.498152 
59347.008198 0.000000 0.000000    -0.651274     0.498342 
59347.045808 0.000000 0.000000    -0.643488     0.498522 
59347.083419 0.000000 0.000000    -0.635132     0.498690 
59347.121029 0.000000 0.000000    -0.626218     0.498842 
59347.158639 0.000000 0.000000    -0.616760     0.498978 
59347.196249 0.000000 0.000000    -0.606770     0.499095 
59347.233859 0.000000 0.000000    -0.596264     0.499193 
59347.271469 0.000000 0.000000    -0.585256     0.499269 
59347.309080 0.000000 0.000000    -0.573763     0.499322 
59347.346690 0.000000 0.000000    -0.561801     0.499353 
59347.384300 0.000000 0.000000    -0.549388     0.499361 
59347.421910 0.000000 0.000000    -0.536542     0.499345 
59347.459520 0.000000 0.000000    -0.523282     0.499305 
59347.497130 0.000000 0.000000    -0.509626     0.499242 
59347.534740 0.000000 0.000000    -0.495595     0.499157 
59347.572351 0.000000 0.000000    -0.481210     0.499049 
59347.609961 0.000000 0.000000    -0.466491     0.498919 
59347.647571 0.000000 0.000000    -0.451460     0.498769 
59347.685181 0.000000 0.000000    -0.436139     0.498600 
59347.722791 0.000000 0.000000    -0.420551     0.498413 
59347.760401 0.000000 0.000000    -0.404717     0.498209 
59347.798012 0.000000 0.000000    -0.388663     0.497990 
59347.835622 0.000000 0.000000    -0.372410     0.497757 
59347.873232 0.000000 0.000000    -0.355984     0.497513 
59347.910842 0.000000 0.000000    -0.339408     0.497259 
59347.948452 0.000000 0.000000    -0.322706     0.496997 
59347.986062 0.000000 0.000000    -0.305903     0.496729 
59348.023672 0.000000 0.000000    -0.289025     0.496456 
59348.061283 0.000000 0.000000    -0.272095     0.496182 
59348.098893 0.000000 0.000000    -0.255139     0.495907 
59348.136503 0.000000 0.000000    -0.238181     0.495634 
59348.174113 0.000000 0.000000    -0.221247     0.495364 
59348.211723 0.000000 0.000000    -0.204362     0.495100 
59348.249333 0.000000 0.000000    -0.187551     0.494843 
59348.286944 0.000000 0.000000    -0.170838     0.494595 
59348.324554 0.000000 0.000000    -0.154248     0.494357 
59348.362164 0.000000 0.000000    -0.137805     0.494132 
59348.399774 0.000000 0.000000    -0.121535     0.493920 
59348.437384 0.000000 0.000000    -0.105460     0.493723 
59348.474994 0.000000 0.000000    -0.089604     0.493542 
59348.512605 0.000000 0.000000    -0.073992     0.493378 
59348.550215 0.000000 0.000000    -0.058645     0.493232 
59348.587825 0.000000 0.000000    -0.043587     0.493105 
59348.625435 0.000000 0.000000    -0.028839     0.492997 
59348.663045 0.000000 0.000000    -0.014424     0.492909 
59348.700655 0.000000 0.000000    -0.000362     0.492840 
59348.738265 0.000000 0.000000     0.013326     0.492792 
59348.775876 0.000000 0.000000     0.026619     0.492764 
59348.813486 0.000000 0.000000     0.039499     0.492755 
59348.851096 0.000000 0.000000     0.051946     0.492766 
59348.888706 0.000000 0.000000     0.063943     0.492795 
59348.926316 0.000000 0.000000     0.075472     0.492843 
59348.963926 0.000000 0.000000     0.086517     0.492908 
59349.001537 0.000000 0.000000     0.097060     0.492989 
59349.039147 0.000000 0.000000     0.107088     0.493086 
59349.076757 0.000000 0.000000     0.116586     0.493197 
59349.114367 0.000000 0.000000     0.125541     0.493321 
59349.151977 0.000000 0.000000     0.133939     0.493456 
59349.189587 0.000000 0.000000     0.141769     0.493602 
59349.227197 0.000000 0.000000     0.149020     0.493756 
59349.264808 0.000000 0.000000     0.155682     0.493917 
59349.302418 0.000000 0.000000     0.161746     0.494084 
59349.340028 0.000000 0.000000     0.167204     0.494254 
59349.377638 0.000000 0.000000     0.172050     0.494427 
59349.415248 0.000000 0.000000     0.176276     0.494601 
59349.452858 0.000000 0.000000     0.179878     0.494773 
59349.490469 0.000000 0.000000     0.182851     0.494943 
59349.528079 0.000000 0.000000     0.185193     0.495110 
59349.565689 0.000000 0.000000     0.186902     0.495270 
59349.603299 0.000000 0.000000     0.187976     0.495424 
59349.640909 0.000000 0.000000     0.188415     0.495569 
59349.678519 0.000000 0.000000     0.188220     0.495704 
59349.716129 0.000000 0.000000     0.187394     0.495828 
59349.753740 0.000000 0.000000     0.185940     0.495941 
59349.791350 0.000000 0.000000     0.183861     0.496040 
59349.828960 0.000000 0.000000     0.181164     0.496124 
59349.866570 0.000000 0.000000     0.177853     0.496194 
59349.904180 0.000000 0.000000     0.173936     0.496249 
59349.941790 0.000000 0.000000     0.169422     0.496286 
59349.979401 0.000000 0.000000     0.164320     0.496307 
59350.017011 0.000000 0.000000     0.158640     0.496311 
59350.054621 0.000000 0.000000     0.152393     0.496297 
59350.092231 0.000000 0.000000     0.145591     0.496266 
59350.129841 0.000000 0.000000     0.138248     0.496217 
59350.167451 0.000000 0.000000     0.130377     0.496150 
59350.205062 0.000000 0.000000     0.121994     0.496066 
59350.242672 0.000000 0.000000     0.113114     0.495965 
59350.280282 0.000000 0.000000     0.103754     0.495847 
59350.317892 0.000000 0.000000     0.093932     0.495713 
59350.355502 0.000000 0.000000     0.083666     0.495564 
59350.393112 0.000000 0.000000     0.072976     0.495400 
59350.430722 0.000000 0.000000     0.061881     0.495223 
59350.468333 0.000000 0.000000     0.050402     0.495034 
59350.505943 0.000000 0.000000     0.038561     0.494832 
59350.543553 0.000000 0.000000     0.026379     0.494621 
59350.581163 0.000000 0.000000     0.013880     0.494400 
59350.618773 0.000000 0.000000     0.001087     0.494172 
59350.656383 0.000000 0.000000    -0.011976     0.493937 
59350.693994 0.000000 0.000000    -0.025285     0.493698 
59350.731604 0.000000 0.000000    -0.038813     0.493455 
59350.769214 0.000000 0.000000    -0.052537     0.493210 
59350.806824 0.000000 0.000000    -0.066429     0.492966 
59350.844434 0.000000 0.000000    -0.080464     0.492722 
59350.882044 0.000000 0.000000    -0.094614     0.492482 
59350.919654 0.000000 0.000000    -0.108852     0.492246 
59350.957265 0.000000 0.000000    -0.123152     0.492016 
59350.994875 0.000000 0.000000    -0.137484     0.491794 
59351.032485 0.000000 0.000000    -0.151823     0.491581 
59351.070095 0.000000 0.000000    -0.166138     0.491379 
59351.107705 0.000000 0.000000    -0.180403     0.491189 
59351.145315 0.000000 0.000000    -0.194589     0.491013 
59351.182926 0.000000 0.000000    -0.208668     0.490852 
59351.220536 0.000000 0.000000    -0.222611     0.490706 
59351.258146 0.000000 0.000000    -0.236391     0.490578 
59351.295756 0.000000 0.000000    -0.249978     0.490469 
59351.333366 0.000000 0.000000    -0.263346     0.490378 
59351.370976 0.000000 0.000000    -0.276466     0.490307 
59351.408586 0.000000 0.000000    -0.289311     0.490257 
59351.446197 0.000000 0.000000    -0.301853     0.490229 
59351.483807 0.000000 0.000000    -0.314065     0.490222 
59351.521417 0.000000 0.000000    -0.325921     0.490236 
59351.559027 0.000000 0.000000    -0.337395     0.490273 
59351.596637 0.000000 0.000000    -0.348459     0.490333 
59351.634247 0.000000 0.000000    -0.359090     0.490414 
59351.671858 0.000000 0.000000    -0.369262     0.490517 
59351.709468 0.000000 0.000000    -0.378950     0.490641 
59351.747078 0.000000 0.000000    -0.388132     0.490787 
59351.784688 0.000000 0.000000    -0.396783     0.490953 
59351.822298 0.000000 0.000000    -0.404882     0.491138 
59351.859908 0.000000 0.000000    -0.412406     0.491342 
59351.897519 0.000000 0.000000    -0.419334     0.491563 
59351.935129 0.000000 0.000000    -0.425647     0.491801 
59351.972739 0.000000 0.000000    -0.431324     0.492054 
59352.010349 0.000000 0.000000    -0.436347     0.492322 
59352.047959 0.000000 0.000000    -0.440699     0.492602 
59352.085569 0.000000 0.000000    -0.444361     0.492893 
59352.123179 0.000000 0.000000    -0.447319     0.493194 
59352.160790 0.000000 0.000000    -0.449557     0.493503 
59352.198400 0.000000 0.000000    -0.451061     0.493819 
59352.236010 0.000000 0.000000    -0.451819     0.494139 
59352.273620 0.000000 0.000000    -0.451817     0.494463 
59352.311230 0.000000 0.000000    -0.451046     0.494788 
59352.348840 0.000000 0.000000    -0.449494     0.495113 
59352.386451 0.000000 0.000000    -0.447154     0.495436 
59352.424061 0.000000 0.000000    -0.444017     0.495756 
59352.461671 0.000000 0.000000    -0.440077     0.496070 
59352.499281 0.000000 0.000000    -0.435329     0.496377 
59352.536891 0.000000 0.000000    -0.429767     0.496675 
59352.574501 0.000000 0.000000    -0.423390     0.496963 
59352.612111 0.000000 0.000000    -0.416194     0.497239 
59352.649722 0.000000 0.000000    -0.408179     0.497502 
59352.687332 0.000000 0.000000    -0.399345     0.497751 
59352.724942 0.000000 0.000000    -0.389694     0.497982 
59352.762552 0.000000 0.000000    -0.379229     0.498197 
59352.800162 0.000000 0.000000    -0.367952     0.498392 
59352.837772 0.000000 0.000000    -0.355870     0.498568 
59352.875383 0.000000 0.000000    -0.342989     0.498723 
59352.912993 0.000000 0.000000    -0.329316     0.498855 
59352.950603 0.000000 0.000000    -0.314859     0.498964 
59352.988213 0.000000 0.000000    -0.299628     0.499049 
59353.025823 0.000000 0.000000    -0.283635     0.499109 
59353.063433 0.000000 0.000000    -0.266891     0.499144 
59353.101043 0.000000 0.000000    -0.249410     0.499153 
59353.138654 0.000000 0.000000    -0.231205     0.499135 
59353.176264 0.000000 0.000000    -0.212293     0.499089 
59353.213874 0.000000 0.000000    -0.192689     0.499017 
59353.251484 0.000000 0.000000    -0.172412     0.498916 
59353.289094 0.000000 0.000000    -0.151479     0.498788 
59353.326704 0.000000 0.000000    -0.129911     0.498631 
59353.364315 0.000000 0.000000    -0.107728     0.498446 
59353.401925 0.000000 0.000000    -0.084952     0.498233 
59353.439535 0.000000 0.000000    -0.061606     0.497992 
59353.477145 0.000000 0.000000    -0.037712     0.497724 
59353.514755 0.000000 0.000000    -0.013295     0.497428 
59353.552365 0.000000 0.000000     0.011619     0.497105 
59353.589976 0.000000 0.000000     0.037005     0.496755 
59353.627586 0.000000 0.000000     0.062836     0.496379 
59353.665196 0.000000 0.000000     0.089083     0.495978 
59353.702806 0.000000 0.000000     0.115720     0.495552 
59353.740416 0.000000 0.000000     0.142716     0.495101 
59353.778026 0.000000 0.000000     0.170042     0.494627 
59353.815636 0.000000 0.000000     0.197668     0.494131 
59353.853247 0.000000 0.000000     0.225563     0.493613 
59353.890857 0.000000 0.000000     0.253696     0.493074 
59353.928467 0.000000 0.000000     0.282034     0.492515 
59353.966077 0.000000 0.000000     0.310546     0.491937 
59354.003687 0.000000 0.000000     0.339198     0.491341 
59354.041297 0.000000 0.000000     0.367958     0.490729 
59354.078908 0.000000 0.000000     0.396792     0.490101 
59354.116518 0.000000 0.000000     0.425667     0.489459 
59354.154128 0.000000 0.000000     0.454548     0.488803 
59354.191738 0.000000 0.000000     0.483401     0.488136 
59354.229348 0.000000 0.000000     0.512193     0.487457 
59354.266958 0.000000 0.000000     0.540889     0.486769 
59354.304568 0.000000 0.000000     0.569454     0.486072 
59354.342179 0.000000 0.000000     0.597855     0.485368 
59354.379789 0.000000 0.000000     0.626056     0.484658 
59354.417399 0.000000 0.000000     0.654024     0.483943 
59354.455009 0.000000 0.000000     0.681725     0.483225 
59354.492619 0.000000 0.000000     0.709124     0.482504 
59354.530229 0.000000 0.000000     0.736188     0.481783 
59354.567840 0.000000 0.000000     0.762884     0.481061 
59354.605450 0.000000 0.000000     0.789179     0.480341 
59354.643060 0.000000 0.000000     0.815039     0.479623 
59354.680670 0.000000 0.000000     0.840434     0.478908 
59354.718280 0.000000 0.000000     0.865329     0.478199 
59354.755890 0.000000 0.000000     0.889696     0.477495 
59354.793500 0.000000 0.000000     0.913502     0.476797 
59354.831111 0.000000 0.000000     0.936717     0.476108 
59354.868721 0.000000 0.000000     0.959312     0.475427 
59354.906331 0.000000 0.000000     0.981258     0.474755 
59354.943941 0.000000 0.000000     1.002527     0.474094 
59354.981551 0.000000 0.000000     1.023092     0.473445 
59355.019161 0.000000 0.000000     1.042924     0.472807 
59355.056772 0.000000 0.000000     1.062000     0.472182 
59355.094382 0.000000 0.000000     1.080293     0.471571 
59355.131992 0.000000 0.000000     1.097780     0.470974 
59355.169602 0.000000 0.000000     1.114437     0.470391 
59355.207212 0.000000 0.000000     1.130243     0.469824 
59355.244822 0.000000 0.000000     1.145175     0.469272 
59355.282433 0.000000 0.000000     1.159214     0.468737 
59355.320043 0.000000 0.000000     1.172340     0.468218 
59355.357653 0.000000 0.000000     1.184535     0.467715 
59355.395263 0.000000 0.000000     1.195783     0.467230 
59355.432873 0.000000 0.000000     1.206067     0.466762 
59355.470483 0.000000 0.000000     1.215372     0.466311 
59355.508093 0.000000 0.000000     1.223684     0.465877 
59355.545704 0.000000 0.000000     1.230992     0.465461 
59355.583314 0.000000 0.000000     1.237284     0.465062 
59355.620924 0.000000 0.000000     1.242549     0.464681 
59355.658534 0.000000 0.000000     1.246780     0.464316 
59355.696144 0.000000 0.000000     1.249967     0.463969 
59355.733754 0.000000 0.000000     1.252106     0.463638 
59355.771365 0.000000 0.000000     1.253190     0.463324 
59355.808975 0.000000 0.000000     1.253215     0.463026 
59355.846585 0.000000 0.000000     1.252180     0.462743 
59355.884195 0.000000 0.000000     1.250083     0.462476 
59355.921805 0.000000 0.000000     1.246923     0.462223 
59355.959415 0.000000 0.000000     1.242702     0.461985 
59355.997025 0.000000 0.000000     1.237423     0.461760 
59356.034636 0.000000 0.000000     1.231088     0.461549 
59356.072246 0.000000 0.000000     1.223703     0.461349 
59356.109856 0.000000 0.000000     1.215275     0.461162 
59356.147466 0.000000 0.000000     1.205810     0.460985 
59356.185076 0.000000 0.000000     1.195317     0.460818 
59356.222686 0.000000 0.000000     1.183806     0.460661 
59356.260297 0.000000 0.000000     1.171288     0.460513 
59356.297907 0.000000 0.000000     1.157776     0.460372 
59356.335517 0.000000 0.000000     1.143284     0.460238 
59356.373127 0.000000 0.000000     1.127824     0.460110 
59356.410737 0.000000 0.000000     1.111414     0.459987 
59356.448347 0.000000 0.000000     1.094071     0.459869 
59356.485957 0.000000 0.000000     1.075811     0.459753 
59356.523568 0.000000 0.000000     1.056655     0.459640 
59356.561178 0.000000 0.000000     1.036623     0.459528 
59356.598788 0.000000 0.000000     1.015735     0.459417 
59356.636398 0.000000 0.000000     0.994013     0.459305 
59356.674008 0.000000 0.000000     0.971481     0.459191 
59356.711618 0.000000 0.000000     0.948163     0.459075 
59356.749229 0.000000 0.000000     0.924083     0.458955 
59356.786839 0.000000 0.000000     0.899267     0.458831 
59356.824449 0.000000 0.000000     0.873742     0.458702 
59356.862059 0.000000 0.000000     0.847535     0.458567 
59356.899669 0.000000 0.000000     0.820675     0.458425 
59356.937279 0.000000 0.000000     0.793189     0.458276 
59356.974890 0.000000 0.000000     0.765107     0.458117 
59357.012500 0.000000 0.000000     0.736460     0.457950 
59357.050110 0.000000 0.000000     0.707279     0.457772 
59357.087720 0.000000 0.000000     0.677594     0.457584 
59357.125330 0.000000 0.000000     0.647437     0.457385 
59357.162940 0.000000 0.000000     0.616840     0.457174 
59357.200550 0.000000 0.000000     0.585837     0.456952 
59357.238161 0.000000 0.000000     0.554460     0.456716 
59357.275771 0.000000 0.000000     0.522743     0.456468 
59357.313381 0.000000 0.000000     0.490719     0.456206 
59357.350991 0.000000 0.000000     0.458423     0.455932 
59357.388601 0.000000 0.000000     0.425888     0.455644 
59357.426211 0.000000 0.000000     0.393149     0.455342 
59357.463822 0.000000 0.000000     0.360241     0.455027 
59357.501432 0.000000 0.000000     0.327197     0.454700 
59357.539042 0.000000 0.000000     0.294053     0.454359 
59357.576652 0.000000 0.000000     0.260843     0.454006 
59357.614262 0.000000 0.000000     0.227602     0.453641 
59357.651872 0.000000 0.000000     0.194363     0.453265 
59357.689482 0.000000 0.000000     0.161162     0.452878 
59357.727093 0.000000 0.000000     0.128032     0.452481 
59357.764703 0.000000 0.000000     0.095007     0.452076 
59357.802313 0.000000 0.000000     0.062121     0.451663 
59357.839923 0.000000 0.000000     0.029406     0.451243 
59357.877533 0.000000 0.000000    -0.003104     0.450818 
59357.915143 0.000000 0.000000    -0.035376     0.450389 
59357.952754 0.000000 0.000000    -0.067379     0.449957 
59357.990364 0.000000 0.000000    -0.099081     0.449525 
59358.027974 0.000000 0.000000    -0.130452     0.449093 
59358.065584 0.000000 0.000000    -0.161460     0.448664 
59358.103194 0.000000 0.000000    -0.192075     0.448240 
59358.140804 0.000000 0.000000    -0.222269     0.447823 
59358.178414 0.000000 0.000000    -0.252013     0.447414 
59358.216025 0.000000 0.000000    -0.281279     0.447016 
59358.253635 0.000000 0.000000    -0.310040     0.446632 
59358.291245 0.000000 0.000000    -0.338270     0.446263 
59358.328855 0.000000 0.000000    -0.365942     0.445912 
59358.366465 0.000000 0.000000    -0.393032     0.445581 
59358.404075 0.000000 0.000000    -0.419516     0.445273 
59358.441686 0.000000 0.000000    -0.445371     0.444990 
59358.479296 0.000000 0.000000    -0.470575     0.444734 
59358.516906 0.000000 0.000000    -0.495106     0.444508 
59358.554516 0.000000 0.000000    -0.518945     0.444315 
59358.592126 0.000000 0.000000    -0.542072     0.444156 
59358.629736 0.000000 0.000000    -0.564469     0.444034 
59358.667347 0.000000 0.000000    -0.586118     0.443951 
59358.704957 0.000000 0.000000    -0.607004     0.443908 
59358.742567 0.000000 0.000000    -0.627110     0.443909 
59358.780177 0.000000 0.000000    -0.646422     0.443954 
59358.817787 0.000000 0.000000    -0.664929     0.444045 
59358.855397 0.000000 0.000000    -0.682617     0.444184 
59358.893007 0.000000 0.000000    -0.699475     0.444371 
59358.930618 0.000000 0.000000    -0.715494     0.444609 
59358.968228 0.000000 0.000000    -0.730665     0.444897 
59359.005838 0.000000 0.000000    -0.744980     0.445236 
59359.043448 0.000000 0.000000    -0.758432     0.445627 
59359.081058 0.000000 0.000000    -0.771017     0.446070 
59359.118668 0.000000 0.000000    -0.782730     0.446564 
59359.156279 0.000000 0.000000    -0.793567     0.447110 
59359.193889 0.000000 0.000000    -0.803526     0.447706 
59359.231499 0.000000 0.000000    -0.812607     0.448351 
59359.269109 0.000000 0.000000    -0.820809     0.449046 
59359.306719 0.000000 0.000000    -0.828133     0.449787 
59359.344329 0.000000 0.000000    -0.834582     0.450574 
59359.381939 0.000000 0.000000    -0.840159     0.451406 
59359.419550 0.000000 0.000000    -0.844868     0.452279 
59359.457160 0.000000 0.000000    -0.848714     0.453192 
59359.494770 0.000000 0.000000    -0.851704     0.454142 
59359.532380 0.000000 0.000000    -0.853845     0.455127 
59359.569990 0.000000 0.000000    -0.855146     0.456145 
59359.607600 0.000000 0.000000    -0.855614     0.457192 
59359.645211 0.000000 0.000000    -0.855262     0.458265 
59359.682821 0.000000 0.000000    -0.854099     0.459362 
59359.720431 0.000000 0.000000    -0.852139     0.460480 
59359.758041 0.000000 0.000000    -0.849393     0.461615 
59359.795651 0.000000 0.000000    -0.845875     0.462764 
59359.833261 0.000000 0.000000    -0.841601     0.463924 
59359.870871 0.000000 0.000000    -0.836585     0.465092 
59359.908482 0.000000 0.000000    -0.830843     0.466266 
59359.946092 0.000000 0.000000    -0.824393     0.467440 
59359.983702 0.000000 0.000000    -0.817251     0.468614 
59360.021312 0.000000 0.000000    -0.809437     0.469782 
59360.058922 0.000000 0.000000    -0.800968     0.470944 
59360.096532 0.000000 0.000000    -0.791865     0.472095 
59360.134143 0.000000 0.000000    -0.782146     0.473233 
59360.171753 0.000000 0.000000    -0.771834     0.474356 
59360.209363 0.000000 0.000000    -0.760948     0.475461 
59360.246973 0.000000 0.000000    -0.749511     0.476544 
59360.284583 0.000000 0.000000    -0.737545     0.477605 
59360.322193 0.000000 0.000000    -0.725071     0.478641 
59360.359804 0.000000 0.000000    -0.712112     0.479650 
59360.397414 0.000000 0.000000    -0.698692     0.480630 
59360.435024 0.000000 0.000000    -0.684833     0.481580 
59360.472634 0.000000 0.000000    -0.670561     0.482498 
59360.510244 0.000000 0.000000    -0.655897     0.483383 
59360.547854 0.000000 0.000000    -0.640866     0.484233 
59360.585464 0.000000 0.000000    -0.625493     0.485048 
59360.623075 0.000000 0.000000    -0.609801     0.485828 
59360.660685 0.000000 0.000000    -0.593815     0.486570 
59360.698295 0.000000 0.000000    -0.577559     0.487276 
59360.735905 0.000000 0.000000    -0.561057     0.487944 
59360.773515 0.000000 0.000000    -0.544334     0.488576 
59360.811125 0.000000 0.000000    -0.527414     0.489170 
59360.848736 0.000000 0.000000    -0.510320     0.489728 
59360.886346 0.000000 0.000000    -0.493078     0.490250 
59360.923956 0.000000 0.000000    -0.475710     0.490737 
59360.961566 0.000000 0.000000    -0.458240     0.491190 
59360.999176 0.000000 0.000000    -0.440691     0.491611 
59361.036786 0.000000 0.000000    -0.423087     0.491999 
59361.074396 0.000000 0.000000    -0.405449     0.492358 
59361.112007 0.000000 0.000000    -0.387801     0.492689 
59361.149617 0.000000 0.000000    -0.370164     0.492993 
59361.187227 0.000000 0.000000    -0.352560     0.493273 
59361.224837 0.000000 0.000000    -0.335010     0.493531 
59361.262447 0.000000 0.000000    -0.317534     0.493770 
59361.300057 0.000000 0.000000    -0.300154     0.493991 
59361.337668 0.000000 0.000000    -0.282887     0.494199 
59361.375278 0.000000 0.000000    -0.265754     0.494395 
59361.412888 0.000000 0.000000    -0.248773     0.494582 
59361.450498 0.000000 0.000000    -0.231962     0.494764 
59361.488108 0.000000 0.000000    -0.215338     0.494943 
59361.525718 0.000000 0.000000    -0.198918     0.495123 
59361.563328 0.000000 0.000000    -0.182719     0.495308 
59361.600939 0.000000 0.000000    -0.166755     0.495499 
59361.638549 0.000000 0.000000    -0.151041     0.495700 
59361.676159 0.000000 0.000000    -0.135591     0.495916 
59361.713769 0.000000 0.000000    -0.120420     0.496148 
59361.751379 0.000000 0.000000    -0.105538     0.496400 
59361.788989 0.000000 0.000000    -0.090959     0.496674 
59361.826600 0.000000 0.000000    -0.076693     0.496975 
59361.864210 0.000000 0.000000    -0.062751     0.497305 
59361.901820 0.000000 0.000000    -0.049142     0.497666 
59361.939430 0.000000 0.000000    -0.035875     0.498061 
59361.977040 0.000000 0.000000    -0.022959     0.498492 
59362.014650 0.000000 0.000000    -0.010401     0.498962 
59362.052261 0.000000 0.000000     0.001794     0.499471 
59362.089871 0.000000 0.000000     0.013618     0.500023 
59362.127481 0.000000 0.000000     0.025068     0.500617 
59362.165091 0.000000 0.000000     0.036138     0.501255 
59362.202701 0.000000 0.000000     0.046825     0.501939 
59362.240311 0.000000 0.000000     0.057127     0.502667 
59362.277921 0.000000 0.000000     0.067042     0.503441 
59362.315532 0.000000 0.000000     0.076569     0.504260 
59362.353142 0.000000 0.000000     0.085706     0.505124 
59362.390752 0.000000 0.000000     0.094455     0.506032 
59362.428362 0.000000 0.000000     0.102816     0.506982 
59362.465972 0.000000 0.000000     0.110791     0.507974 
59362.503582 0.000000 0.000000     0.118382     0.509005 
59362.541193 0.000000 0.000000     0.125593     0.510074 
59362.578803 0.000000 0.000000     0.132428     0.511178 
59362.616413 0.000000 0.000000     0.138890     0.512315 
59362.654023 0.000000 0.000000     0.144986     0.513482 
59362.691633 0.000000 0.000000     0.150719     0.514675 
59362.729243 0.000000 0.000000     0.156098     0.515893 
59362.766853 0.000000 0.000000     0.161129     0.517130 
59362.804464 0.000000 0.000000     0.165818     0.518385 
59362.842074 0.000000 0.000000     0.170174     0.519653 
59362.879684 0.000000 0.000000     0.174206     0.520930 
59362.917294 0.000000 0.000000     0.177923     0.522213 
59362.954904 0.000000 0.000000     0.181333     0.523497 
59362.992514 0.000000 0.000000     0.184447     0.524780 
59363.030125 0.000000 0.000000     0.187275     0.526055 
59363.067735 0.000000 0.000000     0.189827     0.527321 
59363.105345 0.000000 0.000000     0.192115     0.528572 
59363.142955 0.000000 0.000000     0.194150     0.529805 
59363.180565 0.000000 0.000000     0.195943     0.531016 
59363.218175 0.000000 0.000000     0.197507     0.532200 
59363.255785 0.000000 0.000000     0.198854     0.533355 
59363.293396 0.000000 0.000000     0.199995     0.534477 
59363.331006 0.000000 0.000000     0.200944     0.535561 
59363.368616 0.000000 0.000000     0.201713     0.536605 
59363.406226 0.000000 0.000000     0.202315     0.537606 
59363.443836 0.000000 0.000000     0.202764     0.538559 
59363.481446 0.000000 0.000000     0.203071     0.539462 
59363.519057 0.000000 0.000000     0.203251     0.540313 
59363.556667 0.000000 0.000000     0.203316     0.541108 
59363.594277 0.000000 0.000000     0.203279     0.541846 
59363.631887 0.000000 0.000000     0.203154     0.542523 
59363.669497 0.000000 0.000000     0.202954     0.543138 
59363.707107 0.000000 0.000000     0.202691     0.543689 
59363.744718 0.000000 0.000000     0.202378     0.544174 
59363.782328 0.000000 0.000000     0.202027     0.544591 
59363.819938 0.000000 0.000000     0.201652     0.544941 
59363.857548 0.000000 0.000000     0.201264     0.545221 
59363.895158 0.000000 0.000000     0.200875     0.545430 
59363.932768 0.000000 0.000000     0.200498     0.545569 
59363.970378 0.000000 0.000000     0.200143     0.545637 
59364.007989 0.000000 0.000000     0.199821     0.545634 
59364.045599 0.000000 0.000000     0.199544     0.545560 
59364.083209 0.000000 0.000000     0.199322     0.545416 
59364.120819 0.000000 0.000000     0.199165     0.545203 
59364.158429 0.000000 0.000000     0.199083     0.544922 
59364.196039 0.000000 0.000000     0.199085     0.544573 
59364.233650 0.000000 0.000000     0.199179     0.544160 
59364.271260 0.000000 0.000000     0.199374     0.543684 
59364.308870 0.000000 0.000000     0.199679     0.543147 
59364.346480 0.000000 0.000000     0.200100     0.542552 
59364.384090 0.000000 0.000000     0.200644     0.541901 
59364.421700 0.000000 0.000000     0.201318     0.541199 
59364.459310 0.000000 0.000000     0.202128     0.540448 
59364.496921 0.000000 0.000000     0.203078     0.539654 
59364.534531 0.000000 0.000000     0.204175     0.538819 
59364.572141 0.000000 0.000000     0.205421     0.537948 
59364.609751 0.000000 0.000000     0.206820     0.537047 
59364.647361 0.000000 0.000000     0.208377     0.536121 
59364.684971 0.000000 0.000000     0.210092     0.535174 
59364.722582 0.000000 0.000000     0.211968     0.534214 
59364.760192 0.000000 0.000000     0.214006     0.533246 
59364.797802 0.000000 0.000000     0.216207     0.532277 
59364.835412 0.000000 0.000000     0.218570     0.531313 
59364.873022 0.000000 0.000000     0.221096     0.530361 
59364.910632 0.000000 0.000000     0.223783     0.529428 
59364.948242 0.000000 0.000000     0.226629     0.528522 
59364.985853 0.000000 0.000000     0.229632     0.527650 
59365.023463 0.000000 0.000000     0.232789     0.526820 
59365.061073 0.000000 0.000000     0.236097     0.526038 
59365.098683 0.000000 0.000000     0.239551     0.525313 
59365.136293 0.000000 0.000000     0.243146     0.524652 
59365.173903 0.000000 0.000000     0.246878     0.524061 
59365.211514 0.000000 0.000000     0.250740     0.523549 
59365.249124 0.000000 0.000000     0.254726     0.523122 
59365.286734 0.000000 0.000000     0.258830     0.522787 
59365.324344 0.000000 0.000000     0.263043     0.522549 
59365.361954 0.000000 0.000000     0.267358     0.522415 
59365.399564 0.000000 0.000000     0.271766     0.522389 
59365.437175 0.000000 0.000000     0.276259     0.522477 
59365.474785 0.000000 0.000000     0.280827     0.522681 
59365.512395 0.000000 0.000000     0.285459     0.523005 
59365.550005 0.000000 0.000000     0.290147     0.523452 
59365.587615 0.000000 0.000000     0.294879     0.524024 
59365.625225 0.000000 0.000000     0.299645     0.524721 
59365.662835 0.000000 0.000000     0.304432     0.525543 
59365.700446 0.000000 0.000000     0.309230     0.526490 
59365.738056 0.000000 0.000000     0.314026     0.527561 
59365.775666 0.000000 0.000000     0.318807     0.528753 
59365.813276 0.000000 0.000000     0.323562     0.530063 
59365.850886 0.000000 0.000000     0.328277     0.531488 
59365.888496 0.000000 0.000000     0.332939     0.533024 
59365.926107 0.000000 0.000000     0.337535     0.534665 
59365.963717 0.000000 0.000000     0.342052     0.536406 
59366.001327 0.000000 0.000000     0.346477     0.538241 
59366.038937 0.000000 0.000000     0.350794     0.540163 
59366.076547 0.000000 0.000000     0.354991     0.542166 
59366.114157 0.000000 0.000000     0.359054     0.544244 
59366.151767 0.000000 0.000000     0.362969     0.546387 
59366.189378 0.000000 0.000000     0.366722     0.548589 
59366.226988 0.000000 0.000000     0.370299     0.550842 
59366.264598 0.000000 0.000000     0.373687     0.553138 
59366.302208 0.000000 0.000000     0.376872     0.555470 
59366.339818 0.000000 0.000000     0.379840     0.557829 
59366.377428 0.000000 0.000000     0.382578     0.560209 
59366.415039 0.000000 0.000000     0.385073     0.562600 
59366.452649 0.000000 0.000000     0.387311     0.564997 
59366.490259 0.000000 0.000000     0.389280     0.567390 
59366.527869 0.000000 0.000000     0.390967     0.569774 
59366.565479 0.000000 0.000000     0.392360     0.572141 
59366.603089 0.000000 0.000000     0.393447     0.574485 
59366.640699 0.000000 0.000000     0.394217     0.576799 
59366.678310 0.000000 0.000000     0.394657     0.579076 
59366.715920 0.000000 0.000000     0.394757     0.581311 
59366.753530 0.000000 0.000000     0.394506     0.583498 
59366.791140 0.000000 0.000000     0.393895     0.585631 
59366.828750 0.000000 0.000000     0.392913     0.587705 
59366.866360 0.000000 0.000000     0.391552     0.589716 
59366.903971 0.000000 0.000000     0.389803     0.591658 
59366.941581 0.000000 0.000000     0.387658     0.593527 
59366.979191 0.000000 0.000000     0.385108     0.595320 
59367.016801 0.000000 0.000000     0.382148     0.597031 
59367.054411 0.000000 0.000000     0.378770     0.598657 
59367.092021 0.000000 0.000000     0.374969     0.600196 
59367.129632 0.000000 0.000000     0.370740     0.601643 
59367.167242 0.000000 0.000000     0.366077     0.602997 
59367.204852 0.000000 0.000000     0.360977     0.604253 
59367.242462 0.000000 0.000000     0.355436     0.605410 
59367.280072 0.000000 0.000000     0.349452     0.606466 
59367.317682 0.000000 0.000000     0.343023     0.607418 
59367.355292 0.000000 0.000000     0.336148     0.608265 
59367.392903 0.000000 0.000000     0.328825     0.609005 
59367.430513 0.000000 0.000000     0.321055     0.609637 
59367.468123 0.000000 0.000000     0.312839     0.610160 
59367.505733 0.000000 0.000000     0.304179     0.610572 
59367.543343 0.000000 0.000000     0.295076     0.610873 
59367.580953 0.000000 0.000000     0.285533     0.611063 
59367.618564 0.000000 0.000000     0.275555     0.611141 
59367.656174 0.000000 0.000000     0.265146     0.611106 
59367.693784 0.000000 0.000000     0.254310     0.610959 
59367.731394 0.000000 0.000000     0.243054     0.610700 
59367.769004 0.000000 0.000000     0.231385     0.610330 
59367.806614 0.000000 0.000000     0.219310     0.609849 
59367.844224 0.000000 0.000000     0.206836     0.609257 
59367.881835 0.000000 0.000000     0.193972     0.608556 
59367.919445 0.000000 0.000000     0.180729     0.607747 
59367.957055 0.000000 0.000000     0.167116     0.606831 
59367.994665 0.000000 0.000000     0.153144     0.605809 
59368.032275 0.000000 0.000000     0.138824     0.604684 
59368.069885 0.000000 0.000000     0.124169     0.603457 
59368.107496 0.000000 0.000000     0.109192     0.602130 
59368.145106 0.000000 0.000000     0.093905     0.600706 
59368.182716 0.000000 0.000000     0.078323     0.599186 
59368.220326 0.000000 0.000000     0.062460     0.597574 
59368.257936 0.000000 0.000000     0.046332     0.595872 
59368.295546 0.000000 0.000000     0.029955     0.594083 
59368.333156 0.000000 0.000000     0.013344     0.592211 
59368.370767 0.000000 0.000000    -0.003484     0.590259 
59368.408377 0.000000 0.000000    -0.020511     0.588230 
59368.445987 0.000000 0.000000    -0.037719     0.586128 
59368.483597 0.000000 0.000000    -0.055092     0.583957 
59368.521207 0.000000 0.000000    -0.072609     0.581722 
59368.558817 0.000000 0.000000    -0.090252     0.579426 
59368.596428 0.000000 0.000000    -0.108001     0.577075 
59368.634038 0.000000 0.000000    -0.125838     0.574672 
59368.671648 0.000000 0.000000    -0.143742     0.572224 
59368.709258 0.000000 0.000000    -0.161692     0.569734 
59368.746868 0.000000 0.000000    -0.179669     0.567209 
59368.784478 0.000000 0.000000    -0.197651     0.564653 
59368.822089 0.000000 0.000000    -0.215618     0.562072 
59368.859699 0.000000 0.000000    -0.233549     0.559473 
59368.897309 0.000000 0.000000    -0.251423     0.556860 
59368.934919 0.000000 0.000000    -0.269218     0.554241 
59368.972529 0.000000 0.000000    -0.286912     0.551620 
59369.010139 0.000000 0.000000    -0.304486     0.549004 
59369.047749 0.000000 0.000000    -0.321917     0.546400 
59369.085360 0.000000 0.000000    -0.339184     0.543814 
59369.122970 0.000000 0.000000    -0.356266     0.541251 
59369.160580 0.000000 0.000000    -0.373142     0.538719 
59369.198190 0.000000 0.000000    -0.389790     0.536223 
59369.235800 0.000000 0.000000    -0.406191     0.533770 
59369.273410 0.000000 0.000000    -0.422323     0.531365 
59369.311021 0.000000 0.000000    -0.438167     0.529014 
59369.348631 0.000000 0.000000    -0.453701     0.526723 
59369.386241 0.000000 0.000000    -0.468907     0.524498 
59369.423851 0.000000 0.000000    -0.483764     0.522342 
59369.461461 0.000000 0.000000    -0.498255     0.520262 
59369.499071 0.000000 0.000000    -0.512359     0.518262 
59369.536681 0.000000 0.000000    -0.526060     0.516345 
59369.574292 0.000000 0.000000    -0.539338     0.514515 
59369.611902 0.000000 0.000000    -0.552178     0.512776 
59369.649512 0.000000 0.000000    -0.564561     0.511130 
59369.687122 0.000000 0.000000    -0.576472     0.509578 
59369.724732 0.000000 0.000000    -0.587895     0.508124 
59369.762342 0.000000 0.000000    -0.598816     0.506767 
59369.799953 0.000000 0.000000    -0.609219     0.505508 
59369.837563 0.000000 0.000000    -0.619090     0.504348 
59369.875173 0.000000 0.000000    -0.628418     0.503285 
59369.912783 0.000000 0.000000    -0.637188     0.502319 
59369.950393 0.000000 0.000000    -0.645390     0.501447 
59369.988003 0.000000 0.000000    -0.653013     0.500668 
59370.025613 0.000000 0.000000    -0.660046     0.499979 
59370.063224 0.000000 0.000000    -0.666480     0.499377 
59370.100834 0.000000 0.000000    -0.672306     0.498859 
59370.138444 0.000000 0.000000    -0.677517     0.498421 
59370.176054 0.000000 0.000000    -0.682104     0.498058 
59370.213664 0.000000 0.000000    -0.686064     0.497766 
59370.251274 0.000000 0.000000    -0.689389     0.497542 
59370.288885 0.000000 0.000000    -0.692075     0.497379 
59370.326495 0.000000 0.000000    -0.694120     0.497273 
59370.364105 0.000000 0.000000    -0.695520     0.497219 
59370.401715 0.000000 0.000000    -0.696273     0.497212 
59370.439325 0.000000 0.000000    -0.696379     0.497247 
59370.476935 0.000000 0.000000    -0.695838     0.497318 
59370.514546 0.000000 0.000000    -0.694649     0.497422 
59370.552156 0.000000 0.000000    -0.692817     0.497553 
59370.589766 0.000000 0.000000    -0.690342     0.497706 
59370.627376 0.000000 0.000000    -0.687229     0.497876 
59370.664986 0.000000 0.000000    -0.683483     0.498061 
59370.702596 0.000000 0.000000    -0.679108     0.498254 
59370.740206 0.000000 0.000000    -0.674111     0.498453 
59370.777817 0.000000 0.000000    -0.668499     0.498653 
59370.815427 0.000000 0.000000    -0.662281     0.498851 
59370.853037 0.000000 0.000000    -0.655466     0.499044 
59370.890647 0.000000 0.000000    -0.648063     0.499229 
59370.928257 0.000000 0.000000    -0.640083     0.499403 
59370.965867 0.000000 0.000000    -0.631537     0.499564 
59371.003478 0.000000 0.000000    -0.622439     0.499710 
59371.041088 0.000000 0.000000    -0.612801     0.499838 
59371.078698 0.000000 0.000000    -0.602637     0.499947 
59371.116308 0.000000 0.000000    -0.591962     0.500035 
59371.153918 0.000000 0.000000    -0.580792     0.500102 
59371.191528 0.000000 0.000000    -0.569142     0.500147 
59371.229138 0.000000 0.000000    -0.557031     0.500170 
59371.266749 0.000000 0.000000    -0.544474     0.500168 
59371.304359 0.000000 0.000000    -0.531491     0.500144 
59371.341969 0.000000 0.000000    -0.518101     0.500096 
59371.379579 0.000000 0.000000    -0.504323     0.500025 
59371.417189 0.000000 0.000000    -0.490178     0.499932 
59371.454799 0.000000 0.000000    -0.475685     0.499817 
59371.492410 0.000000 0.000000    -0.460867     0.499681 
59371.530020 0.000000 0.000000    -0.445744     0.499525 
59371.567630 0.000000 0.000000    -0.430340     0.499351 
59371.605240 0.000000 0.000000    -0.414676     0.499159 
59371.642850 0.000000 0.000000    -0.398776     0.498951 
59371.680460 0.000000 0.000000    -0.382663     0.498729 
59371.718070 0.000000 0.000000    -0.366360     0.498494 
59371.755681 0.000000 0.000000    -0.349892     0.498248 
59371.793291 0.000000 0.000000    -0.333283     0.497994 
59371.830901 0.000000 0.000000    -0.316557     0.497731 
59371.868511 0.000000 0.000000    -0.299739     0.497464 
59371.906121 0.000000 0.000000    -0.282854     0.497193 
59371.943731 0.000000 0.000000    -0.265926     0.496921 
59371.981342 0.000000 0.000000    -0.248981     0.496649 
59372.018952 0.000000 0.000000    -0.232044     0.496380 
59372.056562 0.000000 0.000000    -0.215138     0.496114 
59372.094172 0.000000 0.000000    -0.198291     0.495855 
59372.131782 0.000000 0.000000    -0.181525     0.495604 
59372.169392 0.000000 0.000000    -0.164866     0.495362 
59372.207003 0.000000 0.000000    -0.148339     0.495131 
59372.244613 0.000000 0.000000    -0.131968     0.494913 
59372.282223 0.000000 0.000000    -0.115778     0.494709 
59372.319833 0.000000 0.000000    -0.099791     0.494520 
59372.357443 0.000000 0.000000    -0.084031     0.494347 
59372.395053 0.000000 0.000000    -0.068523     0.494192 
59372.432663 0.000000 0.000000    -0.053288     0.494054 
59372.470274 0.000000 0.000000    -0.038349     0.493936 
59372.507884 0.000000 0.000000    -0.023729     0.493836 
59372.545494 0.000000 0.000000    -0.009448     0.493757 
59372.583104 0.000000 0.000000     0.004473     0.493697 
59372.620714 0.000000 0.000000     0.018013     0.493657 
59372.658324 0.000000 0.000000     0.031152     0.493637 
59372.695935 0.000000 0.000000     0.043871     0.493636 
59372.733545 0.000000 0.000000     0.056151     0.493654 
59372.771155 0.000000 0.000000     0.067975     0.493690 
