# time model 
59318.650141 -2.053856 
59318.687751 -1.808917 
59318.725361 -1.537617 
59318.762971 -1.247834 
59318.800582 -0.947885 
59318.838192 -0.645822 
59318.875802 -0.348861 
59318.913412 -0.063003 
59318.951022 0.207129 
59318.988632 0.458282 
59319.026243 0.688443 
59319.063853 0.896632 
59319.101463 1.082681 
59319.139073 1.247023 
59319.176683 1.390502 
59319.214293 1.514224 
59319.251903 1.619440 
59319.289514 1.707457 
59319.327124 1.779580 
59319.364734 1.837073 
59319.402344 1.881126 
59319.439954 1.912849 
59319.477564 1.933260 
59319.515175 1.943285 
59319.552785 1.943763 
59319.590395 1.935444 
59319.628005 1.919000 
59319.665615 1.895028 
59319.703225 1.864059 
59319.740836 1.826559 
59319.778446 1.782941 
59319.816056 1.733567 
59319.853666 1.678751 
59319.891276 1.618768 
59319.928886 1.553856 
59319.966496 1.484217 
59320.004107 1.410027 
59320.041717 1.331432 
59320.079327 1.248556 
59320.116937 1.161497 
59320.154547 1.070342 
59320.192157 0.975155 
59320.229768 0.875986 
59320.267378 0.772875 
59320.304988 0.665851 
59320.342598 0.554935 
59320.380208 0.440146 
59320.417818 0.321498 
59320.455428 0.199012 
59320.493039 0.072711 
59320.530649 -0.057367 
59320.568259 -0.191168 
59320.605869 -0.328611 
59320.643479 -0.469581 
59320.681089 -0.613917 
59320.718700 -0.761400 
59320.756310 -0.911732 
59320.793920 -1.064521 
59320.831530 -1.219251 
59320.869140 -1.375261 
59320.906750 -1.531699 
59320.944360 -1.687493 
59320.981971 -1.841297 
59321.019581 -1.991447 
59321.057191 -2.135907 
59321.094801 -2.272217 
59321.132411 -2.397459 
59321.170021 -2.508235 
59321.207632 -2.600681 
59321.245242 -2.670543 
59321.282852 -2.713319 
59321.320462 -2.724500 
59321.358072 -2.699910 
59321.395682 -2.636131 
59321.433293 -2.530989 
59321.470903 -2.384001 
59321.508513 -2.196709 
59321.546123 -1.972800 
59321.583733 -1.717933 
59321.621343 -1.439329 
59321.658953 -1.145100 
59321.696564 -0.843544 
59321.734174 -0.542482 
59321.771784 -0.248740 
59321.809394 0.032144 
59321.847004 0.296031 
59321.884614 0.540114 
59321.922225 0.762760 
59321.959835 0.963297 
59321.997445 1.141785 
59322.035055 1.298819 
59322.072665 1.435349 
59322.110275 1.552542 
59322.147885 1.651676 
59322.185496 1.734065 
59322.223106 1.801003 
59322.260716 1.853728 
59322.298326 1.893408 
59322.335936 1.921118 
59322.373546 1.937847 
59322.411157 1.944489 
59322.448767 1.941852 
59322.486377 1.930658 
59322.523987 1.911553 
59322.561597 1.885111 
59322.599207 1.851839 
59322.636817 1.812186 
59322.674428 1.766544 
59322.712038 1.715259 
59322.749648 1.658632 
59322.787258 1.596923 
59322.824868 1.530359 
59322.862478 1.459133 
59322.900089 1.383408 
59322.937699 1.303323 
59322.975309 1.218995 
59323.012919 1.130514 
59323.050529 1.037961 
59323.088139 0.941396 
59323.125750 0.840863 
59323.163360 0.736399 
59323.200970 0.628031 
59323.238580 0.515777 
59323.276190 0.399655 
59323.313800 0.279681 
59323.351410 0.155876 
59323.389021 0.028267 
59323.426631 -0.103103 
59323.464241 -0.238170 
59323.501851 -0.376845 
59323.539461 -0.518997 
59323.577071 -0.664447 
59323.614682 -0.812951 
59323.652292 -0.964180 
59323.689902 -1.117703 
59323.727512 -1.272959 
59323.765122 -1.429223 
59323.802732 -1.585573 
59323.840342 -1.740847 
59323.877953 -1.893597 
59323.915563 -2.042035 
59323.953173 -2.183984 
59323.990783 -2.316830 
59324.028393 -2.437490 
59324.066003 -2.542402 
59324.103614 -2.627555 
59324.141224 -2.688589 
59324.178834 -2.720968 
59324.216444 -2.720253 
59324.254054 -2.682478 
59324.291664 -2.604601 
59324.329274 -2.484982 
59324.366885 -2.323809 
59324.404495 -2.123363 
59324.442105 -1.888042 
59324.479715 -1.624116 
59324.517325 -1.339181 
59324.554935 -1.041498 
59324.592546 -0.739271 
59324.630156 -0.440023 
59324.667766 -0.150162 
59324.705376 0.125257 
59324.742986 0.382566 
59324.780596 0.619386 
59324.818207 0.834441 
59324.855817 1.027334 
59324.893427 1.198333 
59324.931037 1.348174 
59324.968647 1.477894 
59325.006257 1.588710 
59325.043867 1.681921 
59325.081478 1.758836 
59325.119088 1.820734 
59325.156698 1.868833 
59325.194308 1.904266 
59325.231918 1.928082 
59325.269528 1.941235 
59325.307139 1.944589 
59325.344749 1.938923 
59325.382359 1.924931 
59325.419969 1.903235 
59325.457579 1.874382 
59325.495189 1.838861 
59325.532799 1.797100 
59325.570410 1.749475 
59325.608020 1.696316 
59325.645630 1.637908 
59325.683240 1.574501 
59325.720850 1.506309 
59325.758460 1.433513 
59325.796071 1.356270 
59325.833681 1.274710 
59325.871291 1.188938 
59325.908901 1.099046 
59325.946511 1.005103 
59325.984121 0.907165 
59326.021731 0.805273 
59326.059342 0.699459 
59326.096952 0.589748 
59326.134562 0.476159 
59326.172172 0.358706 
59326.209782 0.237408 
59326.247392 0.112287 
59326.285003 -0.016625 
59326.322613 -0.149278 
59326.360223 -0.285602 
59326.397833 -0.425493 
59326.435443 -0.568806 
59326.473053 -0.715341 
59326.510664 -0.864826 
59326.548274 -1.016902 
59326.585884 -1.171094 
59326.623494 -1.326788 
59326.661104 -1.483197 
59326.698714 -1.639321 
59326.736324 -1.793904 
59326.773935 -1.945387 
59326.811545 -2.091854 
59326.849155 -2.230981 
59326.886765 -2.359997 
59326.924375 -2.475652 
59326.961985 -2.574221 
59326.999596 -2.651561 
59327.037206 -2.703225 
59327.074816 -2.724675 
59327.112426 -2.711588 
59327.150036 -2.660264 
59327.187646 -2.568089 
59327.225256 -2.434012 
59327.262867 -2.258925 
59327.300477 -2.045852 
59327.338087 -1.799874 
59327.375697 -1.527793 
59327.413307 -1.237517 
59327.450917 -0.937362 
59327.488528 -0.635362 
59327.526138 -0.338694 
59327.563748 -0.053314 
59327.601358 0.216204 
59327.638968 0.466654 
59327.676578 0.696061 
59327.714188 0.903478 
59327.751799 1.088762 
59327.789409 1.252361 
59327.827019 1.395133 
59327.864629 1.518190 
59327.902239 1.622784 
59327.939849 1.710226 
59327.977460 1.781820 
59328.015070 1.838825 
59328.052680 1.882431 
59328.090290 1.913743 
59328.127900 1.933778 
59328.165510 1.943458 
59328.203121 1.943617 
59328.240731 1.935004 
59328.278341 1.918289 
59328.315951 1.894065 
59328.353561 1.862861 
59328.391171 1.825141 
59328.428781 1.781318 
59328.466392 1.731749 
59328.504002 1.676748 
59328.541612 1.616590 
59328.579222 1.551510 
59328.616832 1.481710 
59328.654442 1.407365 
59328.692053 1.328619 
59328.729663 1.245595 
59328.767273 1.158393 
59328.804883 1.067096 
59328.842493 0.971770 
59328.880103 0.872463 
59328.917713 0.769215 
59328.955324 0.662055 
59328.992934 0.551005 
59329.030544 0.436081 
59329.068154 0.317299 
59329.105764 0.194680 
59329.143374 0.068247 
59329.180985 -0.061962 
59329.218595 -0.195891 
59329.256205 -0.333459 
59329.293815 -0.474549 
59329.331425 -0.618999 
59329.369035 -0.766587 
59329.406645 -0.917011 
59329.444256 -1.069877 
59329.481866 -1.224665 
59329.519476 -1.380704 
59329.557086 -1.537140 
59329.594696 -1.692888 
59329.632306 -1.846595 
59329.669917 -1.996584 
59329.707527 -2.140804 
59329.745137 -2.276781 
59329.782747 -2.401579 
59329.820357 -2.511784 
59329.857967 -2.603517 
59329.895578 -2.672513 
59329.933188 -2.714264 
59329.970798 -2.724268 
59330.008408 -2.698365 
59330.046018 -2.633175 
59330.083628 -2.526573 
59330.121238 -2.378144 
59330.158849 -2.189503 
59330.196459 -1.964406 
59330.234069 -1.708589 
59330.271679 -1.429302 
59330.309289 -1.134679 
59330.346899 -0.833014 
59330.384510 -0.532098 
59330.422120 -0.238720 
59330.459730 0.041635 
59330.497340 0.304872 
59330.534950 0.548230 
59330.572560 0.770113 
59330.610170 0.969877 
59330.647781 1.147606 
59330.685391 1.303909 
59330.723001 1.439745 
59330.760611 1.556288 
59330.798221 1.654818 
59330.835831 1.736647 
59330.873442 1.803070 
59330.911052 1.855322 
59330.948662 1.894567 
59330.986272 1.921879 
59331.023882 1.938243 
59331.061492 1.944549 
59331.099102 1.941602 
59331.136713 1.930122 
59331.174323 1.910753 
59331.211933 1.884065 
59331.249543 1.850564 
59331.287153 1.810696 
59331.324763 1.764852 
59331.362374 1.713376 
59331.399984 1.656568 
59331.437594 1.594687 
59331.475204 1.527957 
59331.512814 1.456572 
59331.550424 1.380693 
59331.588035 1.300459 
59331.625645 1.215984 
59331.663255 1.127361 
59331.700865 1.034667 
59331.738475 0.937963 
59331.776085 0.837293 
59331.813695 0.732693 
59331.851306 0.624189 
59331.888916 0.511800 
59331.926526 0.395544 
59331.964136 0.275436 
59332.001746 0.151498 
59332.039356 0.023757 
59332.076967 -0.107742 
59332.114577 -0.242937 
59332.152187 -0.381735 
59332.189797 -0.524005 
59332.227407 -0.669566 
59332.265017 -0.818171 
59332.302627 -0.969488 
59332.340238 -1.123082 
59332.377848 -1.278386 
59332.415458 -1.434669 
59332.453068 -1.591003 
59332.490678 -1.746216 
59332.528288 -1.898847 
59332.565899 -2.047098 
59332.603509 -2.188777 
59332.641119 -2.321254 
59332.678729 -2.441429 
59332.716339 -2.545722 
59332.753949 -2.630110 
59332.791559 -2.690224 
59332.829170 -2.721524 
59332.866780 -2.719582 
59332.904390 -2.680455 
59332.942000 -2.601143 
59332.979610 -2.480063 
59333.017220 -2.317472 
59333.054831 -2.115727 
59333.092441 -1.879296 
59333.130051 -1.614504 
59333.167661 -1.328985 
59333.205271 -1.031009 
59333.242881 -0.728764 
59333.280492 -0.429743 
59333.318102 -0.140307 
59333.355712 0.134535 
59333.393322 0.391164 
59333.430932 0.627242 
59333.468542 0.841527 
59333.506152 1.033650 
59333.543763 1.203899 
59333.581373 1.353020 
59333.618983 1.482061 
59333.656593 1.592243 
59333.694203 1.684864 
59333.731813 1.761235 
59333.769424 1.822634 
59333.807034 1.870272 
59333.844644 1.905285 
59333.882254 1.928714 
59333.919864 1.941511 
59333.957474 1.944539 
59333.995084 1.938572 
59334.032695 1.924302 
59334.070305 1.902348 
59334.107915 1.873255 
59334.145525 1.837510 
59334.183135 1.795539 
59334.220745 1.747716 
59334.258356 1.694369 
59334.295966 1.635784 
59334.333576 1.572207 
59334.371186 1.503851 
59334.408796 1.430898 
59334.446406 1.353503 
59334.484016 1.271795 
59334.521627 1.185878 
59334.559237 1.095844 
59334.596847 1.001761 
59334.634457 0.903684 
59334.672067 0.801655 
59334.709677 0.695706 
59334.747288 0.585860 
59334.784898 0.472135 
59334.822508 0.354548 
59334.860118 0.233117 
59334.897728 0.107863 
59334.935338 -0.021180 
59334.972949 -0.153962 
59335.010559 -0.290412 
59335.048169 -0.430425 
59335.085779 -0.573854 
59335.123389 -0.720496 
59335.160999 -0.870078 
59335.198609 -1.022236 
59335.236220 -1.176492 
59335.273830 -1.332225 
59335.311440 -1.488642 
59335.349050 -1.644735 
59335.386660 -1.799239 
59335.424270 -1.950582 
59335.461881 -2.096834 
59335.499491 -2.235659 
59335.537101 -2.364268 
59335.574711 -2.479392 
59335.612321 -2.577295 
59335.649931 -2.653817 
59335.687541 -2.704505 
59335.725152 -2.724823 
59335.762762 -2.710463 
59335.800372 -2.657753 
59335.837982 -2.564126 
59335.875592 -2.428596 
59335.913202 -2.252123 
59335.950813 -2.037808 
59335.988423 -1.790799 
59336.026033 -1.517948 
59336.063643 -1.227187 
59336.101253 -0.926837 
59336.138863 -0.624908 
59336.176473 -0.328540 
59336.214084 -0.043644 
59336.251694 0.225257 
59336.289304 0.475001 
59336.326914 0.703653 
59336.364524 0.910298 
59336.402134 1.094816 
59336.439745 1.257675 
59336.477355 1.399740 
59336.514965 1.522133 
59336.552575 1.626108 
59336.590185 1.712977 
59336.627795 1.784042 
59336.665406 1.840561 
59336.703016 1.883721 
59336.740626 1.914625 
59336.778236 1.934284 
59336.815846 1.943619 
59336.853456 1.943461 
59336.891066 1.934555 
59336.928677 1.917568 
59336.966287 1.893093 
59337.003897 1.861655 
59337.041507 1.823716 
59337.079117 1.779687 
59337.116727 1.729924 
59337.154338 1.674740 
59337.191948 1.614406 
59337.229558 1.549159 
59337.267168 1.479198 
59337.304778 1.404697 
59337.342388 1.325800 
59337.379998 1.242630 
59337.417609 1.155283 
59337.455219 1.063846 
59337.492829 0.968380 
59337.530439 0.868935 
59337.568049 0.765551 
59337.605659 0.658255 
59337.643270 0.547070 
59337.680880 0.432011 
59337.718490 0.313096 
59337.756100 0.190343 
59337.793710 0.063778 
59337.831320 -0.066562 
59337.868930 -0.200619 
59337.906541 -0.338311 
59337.944151 -0.479522 
59337.981761 -0.624085 
59338.019371 -0.771777 
59338.056981 -0.922294 
59338.094591 -1.075236 
59338.132202 -1.230079 
59338.169812 -1.386148 
59338.207422 -1.542579 
59338.245032 -1.698281 
59338.282642 -1.851889 
59338.320252 -2.001714 
59338.357863 -2.145691 
59338.395473 -2.281331 
59338.433083 -2.405681 
59338.470693 -2.515311 
59338.508303 -2.606326 
59338.545913 -2.674450 
59338.583523 -2.715171 
59338.621134 -2.723992 
59338.658744 -2.696772 
59338.696354 -2.630168 
59338.733964 -2.522106 
59338.771574 -2.372238 
59338.809184 -2.182253 
59338.846795 -1.955979 
59338.884405 -1.699217 
59338.922015 -1.419257 
59338.959625 -1.124251 
59338.997235 -0.822485 
59339.034845 -0.521725 
59339.072455 -0.228715 
59339.110066 0.051104 
59339.147676 0.313688 
59339.185286 0.556320 
59339.222896 0.777439 
59339.260506 0.976431 
59339.298116 1.153402 
59339.335727 1.308975 
59339.373337 1.444119 
59339.410947 1.560012 
59339.448557 1.657939 
59339.486167 1.739211 
59339.523777 1.805119 
59339.561387 1.856900 
59339.598998 1.895712 
59339.636608 1.922628 
59339.674218 1.938626 
59339.711828 1.944597 
59339.749438 1.941342 
59339.787048 1.929577 
59339.824659 1.909944 
59339.862269 1.883011 
59339.899879 1.849281 
59339.937489 1.809198 
59339.975099 1.763153 
59340.012709 1.711487 
59340.050320 1.654498 
59340.087930 1.592444 
59340.125540 1.525550 
59340.163150 1.454005 
59340.200760 1.377973 
59340.238370 1.297589 
59340.275980 1.212969 
59340.313591 1.124202 
59340.351201 1.031369 
59340.388811 0.934525 
59340.426421 0.833718 
59340.464031 0.728982 
59340.501641 0.620342 
59340.539252 0.507818 
59340.576862 0.391428 
59340.614472 0.271186 
59340.652082 0.147115 
59340.689692 0.019243 
59340.727302 -0.112386 
59340.764912 -0.247708 
59340.802523 -0.386630 
59340.840133 -0.529018 
59340.877743 -0.674689 
59340.915353 -0.823394 
59340.952963 -0.974799 
59340.990573 -1.128463 
59341.028184 -1.283814 
59341.065794 -1.440116 
59341.103404 -1.596432 
59341.141014 -1.751581 
59341.178624 -1.904093 
59341.216234 -2.052154 
59341.253844 -2.193559 
59341.291455 -2.325663 
59341.329065 -2.445348 
59341.366675 -2.549018 
59341.404285 -2.632636 
59341.441895 -2.691823 
59341.479505 -2.722039 
59341.517116 -2.718865 
59341.554726 -2.678384 
59341.592336 -2.597635 
59341.629946 -2.475094 
59341.667556 -2.311088 
59341.705166 -2.108048 
59341.742777 -1.870514 
59341.780387 -1.604868 
59341.817997 -1.318775 
59341.855607 -1.020515 
59341.893217 -0.718262 
59341.930827 -0.419475 
59341.968437 -0.130471 
59342.006048 0.143790 
59342.043658 0.399736 
59342.081268 0.635071 
59342.118878 0.848586 
59342.156488 1.039940 
59342.194098 1.209439 
59342.231709 1.357842 
59342.269319 1.486206 
59342.306929 1.595754 
59342.344539 1.687788 
59342.382149 1.763617 
59342.419759 1.824516 
59342.457369 1.871697 
59342.494980 1.906289 
59342.532590 1.929332 
59342.570200 1.941776 
59342.607810 1.944479 
59342.645420 1.938211 
59342.683030 1.923664 
59342.720641 1.901452 
59342.758251 1.872120 
59342.795861 1.836152 
59342.833471 1.793971 
59342.871081 1.745950 
59342.908691 1.692417 
59342.946301 1.633654 
59342.983912 1.569907 
59343.021522 1.501388 
59343.059132 1.428278 
59343.096742 1.350731 
59343.134352 1.268874 
59343.171962 1.182813 
59343.209573 1.092637 
59343.247183 0.998414 
59343.284793 0.900199 
59343.322403 0.798033 
59343.360013 0.691948 
59343.397623 0.581966 
59343.435234 0.468107 
59343.472844 0.350386 
59343.510454 0.228821 
59343.548064 0.103435 
59343.585674 -0.025739 
59343.623284 -0.158650 
59343.660894 -0.295226 
59343.698505 -0.435361 
59343.736115 -0.578905 
59343.773725 -0.725655 
59343.811335 -0.875334 
59343.848945 -1.027573 
59343.886555 -1.181892 
59343.924166 -1.337663 
59343.961776 -1.494087 
59343.999386 -1.650148 
59344.036996 -1.804570 
59344.074606 -1.955770 
59344.112216 -2.101806 
59344.149826 -2.240325 
59344.187437 -2.368522 
59344.225047 -2.483112 
59344.262657 -2.580342 
59344.300267 -2.656041 
59344.337877 -2.705749 
59344.375487 -2.724930 
59344.413098 -2.709291 
59344.450708 -2.655192 
59344.488318 -2.560113 
59344.525928 -2.423129 
59344.563538 -2.245275 
59344.601148 -2.029724 
59344.638758 -1.781692 
59344.676369 -1.508080 
59344.713979 -1.216846 
59344.751589 -0.916310 
59344.789199 -0.614461 
59344.826809 -0.318401 
59344.864419 -0.033994 
59344.902030 0.234286 
59344.939640 0.483322 
59344.977250 0.711218 
59345.014860 0.917091 
59345.052470 1.100845 
59345.090080 1.262963 
59345.127691 1.404324 
59345.165301 1.526054 
59345.202911 1.629412 
59345.240521 1.715709 
59345.278131 1.786247 
59345.315741 1.842281 
59345.353351 1.884997 
59345.390962 1.915492 
59345.428572 1.934777 
59345.466182 1.943768 
59345.503792 1.943293 
59345.541402 1.934096 
59345.579012 1.916839 
59345.616623 1.892113 
59345.654233 1.860441 
59345.691843 1.822284 
59345.729453 1.778049 
59345.767063 1.728092 
59345.804673 1.672725 
59345.842283 1.612217 
59345.879894 1.546802 
59345.917504 1.476680 
59345.955114 1.402024 
59345.992724 1.322977 
59346.030334 1.239659 
59346.067944 1.152169 
59346.105555 1.060590 
59346.143165 0.964985 
59346.180775 0.865403 
59346.218385 0.761882 
59346.255995 0.654451 
59346.293605 0.543130 
59346.331215 0.427937 
59346.368826 0.308888 
59346.406436 0.186001 
59346.444046 0.059304 
59346.481656 -0.071166 
59346.519266 -0.205351 
59346.556876 -0.343168 
59346.594487 -0.484498 
59346.632097 -0.629175 
59346.669707 -0.776970 
59346.707317 -0.927579 
59346.744927 -1.080597 
59346.782537 -1.235495 
59346.820148 -1.391592 
59346.857758 -1.548018 
59346.895368 -1.703672 
59346.932978 -1.857178 
59346.970588 -2.006836 
59347.008198 -2.150568 
59347.045808 -2.285867 
59347.083419 -2.409766 
59347.121029 -2.518815 
59347.158639 -2.609108 
59347.196249 -2.676354 
59347.233859 -2.716040 
59347.271469 -2.723672 
59347.309080 -2.695131 
59347.346690 -2.627110 
59347.384300 -2.517588 
59347.421910 -2.366283 
59347.459520 -2.174958 
59347.497130 -1.947516 
59347.534740 -1.689817 
59347.572351 -1.409193 
59347.609961 -1.113814 
59347.647571 -0.811957 
59347.685181 -0.511360 
59347.722791 -0.218726 
59347.760401 0.060553 
59347.798012 0.322481 
59347.835622 0.564383 
59347.873232 0.784738 
59347.910842 0.982959 
59347.948452 1.159172 
59347.986062 1.314015 
59348.023672 1.448469 
59348.061283 1.563715 
59348.098893 1.661040 
59348.136503 1.741755 
59348.174113 1.807152 
59348.211723 1.858462 
59348.249333 1.896843 
59348.286944 1.923362 
59348.324554 1.938997 
59348.362164 1.944634 
59348.399774 1.941071 
59348.437384 1.929023 
59348.474994 1.909126 
59348.512605 1.881948 
59348.550215 1.847990 
59348.587825 1.807693 
59348.625435 1.761447 
59348.663045 1.709591 
59348.700655 1.652422 
59348.738265 1.590196 
59348.775876 1.523137 
59348.813486 1.451433 
59348.851096 1.375247 
59348.888706 1.294714 
59348.926316 1.209948 
59348.963926 1.121039 
59349.001537 1.028065 
59349.039147 0.931083 
59349.076757 0.830138 
59349.114367 0.725266 
59349.151977 0.616491 
59349.189587 0.503832 
59349.227197 0.387307 
59349.264808 0.266932 
59349.302418 0.142728 
59349.340028 0.014724 
59349.377638 -0.117035 
59349.415248 -0.252484 
59349.452858 -0.391528 
59349.490469 -0.534034 
59349.528079 -0.679816 
59349.565689 -0.828621 
59349.603299 -0.980112 
59349.640909 -1.133845 
59349.678519 -1.289243 
59349.716129 -1.445562 
59349.753740 -1.601859 
59349.791350 -1.756943 
59349.828960 -1.909332 
59349.866570 -2.057202 
59349.904180 -2.198330 
59349.941790 -2.330057 
59349.979401 -2.449247 
59350.017011 -2.552290 
59350.054621 -2.635133 
59350.092231 -2.693388 
59350.129841 -2.722514 
59350.167451 -2.718103 
59350.205062 -2.676263 
59350.242672 -2.594075 
59350.280282 -2.470074 
59350.317892 -2.304656 
59350.355502 -2.100328 
59350.393112 -1.861699 
59350.430722 -1.595206 
59350.468333 -1.308549 
59350.505943 -1.010015 
59350.543553 -0.707764 
59350.581163 -0.409219 
59350.618773 -0.120653 
59350.656383 0.153023 
59350.693994 0.408283 
59350.731604 0.642873 
59350.769214 0.855619 
59350.806824 1.046204 
59350.844434 1.214953 
59350.882044 1.362640 
59350.919654 1.490327 
59350.957265 1.599244 
59350.994875 1.690692 
59351.032485 1.765980 
59351.070095 1.826382 
59351.107705 1.873106 
59351.145315 1.907279 
59351.182926 1.929938 
59351.220536 1.942029 
59351.258146 1.944407 
59351.295756 1.937840 
59351.333366 1.923016 
59351.370976 1.900548 
59351.408586 1.870977 
59351.446197 1.834786 
59351.483807 1.792395 
59351.521417 1.744178 
59351.559027 1.690458 
59351.596637 1.631517 
59351.634247 1.567601 
59351.671858 1.498920 
59351.709468 1.425653 
59351.747078 1.347953 
59351.784688 1.265949 
59351.822298 1.179743 
59351.859908 1.089425 
59351.897519 0.995062 
59351.935129 0.896709 
59351.972739 0.794406 
59352.010349 0.688185 
59352.047959 0.578068 
59352.085569 0.464075 
59352.123179 0.346220 
59352.160790 0.224521 
59352.198400 0.099002 
59352.236010 -0.030303 
59352.273620 -0.163343 
59352.311230 -0.300045 
59352.348840 -0.440301 
59352.386451 -0.583961 
59352.424061 -0.730818 
59352.461671 -0.880592 
59352.499281 -1.032913 
59352.536891 -1.187293 
59352.574501 -1.343102 
59352.612111 -1.499532 
59352.649722 -1.655558 
59352.687332 -1.809897 
59352.724942 -1.960952 
59352.762552 -2.106769 
59352.800162 -2.244978 
59352.837772 -2.372759 
59352.875383 -2.486811 
59352.912993 -2.583364 
59352.950603 -2.658234 
59352.988213 -2.706955 
59353.025823 -2.724994 
59353.063433 -2.708073 
59353.101043 -2.652581 
59353.138654 -2.556049 
59353.176264 -2.417613 
59353.213874 -2.238381 
59353.251484 -2.021601 
59353.289094 -1.772555 
59353.326704 -1.498191 
59353.364315 -1.206494 
59353.401925 -0.905782 
59353.439535 -0.604021 
59353.477145 -0.308276 
59353.514755 -0.024363 
59353.552365 0.243291 
59353.589976 0.491617 
59353.627586 0.718756 
59353.665196 0.923857 
59353.702806 1.106847 
59353.740416 1.268226 
59353.778026 1.408884 
59353.815636 1.529952 
59353.853247 1.632694 
59353.890857 1.718421 
59353.928467 1.788434 
59353.966077 1.843985 
59354.003687 1.886257 
59354.041297 1.916346 
59354.078908 1.935258 
59354.116518 1.943906 
59354.154128 1.943116 
59354.191738 1.933627 
59354.229348 1.916101 
59354.266958 1.891124 
59354.304568 1.859219 
59354.342179 1.820844 
59354.379789 1.776404 
59354.417399 1.726254 
59354.455009 1.670704 
59354.492619 1.610021 
59354.530229 1.544439 
59354.567840 1.474157 
59354.605450 1.399346 
59354.643060 1.320148 
59354.680670 1.236684 
59354.718280 1.149050 
59354.755890 1.057330 
59354.793500 0.961585 
59354.831111 0.861866 
59354.868721 0.758208 
59354.906331 0.650641 
59354.943941 0.539185 
59354.981551 0.423858 
59355.019161 0.304675 
59355.056772 0.181655 
59355.094382 0.054826 
59355.131992 -0.075774 
59355.169602 -0.210087 
59355.207212 -0.348029 
59355.244822 -0.489479 
59355.282433 -0.634268 
59355.320043 -0.782167 
59355.357653 -0.932867 
59355.395263 -1.085960 
59355.432873 -1.240913 
59355.470483 -1.397037 
59355.508093 -1.553456 
59355.545704 -1.709060 
59355.583314 -1.862463 
59355.620924 -2.011952 
59355.658534 -2.155434 
59355.696144 -2.290390 
59355.733754 -2.413832 
59355.771365 -2.522297 
59355.808975 -2.611861 
59355.846585 -2.678225 
59355.884195 -2.716869 
59355.921805 -2.723308 
59355.959415 -2.693443 
59355.997025 -2.624002 
59356.034636 -2.513020 
59356.072246 -2.360279 
59356.109856 -2.167620 
59356.147466 -1.939016 
59356.185076 -1.680388 
59356.222686 -1.399111 
59356.260297 -1.103369 
59356.297907 -0.801431 
59356.335517 -0.501006 
59356.373127 -0.208754 
59356.410737 0.069980 
59356.448347 0.331249 
59356.485957 0.572421 
59356.523568 0.792011 
59356.561178 0.989459 
59356.598788 1.164915 
59356.636398 1.319031 
59356.674008 1.452795 
59356.711618 1.567396 
59356.749229 1.664120 
59356.786839 1.744282 
59356.824449 1.809168 
59356.862059 1.860009 
59356.899669 1.897959 
59356.937279 1.924084 
59356.974890 1.939357 
59357.012500 1.944661 
59357.050110 1.940790 
59357.087720 1.928458 
59357.125330 1.908299 
59357.162940 1.880878 
59357.200550 1.846692 
59357.238161 1.806182 
59357.275771 1.759735 
59357.313381 1.707689 
59357.350991 1.650339 
59357.388601 1.587942 
59357.426211 1.520718 
59357.463822 1.448856 
59357.501432 1.372516 
59357.539042 1.291835 
59357.576652 1.206923 
59357.614262 1.117871 
59357.651872 1.024756 
59357.689482 0.927636 
59357.727093 0.826554 
59357.764703 0.721545 
59357.802313 0.612634 
59357.839923 0.499841 
59357.877533 0.383182 
59357.915143 0.262673 
59357.952754 0.138336 
59357.990364 0.010201 
59358.027974 -0.121688 
59358.065584 -0.257264 
59358.103194 -0.396431 
59358.140804 -0.539055 
59358.178414 -0.684946 
59358.216025 -0.833851 
59358.253635 -0.985428 
59358.291245 -1.139230 
59358.328855 -1.294673 
59358.366465 -1.451009 
59358.404075 -1.607285 
59358.441686 -1.762302 
59358.479296 -1.914567 
59358.516906 -2.062241 
59358.554516 -2.203090 
59358.592126 -2.334435 
59358.629736 -2.453127 
59358.667347 -2.555537 
59358.704957 -2.637600 
59358.742567 -2.694917 
59358.780177 -2.722948 
59358.817787 -2.717296 
59358.855397 -2.674093 
59358.893007 -2.590465 
59358.930618 -2.465004 
59358.968228 -2.298176 
59359.005838 -2.092566 
59359.043448 -1.852850 
59359.081058 -1.585520 
59359.118668 -1.298309 
59359.156279 -0.999512 
59359.193889 -0.697270 
59359.231499 -0.398975 
59359.269109 -0.110853 
59359.306719 0.162234 
59359.344329 0.416805 
59359.381939 0.650649 
59359.419550 0.862624 
59359.457160 1.052441 
59359.494770 1.220442 
59359.532380 1.367414 
59359.569990 1.494426 
59359.607600 1.602713 
59359.645211 1.693576 
59359.682821 1.768325 
59359.720431 1.828231 
59359.758041 1.874500 
59359.795651 1.908255 
59359.833261 1.930531 
59359.870871 1.942270 
59359.908482 1.944324 
59359.946092 1.937459 
59359.983702 1.922359 
59360.021312 1.899635 
59360.058922 1.869826 
59360.096532 1.833412 
59360.134143 1.790813 
59360.171753 1.742399 
59360.209363 1.688492 
59360.246973 1.629375 
59360.284583 1.565289 
59360.322193 1.496446 
59360.359804 1.423022 
59360.397414 1.345171 
59360.435024 1.263018 
59360.472634 1.176668 
59360.510244 1.086208 
59360.547854 0.991706 
59360.585464 0.893215 
59360.623075 0.790775 
59360.660685 0.684418 
59360.698295 0.574166 
59360.735905 0.460037 
59360.773515 0.342048 
59360.811125 0.220216 
59360.848736 0.094565 
59360.886346 -0.034871 
59360.923956 -0.168040 
59360.961566 -0.304868 
59360.999176 -0.445245 
59361.036786 -0.589020 
59361.074396 -0.735984 
59361.112007 -0.885854 
59361.149617 -1.038255 
59361.187227 -1.192697 
59361.224837 -1.348542 
59361.262447 -1.504976 
59361.300057 -1.660967 
59361.337668 -1.815220 
59361.375278 -1.966128 
59361.412888 -2.111722 
59361.450498 -2.249619 
59361.488108 -2.376980 
59361.525718 -2.490489 
59361.563328 -2.586360 
59361.600939 -2.660396 
59361.638549 -2.708124 
59361.676159 -2.725015 
59361.713769 -2.706807 
59361.751379 -2.649921 
59361.788989 -2.551934 
59361.826600 -2.412047 
59361.864210 -2.231441 
59361.901820 -2.013438 
59361.939430 -1.763386 
59361.977040 -1.488281 
59362.014650 -1.196130 
59362.052261 -0.895252 
59362.089871 -0.593589 
59362.127481 -0.298166 
59362.165091 -0.014752 
59362.202701 0.252273 
59362.240311 0.499886 
59362.277921 0.726268 
59362.315532 0.930596 
59362.353142 1.112823 
59362.390752 1.273464 
59362.428362 1.413420 
59362.465972 1.533829 
59362.503582 1.635956 
59362.541193 1.721115 
59362.578803 1.790603 
59362.616413 1.845673 
59362.654023 1.887503 
59362.691633 1.917187 
59362.729243 1.935726 
59362.766853 1.944033 
59362.804464 1.942928 
59362.842074 1.933148 
59362.879684 1.915353 
59362.917294 1.890128 
59362.954904 1.857990 
59362.992514 1.819397 
59363.030125 1.774753 
59363.067735 1.724410 
59363.105345 1.668676 
59363.142955 1.607819 
59363.180565 1.542071 
59363.218175 1.471628 
59363.255785 1.396662 
59363.293396 1.317314 
59363.331006 1.233703 
59363.368616 1.145926 
59363.406226 1.054065 
59363.443836 0.958181 
59363.481446 0.858324 
59363.519057 0.754530 
59363.556667 0.646827 
59363.594277 0.535236 
59363.631887 0.419774 
59363.669497 0.300457 
59363.707107 0.177305 
59363.744718 0.050343 
59363.782328 -0.080387 
59363.819938 -0.214828 
59363.857548 -0.352895 
59363.895158 -0.494464 
59363.932768 -0.639365 
59363.970378 -0.787368 
59364.007989 -0.938158 
59364.045599 -1.091326 
59364.083209 -1.246332 
59364.120819 -1.402482 
59364.158429 -1.558893 
59364.196039 -1.714445 
59364.233650 -1.867743 
59364.271260 -2.017060 
59364.308870 -2.160291 
59364.346480 -2.294898 
59364.384090 -2.417881 
59364.421700 -2.525756 
59364.459310 -2.614587 
59364.496921 -2.680062 
59364.534531 -2.717660 
59364.572141 -2.722900 
59364.609751 -2.691706 
59364.647361 -2.620844 
59364.684971 -2.508400 
59364.722582 -2.354227 
59364.760192 -2.160238 
59364.797802 -1.930479 
59364.835412 -1.670932 
59364.873022 -1.389012 
59364.910632 -1.092916 
59364.948242 -0.790907 
59364.985853 -0.490661 
59365.023463 -0.198799 
59365.061073 0.079386 
59365.098683 0.339992 
59365.136293 0.580432 
59365.173903 0.799256 
59365.211514 0.995933 
59365.249124 1.170633 
59365.286734 1.324023 
59365.324344 1.457099 
59365.361954 1.571055 
59365.399564 1.667181 
59365.437175 1.746789 
59365.474785 1.811166 
59365.512395 1.861540 
59365.550005 1.899061 
59365.587615 1.924792 
59365.625225 1.939704 
59365.662835 1.944676 
59365.700446 1.940499 
59365.738056 1.927885 
59365.775666 1.907464 
59365.813276 1.879799 
59365.850886 1.845385 
59365.888496 1.804663 
59365.926107 1.758015 
59365.963717 1.705780 
59366.001327 1.648251 
59366.038937 1.585682 
59366.076547 1.518294 
59366.114157 1.446273 
59366.151767 1.369780 
59366.189378 1.288950 
59366.226988 1.203892 
59366.264598 1.114698 
59366.302208 1.021443 
59366.339818 0.924184 
59366.377428 0.822965 
59366.415039 0.717820 
59366.452649 0.608774 
59366.490259 0.495846 
59366.527869 0.379052 
59366.565479 0.258410 
59366.603089 0.133940 
59366.640699 0.005673 
59366.678310 -0.126345 
59366.715920 -0.262048 
59366.753530 -0.401338 
59366.791140 -0.544079 
59366.828750 -0.690080 
59366.866360 -0.839084 
59366.903971 -0.990747 
59366.941581 -1.144617 
59366.979191 -1.300105 
59367.016801 -1.456456 
59367.054411 -1.612710 
59367.092021 -1.767658 
59367.129632 -1.919796 
59367.167242 -2.067272 
59367.204852 -2.207838 
59367.242462 -2.338799 
59367.280072 -2.456988 
59367.317682 -2.558760 
59367.355292 -2.640037 
59367.392903 -2.696411 
59367.430513 -2.723342 
59367.468123 -2.716443 
59367.505733 -2.671874 
59367.543343 -2.586804 
59367.580953 -2.459883 
59367.618564 -2.291650 
59367.656174 -2.084762 
59367.693784 -1.843967 
59367.731394 -1.575810 
59367.769004 -1.288055 
59367.806614 -0.989004 
59367.844224 -0.686781 
59367.881835 -0.388743 
59367.919445 -0.101071 
59367.957055 0.171422 
59367.994665 0.425302 
59368.032275 0.658398 
59368.069885 0.869603 
59368.107496 1.058651 
59368.145106 1.225905 
59368.182716 1.372163 
59368.220326 1.498503 
59368.257936 1.606160 
59368.295546 1.696441 
59368.333156 1.770652 
59368.370767 1.830064 
59368.408377 1.875879 
59368.445987 1.909218 
59368.483597 1.931112 
59368.521207 1.942500 
59368.558817 1.944231 
59368.596428 1.937068 
59368.634038 1.921693 
59368.671648 1.898713 
59368.709258 1.868667 
59368.746868 1.832031 
59368.784478 1.789224 
59368.822089 1.740613 
59368.859699 1.686521 
59368.897309 1.627226 
59368.934919 1.562972 
59368.972529 1.493966 
59369.010139 1.420386 
59369.047749 1.342383 
59369.085360 1.260083 
59369.122970 1.173588 
59369.160580 1.082986 
59369.198190 0.988345 
59369.235800 0.889715 
59369.273410 0.787139 
59369.311021 0.680645 
59369.348631 0.570258 
59369.386241 0.455995 
59369.423851 0.337872 
59369.461461 0.215907 
59369.499071 0.090123 
59369.536681 -0.039444 
59369.574292 -0.172742 
59369.611902 -0.309695 
59369.649512 -0.450193 
59369.687122 -0.594083 
59369.724732 -0.741153 
59369.762342 -0.891118 
59369.799953 -1.043600 
59369.837563 -1.198102 
59369.875173 -1.353982 
59369.912783 -1.510420 
59369.950393 -1.666374 
59369.988003 -1.820539 
59370.025613 -1.971297 
59370.063224 -2.116666 
59370.100834 -2.254246 
59370.138444 -2.381184 
59370.176054 -2.494146 
59370.213664 -2.589329 
59370.251274 -2.662525 
59370.288885 -2.709256 
59370.326495 -2.724994 
59370.364105 -2.705495 
59370.401715 -2.647210 
59370.439325 -2.547768 
59370.476935 -2.406432 
59370.514546 -2.224455 
59370.552156 -2.005237 
59370.589766 -1.754187 
59370.627376 -1.478351 
59370.664986 -1.185757 
59370.702596 -0.884722 
59370.740206 -0.583164 
59370.777817 -0.288070 
59370.815427 -0.005162 
59370.853037 0.261232 
59370.890647 0.508130 
59370.928257 0.733752 
59370.965867 0.937308 
59371.003478 1.118772 
59371.041088 1.278677 
59371.078698 1.417932 
59371.116308 1.537683 
59371.153918 1.639198 
59371.191528 1.723789 
59371.229138 1.792755 
59371.266749 1.847345 
59371.304359 1.888734 
59371.341969 1.918013 
59371.379579 1.936182 
59371.417189 1.944148 
59371.454799 1.942729 
59371.492410 1.932660 
59371.530020 1.914597 
59371.567630 1.889122 
59371.605240 1.856752 
59371.642850 1.817943 
59371.680460 1.773094 
59371.718070 1.722559 
59371.755681 1.666643 
59371.793291 1.605612 
59371.830901 1.539696 
59371.868511 1.469094 
59371.906121 1.393973 
59371.943731 1.314474 
59371.981342 1.230717 
59372.018952 1.142797 
59372.056562 1.050795 
59372.094172 0.954772 
59372.131782 0.854777 
59372.169392 0.750847 
59372.207003 0.643008 
59372.244613 0.531282 
59372.282223 0.415686 
59372.319833 0.296235 
59372.357443 0.172949 
59372.395053 0.045856 
59372.432663 -0.085005 
59372.470274 -0.219574 
59372.507884 -0.357764 
59372.545494 -0.499452 
59372.583104 -0.644466 
59372.620714 -0.792571 
59372.658324 -0.943452 
59372.695935 -1.096694 
59372.733545 -1.251752 
59372.771155 -1.407928 
