# time Tc_folded Tref_folded model 
59318.650141 0.775973 0.290954    -2.689304
59318.687751 0.813584 0.304035    -2.452661
59318.725361 0.851194 0.317116    -2.181065
59318.762971 0.888804 0.330196    -1.883377
59318.800582 0.926414 0.343277    -1.568972
59318.838192 0.964024 0.356358    -1.246931
59318.875802 1.001634 0.369438    -0.925401
59318.913412 1.039244 0.382519    -0.611195
59318.951022 1.076855 0.395600    -0.309638
59318.988632 1.114465 0.408680    -0.024586
59319.026243 1.152075 0.421761     0.241411
59319.063853 1.189685 0.434842     0.486902
59319.101463 1.227295 0.447922     0.711295
59319.139073 1.264905 0.461003     0.914648
59319.176683 1.302516 0.474084     1.097471
59319.214293 1.340126 0.487164     1.260579
59319.251903 1.377736 0.500245     1.404971
59319.289514 1.415346 0.513326     1.531741
59319.327124 -1.422288 0.526407     1.642015
59319.364734 -1.384678 0.539487     1.736906
59319.402344 -1.347068 0.552568     1.817484
59319.439954 -1.309457 0.565649     1.884760
59319.477564 -1.271847 0.578729     1.939675
59319.515175 -1.234237 0.591810     1.983093
59319.552785 -1.196627 0.604891     2.015804
59319.590395 -1.159017 0.617971     2.038521
59319.628005 -1.121407 0.631052     2.051889
59319.665615 -1.083796 0.644133     2.056481
59319.703225 -1.046186 0.657213     2.052811
59319.740836 -1.008576 0.670294     2.041332
59319.778446 -0.970966 0.683375     2.022444
59319.816056 -0.933356 0.696455     1.996497
59319.853666 -0.895746 0.709536     1.963794
59319.891276 -0.858136 0.722617     1.924596
59319.928886 -0.820525 0.735697     1.879125
59319.966496 -0.782915 0.748778     1.827569
59320.004107 -0.745305 0.761859     1.770081
59320.041717 -0.707695 0.774939     1.706782
59320.079327 -0.670085 0.788020     1.637765
59320.116937 -0.632475 0.801101     1.563100
59320.154547 -0.594864 0.814182     1.482829
59320.192157 -0.557254 0.827262     1.396973
59320.229768 -0.519644 0.840343     1.305529
59320.267378 -0.482034 0.853424     1.208477
59320.304988 -0.444424 0.866504     1.105780
59320.342598 -0.406814 0.879585     0.997383
59320.380208 -0.369204 0.892666     0.883221
59320.417818 -0.331593 0.905746     0.763215
59320.455428 -0.293983 0.918827     0.637279
59320.493039 -0.256373 0.931908     0.505326
59320.530649 -0.218763 0.944988     0.367267
59320.568259 -0.181153 0.958069     0.223021
59320.605869 -0.143543 0.971150     0.072524
59320.643479 -0.105932 0.984230    -0.084264
59320.681089 -0.068322 0.997311    -0.247346
59320.718700 -0.030712 0.010392    -0.416671
59320.756310 0.006898 0.023472    -0.592112
59320.793920 0.044508 0.036553    -0.773443
59320.831530 0.082118 0.049634    -0.960309
59320.869140 0.119728 0.062715    -1.152179
59320.906750 0.157339 0.075795    -1.348308
59320.944360 0.194949 0.088876    -1.547669
59320.981971 0.232559 0.101957    -1.748892
59321.019581 0.270169 0.115037    -1.950183
59321.057191 0.307779 0.128118    -2.149241
59321.094801 0.345389 0.141199    -2.343175
59321.132411 0.383000 0.154279    -2.528422
59321.170021 0.420610 0.167360    -2.700707
59321.207632 0.458220 0.180441    -2.855033
59321.245242 0.495830 0.193521    -2.985765
59321.282852 0.533440 0.206602    -3.086821
59321.320462 0.571050 0.219683    -3.151998
59321.358072 0.608661 0.232763    -3.175452
59321.395682 0.646271 0.245844    -3.152301
59321.433293 0.683881 0.258925    -3.079283
59321.470903 0.721491 0.272005    -2.955350
59321.508513 0.759101 0.285086    -2.782058
59321.546123 0.796711 0.298167    -2.563632
59321.583733 0.834321 0.311247    -2.306684
59321.621343 0.871932 0.324328    -2.019552
59321.658953 0.909542 0.337409    -1.711488
59321.696564 0.947152 0.350490    -1.391797
59321.734174 0.984762 0.363570    -1.069109
59321.771784 1.022372 0.376651    -0.750869
59321.809394 1.059982 0.389732    -0.443076
59321.847004 1.097593 0.402812    -0.150230
59321.884614 1.135203 0.415893     0.124555
59321.922225 1.172813 0.428974     0.379364
59321.959835 1.210423 0.442054     0.613249
59321.997445 1.248033 0.455135     0.826000
59322.035055 1.285643 0.468216     1.017947
59322.072665 1.323253 0.481296     1.189784
59322.110275 1.360864 0.494377     1.342441
59322.147885 1.398474 0.507458     1.476978
59322.185496 1.436084 0.520538     1.594513
59322.223106 -1.401550 0.533619     1.696170
59322.260716 -1.363940 0.546700     1.783040
59322.298326 -1.326330 0.559780     1.856163
59322.335936 -1.288720 0.572861     1.916512
59322.373546 -1.251109 0.585942     1.964985
59322.411157 -1.213499 0.599022     2.002407
59322.448767 -1.175889 0.612103     2.029523
59322.486377 -1.138279 0.625184     2.047010
59322.523987 -1.100669 0.638265     2.055472
59322.561597 -1.063059 0.651345     2.055449
59322.599207 -1.025448 0.664426     2.047421
59322.636817 -0.987838 0.677507     2.031811
59322.674428 -0.950228 0.690587     2.008990
59322.712038 -0.912618 0.703668     1.979283
59322.749648 -0.875008 0.716749     1.942968
59322.787258 -0.837398 0.729829     1.900287
59322.824868 -0.799787 0.742910     1.851440
59322.862478 -0.762177 0.755991     1.796596
59322.900089 -0.724567 0.769071     1.735890
59322.937699 -0.686957 0.782152     1.669429
59322.975309 -0.649347 0.795233     1.597291
59323.012919 -0.611737 0.808313     1.519531
59323.050529 -0.574127 0.821394     1.436179
59323.088139 -0.536516 0.834475     1.347243
59323.125750 -0.498906 0.847555     1.252711
59323.163360 -0.461296 0.860636     1.152552
59323.200970 -0.423686 0.873717     1.046720
59323.238580 -0.386076 0.886798     0.935153
59323.276190 -0.348466 0.899878     0.817779
59323.313800 -0.310855 0.912959     0.694514
59323.351410 -0.273245 0.926040     0.565271
59323.389021 -0.235635 0.939120     0.429962
59323.426631 -0.198025 0.952201     0.288501
59323.464241 -0.160415 0.965282     0.140815
59323.501851 -0.122805 0.978362    -0.013148
59323.539461 -0.085195 0.991443    -0.173410
59323.577071 -0.047584 0.004524    -0.339944
59323.614682 -0.009974 0.017604    -0.512662
59323.652292 0.027636 0.030685    -0.691387
59323.689902 0.065246 0.043766    -0.875824
59323.727512 0.102856 0.056846    -1.065528
59323.765122 0.140466 0.069927    -1.259855
59323.802732 0.178077 0.083008    -1.457913
59323.840342 0.215687 0.096088    -1.658495
59323.877953 0.253297 0.109169    -1.860008
59323.915563 0.290907 0.122250    -2.060388
59323.953173 0.328517 0.135330    -2.257020
59323.990783 0.366127 0.148411    -2.446649
59324.028393 0.403737 0.161492    -2.625325
59324.066003 0.441348 0.174573    -2.788369
59324.103614 0.478958 0.187653    -2.930417
59324.141224 0.516568 0.200734    -3.045556
59324.178834 0.554178 0.213815    -3.127586
59324.216444 0.591788 0.226895    -3.170433
59324.254054 0.629398 0.239976    -3.168704
59324.291664 0.667009 0.253057    -3.118331
59324.329274 0.704619 0.266137    -3.017208
59324.366885 0.742229 0.279218    -2.865692
59324.404495 0.779839 0.292299    -2.666826
59324.442105 0.817449 0.305379    -2.426215
59324.479715 0.855059 0.318460    -2.151514
59324.517325 0.892670 0.331541    -1.851673
59324.554935 0.930280 0.344621    -1.536076
59324.592546 0.967890 0.357702    -1.213733
59324.630156 1.005500 0.370783    -0.892666
59324.667766 1.043110 0.383863    -0.579541
59324.705376 1.080720 0.396944    -0.279525
59324.742986 1.118330 0.410025     0.003665
59324.780596 1.155941 0.423106     0.267605
59324.818207 1.193551 0.436186     0.510942
59324.855817 1.231161 0.449267     0.733161
59324.893427 1.268771 0.462348     0.934374
59324.931037 1.306381 0.475428     1.115128
59324.968647 1.343991 0.488509     1.276264
59325.006257 1.381602 0.501590     1.418794
59325.043867 1.419212 0.514670     1.543817
59325.081478 -1.418422 0.527751     1.652459
59325.119088 -1.380812 0.540832     1.745830
59325.156698 -1.343202 0.553912     1.824995
59325.194308 -1.305592 0.566993     1.890959
59325.231918 -1.267982 0.580074     1.944654
59325.269528 -1.230371 0.593154     1.986936
59325.307139 -1.192761 0.606235     2.018588
59325.344749 -1.155151 0.619316     2.040316
59325.382359 -1.117541 0.632396     2.052756
59325.419969 -1.079931 0.645477     2.056477
59325.457579 -1.042321 0.658558     2.051984
59325.495189 -1.004711 0.671638     2.039726
59325.532799 -0.967100 0.684719     2.020098
59325.570410 -0.929490 0.697800     1.993442
59325.608020 -0.891880 0.710881     1.960060
59325.645630 -0.854270 0.723961     1.920208
59325.683240 -0.816660 0.737042     1.874104
59325.720850 -0.779050 0.750123     1.821932
59325.758460 -0.741439 0.763203     1.763841
59325.796071 -0.703829 0.776284     1.699950
59325.833681 -0.666219 0.789365     1.630350
59325.871291 -0.628609 0.802445     1.555108
59325.908901 -0.590999 0.815526     1.474262
59325.946511 -0.553389 0.828607     1.387832
59325.984121 -0.515779 0.841687     1.295813
59326.021731 -0.478168 0.854768     1.198183
59326.059342 -0.440558 0.867849     1.094902
59326.096952 -0.402948 0.880929     0.985917
59326.134562 -0.365338 0.894010     0.871157
59326.172172 -0.327728 0.907091     0.750546
59326.209782 -0.290118 0.920171     0.623996
59326.247392 -0.252507 0.933252     0.491419
59326.285003 -0.214897 0.946333     0.352727
59326.322613 -0.177287 0.959413     0.207842
59326.360223 -0.139677 0.972494     0.056700
59326.397833 -0.102067 0.985575    -0.100736
59326.435443 -0.064457 0.998656    -0.264463
59326.473053 -0.026846 0.011736    -0.434424
59326.510664 0.010764 0.024817    -0.610482
59326.548274 0.048374 0.037898    -0.792402
59326.585884 0.085984 0.050978    -0.979809
59326.623494 0.123594 0.064059    -1.172157
59326.661104 0.161204 0.077140    -1.368670
59326.698714 0.198814 0.090220    -1.568292
59326.736324 0.236425 0.103301    -1.769612
59326.773935 0.274035 0.116382    -1.970789
59326.811545 0.311645 0.129462    -2.169465
59326.849155 0.349255 0.142543    -2.362682
59326.886765 0.386865 0.155624    -2.546807
59326.924375 0.424475 0.168704    -2.717488
59326.961985 0.462086 0.181785    -2.869658
59326.999596 0.499696 0.194866    -2.997626
59327.037206 0.537306 0.207946    -3.095279
59327.074816 0.574916 0.221027    -3.156425
59327.112426 0.612526 0.234108    -3.175292
59327.150036 0.650136 0.247189    -3.147133
59327.187646 0.687746 0.260269    -3.068888
59327.225256 0.725357 0.273350    -2.939764
59327.262867 0.762967 0.286431    -2.761590
59327.300477 0.800577 0.299511    -2.538868
59327.338087 0.838187 0.312592    -2.278411
59327.375697 0.875797 0.325673    -1.988693
59327.413307 0.913407 0.338753    -1.679012
59327.450917 0.951018 0.351834    -1.358632
59327.488528 0.988628 0.364915    -1.036081
59327.526138 1.026238 0.377995    -0.718664
59327.563748 1.063848 0.391076    -0.412224
59327.601358 1.101458 0.404157    -0.121113
59327.638968 1.139068 0.417237     0.151688
59327.676578 1.176678 0.430318     0.404376
59327.714188 1.214289 0.443399     0.636088
59327.751799 1.251899 0.456479     0.846679
59327.789409 1.289509 0.469560     1.036522
59327.827019 1.327119 0.482641     1.206342
59327.864629 1.364729 0.495721     1.357086
59327.902239 1.402339 0.508802     1.489823
59327.939849 -1.435295 0.521883     1.605675
59327.977460 -1.397684 0.534964     1.705762
59328.015070 -1.360074 0.548044     1.791172
59328.052680 -1.322464 0.561125     1.862939
59328.090290 -1.284854 0.574206     1.922027
59328.127900 -1.247244 0.587286     1.969328
59328.165510 -1.209634 0.600367     2.005657
59328.203121 -1.172023 0.613448     2.031754
59328.240731 -1.134413 0.626528     2.048286
59328.278341 -1.096803 0.639609     2.055852
59328.315951 -1.059193 0.652690     2.054985
59328.353561 -1.021583 0.665770     2.046159
59328.391171 -0.983973 0.678851     2.029792
59328.428781 -0.946362 0.691932     2.006249
59328.466392 -0.908752 0.705012     1.975850
59328.504002 -0.871142 0.718093     1.938871
59328.541612 -0.833532 0.731174     1.895547
59328.579222 -0.795922 0.744254     1.846077
59328.616832 -0.758312 0.757335     1.790625
59328.654442 -0.720702 0.770416     1.729323
59328.692053 -0.683091 0.783497     1.662276
59328.729663 -0.645481 0.796577     1.589557
59328.767273 -0.607871 0.809658     1.511222
59328.804883 -0.570261 0.822739     1.427296
59328.842493 -0.532651 0.835819     1.337785
59328.880103 -0.495041 0.848900     1.242676
59328.917713 -0.457430 0.861981     1.141937
59328.955324 -0.419820 0.875061     1.035518
59328.992934 -0.382210 0.888142     0.923358
59329.030544 -0.344600 0.901223     0.805382
59329.068154 -0.306990 0.914303     0.681507
59329.105764 -0.269380 0.927384     0.551645
59329.143374 -0.231770 0.940465     0.415707
59329.180985 -0.194159 0.953545     0.273610
59329.218595 -0.156549 0.966626     0.125281
59329.256205 -0.118939 0.979707    -0.029330
59329.293815 -0.081329 0.992787    -0.190238
59329.331425 -0.043719 0.005868    -0.357414
59329.369035 -0.006109 0.018949    -0.530759
59329.406645 0.031502 0.032029    -0.710087
59329.444256 0.069112 0.045110    -0.895088
59329.481866 0.106722 0.058191    -1.085301
59329.519476 0.144332 0.071272    -1.280057
59329.557086 0.181942 0.084352    -1.478436
59329.594696 0.219552 0.097433    -1.679195
59329.632306 0.257162 0.110514    -1.880695
59329.669917 0.294773 0.123594    -2.080821
59329.707527 0.332383 0.136675    -2.276894
59329.745137 0.369993 0.149756    -2.465593
59329.782747 0.407603 0.162836    -2.642889
59329.820357 0.445213 0.175917    -2.804034
59329.857967 0.482823 0.188998    -2.943596
59329.895578 0.520434 0.202078    -3.055619
59329.933188 0.558044 0.215159    -3.133895
59329.970798 0.595654 0.228240    -3.172392
59330.008408 0.633264 0.241320    -3.165823
59330.046018 0.670874 0.254401    -3.110293
59330.083628 0.708484 0.267482    -3.003929
59330.121238 0.746095 0.280562    -2.847361
59330.158849 0.783705 0.293643    -2.643905
59330.196459 0.821315 0.306724    -2.399409
59330.234069 0.858925 0.319804    -2.121696
59330.271679 0.896535 0.332885    -1.819804
59330.309289 0.934145 0.345966    -1.503111
59330.346899 0.971755 0.359047    -1.180549
59330.384510 1.009366 0.372127    -0.860017
59330.422120 1.046976 0.385208    -0.548026
59330.459730 1.084586 0.398289    -0.249592
59330.497340 1.122196 0.411369     0.031711
59330.534950 1.159806 0.424450     0.293580
59330.572560 1.197416 0.437531     0.534758
59330.610170 1.235027 0.450611     0.754804
59330.647781 1.272637 0.463692     0.953883
59330.685391 1.310247 0.476773     1.132579
59330.723001 1.347857 0.489853     1.291754
59330.760611 1.385467 0.502934     1.432432
59330.798221 1.423077 0.516015     1.555719
59330.835831 -1.414557 0.529095     1.662741
59330.873442 -1.376946 0.542176     1.754604
59330.911052 -1.339336 0.555257     1.832368
59330.948662 -1.301726 0.568337     1.897029
59330.986272 -1.264116 0.581418     1.949512
59331.023882 -1.226506 0.594499     1.990667
59331.061492 -1.188896 0.607580     2.021268
59331.099102 -1.151286 0.620660     2.042013
59331.136713 -1.113675 0.633741     2.053531
59331.174323 -1.076065 0.646822     2.056386
59331.211933 -1.038455 0.659902     2.051075
59331.249543 -1.000845 0.672983     2.038042
59331.287153 -0.963235 0.686064     2.017676
59331.324763 -0.925625 0.699144     1.990317
59331.362374 -0.888014 0.712225     1.956258
59331.399984 -0.850404 0.725306     1.915754
59331.437594 -0.812794 0.738386     1.869019
59331.475204 -0.775184 0.751467     1.816232
59331.512814 -0.737574 0.764548     1.757540
59331.550424 -0.699964 0.777628     1.693059
59331.588035 -0.662353 0.790709     1.622876
59331.625645 -0.624743 0.803790     1.547056
59331.663255 -0.587133 0.816870     1.465636
59331.700865 -0.549523 0.829951     1.378632
59331.738475 -0.511913 0.843032     1.286037
59331.776085 -0.474303 0.856112     1.187829
59331.813695 -0.436693 0.869193     1.083965
59331.851306 -0.399082 0.882274     0.974389
59331.888916 -0.361472 0.895355     0.859032
59331.926526 -0.323862 0.908435     0.737814
59331.964136 -0.286252 0.921516     0.610649
59332.001746 -0.248642 0.934597     0.477447
59332.039356 -0.211032 0.947677     0.338123
59332.076967 -0.173421 0.960758     0.192597
59332.114577 -0.135811 0.973839     0.040809
59332.152187 -0.098201 0.986919    -0.117275
59332.189797 -0.060591 1.000000    -0.281646
59332.227407 -0.022981 0.013081    -0.452241
59332.265017 0.014629 0.026161    -0.628915
59332.302627 0.052239 0.039242    -0.811419
59332.340238 0.089850 0.052323    -0.999363
59332.377848 0.127460 0.065403    -1.192178
59332.415458 0.165070 0.078484    -1.389065
59332.453068 0.202680 0.091565    -1.588933
59332.490678 0.240290 0.104645    -1.790332
59332.528288 0.277900 0.117726    -1.991370
59332.565899 0.315511 0.130807    -2.189632
59332.603509 0.353121 0.143888    -2.382094
59332.641119 0.390731 0.156968    -2.565050
59332.678729 0.428341 0.170049    -2.734073
59332.716339 0.465951 0.183130    -2.884028
59332.753949 0.503561 0.196210    -3.009167
59332.791559 0.541171 0.209291    -3.103350
59332.829170 0.578782 0.222372    -3.160405
59332.866780 0.616392 0.235452    -3.174633
59332.904390 0.654002 0.248533    -3.141433
59332.942000 0.691612 0.261614    -3.057953
59332.979610 0.729222 0.274694    -2.923657
59333.017220 0.766832 0.287775    -2.740654
59333.054831 0.804443 0.300856    -2.513705
59333.092441 0.842053 0.313936    -2.249829
59333.130051 0.879663 0.327017    -1.957624
59333.167661 0.917273 0.340098    -1.646423
59333.205271 0.954883 0.353178    -1.325445
59333.242881 0.992493 0.366259    -1.003109
59333.280492 1.030104 0.379340    -0.686576
59333.318102 1.067714 0.392420    -0.381535
59333.355712 1.105324 0.405501    -0.092191
59333.393322 1.142934 0.418582     0.178609
59333.430932 1.180544 0.431663     0.429167
59333.468542 1.218154 0.444743     0.658704
59333.506152 1.255764 0.457824     0.867138
59333.543763 1.293375 0.470905     1.054885
59333.581373 1.330985 0.483985     1.222698
59333.618983 1.368595 0.497066     1.371540
59333.656593 1.406205 0.510147     1.502490
59333.694203 -1.431429 0.523227     1.616670
59333.731813 -1.393819 0.536308     1.715199
59333.769424 -1.356209 0.549389     1.799161
59333.807034 -1.318598 0.562469     1.869581
59333.844644 -1.280988 0.575550     1.927417
59333.882254 -1.243378 0.588631     1.973554
59333.919864 -1.205768 0.601711     2.008799
59333.957474 -1.168158 0.614792     2.033883
59333.995084 -1.130548 0.627873     2.049468
59334.032695 -1.092937 0.640953     2.056143
59334.070305 -1.055327 0.654034     2.054438
59334.107915 -1.017717 0.667115     2.044818
59334.145525 -0.980107 0.680196     2.027697
59334.183135 -0.942497 0.693276     2.003436
59334.220745 -0.904887 0.706357     1.972349
59334.258356 -0.867277 0.719438     1.934707
59334.295966 -0.829666 0.732518     1.890743
59334.333576 -0.792056 0.745599     1.840651
59334.371186 -0.754446 0.758680     1.784592
59334.408796 -0.716836 0.771760     1.722695
59334.446406 -0.679226 0.784841     1.655062
59334.484016 -0.641616 0.797922     1.581764
59334.521627 -0.604005 0.811002     1.502853
59334.559237 -0.566395 0.824083     1.418353
59334.596847 -0.528785 0.837164     1.328268
59334.634457 -0.491175 0.850244     1.232583
59334.672067 -0.453565 0.863325     1.131262
59334.709677 -0.415955 0.876406     1.024256
59334.747288 -0.378345 0.889486     0.911502
59334.784898 -0.340734 0.902567     0.792924
59334.822508 -0.303124 0.915648     0.668437
59334.860118 -0.265514 0.928728     0.537955
59334.897728 -0.227904 0.941809     0.401388
59334.935338 -0.190294 0.954890     0.258652
59334.972949 -0.152684 0.967971     0.109680
59335.010559 -0.115073 0.981051    -0.045578
59335.048169 -0.077463 0.994132    -0.207133
59335.085779 -0.039853 0.007213    -0.374948
59335.123389 -0.002243 0.020293    -0.548919
59335.160999 0.035367 0.033374    -0.728846
59335.198609 0.072977 0.046455    -0.914408
59335.236220 0.110588 0.059535    -1.105122
59335.273830 0.148198 0.072616    -1.300298
59335.311440 0.185808 0.085697    -1.498985
59335.349050 0.223418 0.098777    -1.699903
59335.386660 0.261028 0.111858    -1.901368
59335.424270 0.298638 0.124939    -2.101211
59335.461881 0.336248 0.138019    -2.296691
59335.499491 0.373859 0.151100    -2.484416
59335.537101 0.411469 0.164181    -2.660284
59335.574711 0.449079 0.177261    -2.819471
59335.612321 0.486689 0.190342    -2.956484
59335.649931 0.524299 0.203423    -3.065326
59335.687541 0.561909 0.216503    -3.139784
59335.725152 0.599520 0.229584    -3.173875
59335.762762 0.637130 0.242665    -3.162423
59335.800372 0.674740 0.255746    -3.101715
59335.837982 0.712350 0.268826    -2.990117
59335.875592 0.749960 0.281907    -2.828531
59335.913202 0.787570 0.294988    -2.620548
59335.950813 0.825180 0.308068    -2.372250
59335.988423 0.862791 0.321149    -2.091623
59336.026033 0.900401 0.334230    -1.787779
59336.063643 0.938011 0.347310    -1.470084
59336.101253 0.975621 0.360391    -1.147389
59336.138863 1.013231 0.373472    -0.827459
59336.176473 1.050841 0.386552    -0.516656
59336.214084 1.088452 0.399633    -0.219841
59336.251694 1.126062 0.412714     0.059552
59336.289304 1.163672 0.425794     0.319336
59336.326914 1.201282 0.438875     0.558350
59336.364524 1.238892 0.451956     0.776226
59336.402134 1.276502 0.465036     0.973176
59336.439745 1.314112 0.478117     1.149823
59336.477355 1.351723 0.491198     1.307047
59336.514965 1.389333 0.504279     1.445887
59336.552575 1.426943 0.517359     1.567450
59336.590185 -1.410691 0.530440     1.672864
59336.627795 -1.373081 0.543521     1.763229
59336.665406 -1.335471 0.556601     1.839601
59336.703016 -1.297860 0.569682     1.902969
59336.740626 -1.260250 0.582763     1.954251
59336.778236 -1.222640 0.595843     1.994287
59336.815846 -1.185030 0.608924     2.023843
59336.853456 -1.147420 0.622005     2.043612
59336.891066 -1.109810 0.635085     2.054215
59336.928677 -1.072200 0.648166     2.056208
59336.966287 -1.034589 0.661247     2.050085
59337.003897 -0.996979 0.674327     2.036281
59337.041507 -0.959369 0.687408     2.015181
59337.079117 -0.921759 0.700489     1.987121
59337.116727 -0.884149 0.713569     1.952389
59337.154338 -0.846539 0.726650     1.911235
59337.191948 -0.808928 0.739731     1.863870
59337.229558 -0.771318 0.752811     1.810469
59337.267168 -0.733708 0.765892     1.751177
59337.304778 -0.696098 0.778973     1.686107
59337.342388 -0.658488 0.792054     1.615342
59337.379998 -0.620878 0.805134     1.538945
59337.417609 -0.583268 0.818215     1.456951
59337.455219 -0.545657 0.831296     1.369373
59337.492829 -0.508047 0.844376     1.276203
59337.530439 -0.470437 0.857457     1.177415
59337.568049 -0.432827 0.870538     1.072967
59337.605659 -0.395217 0.883618     0.962800
59337.643270 -0.357607 0.896699     0.846844
59337.680880 -0.319996 0.909780     0.725019
59337.718490 -0.282386 0.922860     0.597238
59337.756100 -0.244776 0.935941     0.463411
59337.793710 -0.207166 0.949022     0.323452
59337.831320 -0.169556 0.962102     0.177285
59337.868930 -0.131946 0.975183     0.024851
59337.906541 -0.094336 0.988264    -0.133880
59337.944151 -0.056725 0.001344    -0.298895
59337.981761 -0.019115 0.014425    -0.470123
59338.019371 0.018495 0.027506    -0.647410
59338.056981 0.056105 0.040587    -0.830493
59338.094591 0.093715 0.053667    -1.018967
59338.132202 0.131325 0.066748    -1.212242
59338.169812 0.168936 0.079829    -1.409492
59338.207422 0.206546 0.092909    -1.609591
59338.245032 0.244156 0.105990    -1.811048
59338.282642 0.281766 0.119071    -2.011922
59338.320252 0.319376 0.132151    -2.209738
59338.357863 0.356986 0.145232    -2.401406
59338.395473 0.394596 0.158313    -2.583146
59338.433083 0.432207 0.171393    -2.750458
59338.470693 0.469817 0.184474    -2.898136
59338.508303 0.507427 0.197555    -3.020380
59338.545913 0.545037 0.210635    -3.111028
59338.583523 0.582647 0.223716    -3.163931
59338.621134 0.620257 0.236797    -3.173472
59338.658744 0.657868 0.249877    -3.135201
59338.696354 0.695478 0.262958    -3.046479
59338.733964 0.733088 0.276039    -2.907034
59338.771574 0.770698 0.289119    -2.719251
59338.809184 0.808308 0.302200    -2.488150
59338.846795 0.845918 0.315281    -2.220946
59338.884405 0.883529 0.328362    -1.926355
59338.922015 0.921139 0.341442    -1.613732
59338.959625 0.958749 0.354523    -1.292245
59338.997235 0.996359 0.367604    -0.970199
59339.034845 1.033969 0.380684    -0.654610
59339.072455 1.071579 0.393765    -0.351014
59339.110066 1.109189 0.406846    -0.063465
59339.147676 1.146800 0.419926     0.205315
59339.185286 1.184410 0.433007     0.453735
59339.222896 1.222020 0.446088     0.681097
59339.260506 1.259630 0.459168     0.887378
59339.298116 1.297240 0.472249     1.073037
59339.335727 1.334850 0.485330     1.238853
59339.373337 1.372461 0.498410     1.385806
59339.410947 1.410071 0.511491     1.514980
59339.448557 -1.427563 0.524572     1.627500
59339.486167 -1.389953 0.537652     1.724483
59339.523777 -1.352343 0.550733     1.807006
59339.561387 -1.314733 0.563814     1.876090
59339.598998 -1.277123 0.576894     1.932685
59339.636608 -1.239512 0.589975     1.977666
59339.674218 -1.201902 0.603056     2.011834
59339.711828 -1.164292 0.616137     2.035913
59339.749438 -1.126682 0.629217     2.050555
59339.787048 -1.089072 0.642298     2.056346
59339.824659 -1.051462 0.655379     2.053806
59339.862269 -1.013852 0.668459     2.043398
59339.899879 -0.976241 0.681540     2.025527
59339.937489 -0.938631 0.694621     2.000550
59339.975099 -0.901021 0.707701     1.968778
59340.012709 -0.863411 0.720782     1.930477
59340.050320 -0.825801 0.733863     1.885874
59340.087930 -0.788191 0.746943     1.835162
59340.125540 -0.750580 0.760024     1.778497
59340.163150 -0.712970 0.773105     1.716007
59340.200760 -0.675360 0.786185     1.647787
59340.238370 -0.637750 0.799266     1.573912
59340.275980 -0.600140 0.812347     1.494426
59340.313591 -0.562530 0.825427     1.409352
59340.351201 -0.524919 0.838508     1.318692
59340.388811 -0.487309 0.851589     1.222429
59340.426421 -0.449699 0.864670     1.120527
59340.464031 -0.412089 0.877750     1.012933
59340.501641 -0.374479 0.890831     0.899584
59340.539252 -0.336869 0.903912     0.780403
59340.576862 -0.299259 0.916992     0.655304
59340.614472 -0.261648 0.930073     0.524200
59340.652082 -0.224038 0.943154     0.387003
59340.689692 -0.186428 0.956234     0.243629
59340.727302 -0.148818 0.969315     0.094012
59340.764912 -0.111208 0.982396    -0.061892
59340.802523 -0.073598 0.995476    -0.224094
59340.840133 -0.035987 0.008557    -0.392548
59340.877743 0.001623 0.021638    -0.567142
59340.915353 0.039233 0.034718    -0.747666
59340.952963 0.076843 0.047799    -0.933782
59340.990573 0.114453 0.060880    -1.124990
59341.028184 0.152063 0.073960    -1.320576
59341.065794 0.189673 0.087041    -1.519558
59341.103404 0.227284 0.100122    -1.720617
59341.141014 0.264894 0.113202    -1.922025
59341.178624 0.302504 0.126283    -2.121556
59341.216234 0.340114 0.139364    -2.316407
59341.253844 0.377724 0.152445    -2.503115
59341.291455 0.415334 0.165525    -2.677503
59341.329065 0.452945 0.178606    -2.834674
59341.366675 0.490555 0.191687    -2.969075
59341.404285 0.528165 0.204767    -3.074670
59341.441895 0.565775 0.217848    -3.145245
59341.479505 0.603385 0.230929    -3.174874
59341.517116 0.640995 0.244009    -3.158501
59341.554726 0.678605 0.257090    -3.092597
59341.592336 0.716216 0.270171    -2.975774
59341.629946 0.753826 0.283251    -2.809210
59341.667556 0.791436 0.296332    -2.596765
59341.705166 0.829046 0.309413    -2.344749
59341.742777 0.866656 0.322493    -2.061304
59341.780387 0.904266 0.335574    -1.755608
59341.817997 0.941877 0.348655    -1.437006
59341.855607 0.979487 0.361735    -1.114258
59341.893217 1.017097 0.374816    -0.794999
59341.930827 1.054707 0.387897    -0.485434
59341.968437 1.092317 0.400978    -0.190275
59342.006048 1.129927 0.414058     0.087184
59342.043658 1.167538 0.427139     0.344872
59342.081268 1.205148 0.440220     0.581719
59342.118878 1.242758 0.453300     0.797426
59342.156488 1.280368 0.466381     0.992255
59342.194098 1.317978 0.479462     1.166861
59342.231709 1.355588 0.492542     1.322147
59342.269319 1.393198 0.505623     1.459158
59342.306929 1.430809 0.518704     1.579010
59342.344539 -1.406825 0.531784     1.682827
59342.382149 -1.369215 0.544865     1.771707
59342.419759 -1.331605 0.557946     1.846698
59342.457369 -1.293995 0.571026     1.908783
59342.494980 -1.256385 0.584107     1.958870
59342.532590 -1.218775 0.597188     1.997795
59342.570200 -1.181164 0.610268     2.026315
59342.607810 -1.143554 0.623349     2.045115
59342.645420 -1.105944 0.636430     2.054808
59342.683030 -1.068334 0.649510     2.055945
59342.720641 -1.030724 0.662591     2.049013
59342.758251 -0.993114 0.675672     2.034443
59342.795861 -0.955503 0.688753     2.012613
59342.833471 -0.917893 0.701833     1.983854
59342.871081 -0.880283 0.714914     1.948451
59342.908691 -0.842673 0.727995     1.906650
59342.946301 -0.805063 0.741075     1.858657
59342.983912 -0.767453 0.754156     1.804645
59343.021522 -0.729843 0.767237     1.744754
59343.059132 -0.692232 0.780317     1.679095
59343.096742 -0.654622 0.793398     1.607749
59343.134352 -0.617012 0.806479     1.530776
59343.171962 -0.579402 0.819559     1.448207
59343.209573 -0.541792 0.832640     1.360055
59343.247183 -0.504182 0.845721     1.266309
59343.284793 -0.466571 0.858801     1.166941
59343.322403 -0.428961 0.871882     1.061908
59343.360013 -0.391351 0.884963     0.951150
59343.397623 -0.353741 0.898043     0.834595
59343.435234 -0.316131 0.911124     0.712162
59343.472844 -0.278521 0.924205     0.583763
59343.510454 -0.240911 0.937285     0.449310
59343.548064 -0.203300 0.950366     0.308716
59343.585674 -0.165690 0.963447     0.161908
59343.623284 -0.128080 0.976528     0.008827
59343.660894 -0.090470 0.989608    -0.150551
59343.698505 -0.052860 0.002689    -0.316210
59343.736115 -0.015250 0.015770    -0.488069
59343.773725 0.022361 0.028850    -0.665966
59343.811335 0.059971 0.041931    -0.849625
59343.848945 0.097581 0.055012    -1.038623
59343.886555 0.135191 0.068092    -1.232349
59343.924166 0.172801 0.081173    -1.429949
59343.961776 0.210411 0.094254    -1.630263
59343.999386 0.248022 0.107334    -1.831758
59344.036996 0.285632 0.120415    -2.032442
59344.074606 0.323242 0.133496    -2.229780
59344.112216 0.360852 0.146576    -2.420613
59344.149826 0.398462 0.159657    -2.601091
59344.187437 0.436072 0.172738    -2.766636
59344.225047 0.473682 0.185818    -2.911976
59344.262657 0.511293 0.198899    -3.031260
59344.300267 0.548903 0.211980    -3.118308
59344.337877 0.586513 0.225061    -3.166998
59344.375487 0.624123 0.238141    -3.171805
59344.413098 0.661733 0.251222    -3.128433
59344.450708 0.699343 0.264303    -3.034467
59344.488318 0.736954 0.277383    -2.889898
59344.525928 0.774564 0.290464    -2.697389
59344.563538 0.812174 0.303545    -2.462213
59344.601148 0.849784 0.316625    -2.191774
59344.638758 0.887394 0.329706    -1.894895
59344.676369 0.925004 0.342787    -1.580948
59344.713979 0.962614 0.355867    -1.259040
59344.751589 1.000225 0.368948    -0.937358
59344.789199 1.037835 0.382029    -0.622773
59344.826809 1.075445 0.395109    -0.320663
59344.864419 1.113055 0.408190    -0.034939
59344.902030 1.150665 0.421271     0.231805
59344.939640 1.188275 0.434351     0.478079
59344.977250 1.225886 0.447432     0.703266
59345.014860 1.263496 0.460513     0.907400
59345.052470 1.301106 0.473593     1.090980
59345.090080 1.338716 0.486674     1.254809
59345.127691 1.376326 0.499755     1.399883
59345.165301 1.413936 0.512836     1.527294
59345.202911 -1.423698 0.525916     1.638166
59345.240521 -1.386087 0.538997     1.733614
59345.278131 -1.348477 0.552078     1.814710
59345.315741 -1.310867 0.565158     1.882467
59345.353351 -1.273257 0.578239     1.937829
59345.390962 -1.235647 0.591320     1.981664
59345.428572 -1.198037 0.604400     2.014762
59345.466182 -1.160426 0.617481     2.037842
59345.503792 -1.122816 0.630562     2.051549
59345.541402 -1.085206 0.643642     2.056461
59345.579012 -1.047596 0.656723     2.053092
59345.616623 -1.009986 0.669804     2.041899
59345.654233 -0.972376 0.682884     2.023282
59345.691843 -0.934766 0.695965     1.997593
59345.729453 -0.897155 0.709046     1.965138
59345.767063 -0.859545 0.722126     1.926179
59345.804673 -0.821935 0.735207     1.880941
59345.842283 -0.784325 0.748288     1.829610
59345.879894 -0.746715 0.761369     1.772341
59345.917504 -0.709105 0.774449     1.709258
59345.955114 -0.671494 0.787530     1.640454
59345.992724 -0.633884 0.800611     1.566000
59346.030334 -0.596274 0.813691     1.485939
59346.067944 -0.558664 0.826772     1.400291
59346.105555 -0.521054 0.839853     1.309057
59346.143165 -0.483444 0.852933     1.212216
59346.180775 -0.445834 0.866014     1.109731
59346.218385 -0.408223 0.879095     1.001550
59346.255995 -0.370613 0.892175     0.887605
59346.293605 -0.333003 0.905256     0.767819
59346.331215 -0.295393 0.918337     0.642108
59346.368826 -0.257783 0.931417     0.510381
59346.406436 -0.220173 0.944498     0.372553
59346.444046 -0.182562 0.957579     0.228540
59346.481656 -0.144952 0.970659     0.078279
59346.519266 -0.107342 0.983740    -0.078274
59346.556876 -0.069732 0.996821    -0.241121
59346.594487 -0.032122 0.009901    -0.410213
59346.632097 0.005488 0.022982    -0.585428
59346.669707 0.043098 0.036063    -0.766544
59346.707317 0.080709 0.049144    -0.953210
59346.744927 0.118319 0.062224    -1.144906
59346.782537 0.155929 0.075305    -1.340891
59346.820148 0.193539 0.088386    -1.540153
59346.857758 0.231149 0.101466    -1.741335
59346.895368 0.268759 0.114547    -1.942662
59346.932978 0.306370 0.127628    -2.141853
59346.970588 0.343980 0.140708    -2.336038
59347.008198 0.381590 0.153789    -2.521684
59347.045808 0.419200 0.166870    -2.694540
59347.083419 0.456810 0.179950    -2.849637
59347.121029 0.494420 0.193031    -2.981362
59347.158639 0.532031 0.206112    -3.083643
59347.196249 0.569641 0.219192    -3.150273
59347.233859 0.607251 0.232273    -3.175387
59347.271469 0.644861 0.245354    -3.154054
59347.309080 0.682471 0.258434    -3.082940
59347.346690 0.720081 0.271515    -2.960904
59347.384300 0.757691 0.284596    -2.789401
59347.421910 0.795302 0.297677    -2.572561
59347.459520 0.832912 0.310757    -2.316915
59347.497130 0.870522 0.323838    -2.030750
59347.534740 0.908132 0.336919    -1.723301
59347.572351 0.945742 0.349999    -1.403885
59347.609961 0.983352 0.363080    -1.081166
59347.647571 1.020963 0.376161    -0.762642
59347.685181 1.058573 0.389241    -0.454366
59347.722791 1.096183 0.402322    -0.160896
59347.760401 1.133793 0.415403     0.114607
59347.798012 1.171403 0.428483     0.370187
59347.835622 1.209013 0.441564     0.604864
59347.873232 1.246623 0.454645     0.818405
59347.910842 1.284234 0.467725     1.011121
59347.948452 1.321844 0.480806     1.183696
59347.986062 1.359454 0.493887     1.337053
59348.023672 1.397064 0.506967     1.472249
59348.061283 1.434674 0.520048     1.590401
59348.098893 -1.402960 0.533129     1.692633
59348.136503 -1.365350 0.546209     1.780038
59348.174113 -1.327739 0.559290     1.853658
59348.211723 -1.290129 0.572371     1.914469
59348.249333 -1.252519 0.585452     1.963373
59348.286944 -1.214909 0.598532     2.001194
59348.324554 -1.177299 0.611613     2.028685
59348.362164 -1.139689 0.624694     2.046521
59348.399774 -1.102078 0.637774     2.055311
59348.437384 -1.064468 0.650855     2.055597
59348.474994 -1.026858 0.663936     2.047861
59348.512605 -0.989248 0.677016     2.032528
59348.550215 -0.951638 0.690097     2.009971
59348.587825 -0.914028 0.703178     1.980517
59348.625435 -0.876418 0.716258     1.944446
59348.663045 -0.838807 0.729339     1.901999
59348.700655 -0.801197 0.742420     1.853380
59348.738265 -0.763587 0.755500     1.798758
59348.775876 -0.725977 0.768581     1.738270
59348.813486 -0.688367 0.781662     1.672023
59348.851096 -0.650757 0.794742     1.600096
59348.888706 -0.613146 0.807823     1.522547
59348.926316 -0.575536 0.820904     1.439404
59348.963926 -0.537926 0.833984     1.350677
59349.001537 -0.500316 0.847065     1.256355
59349.039147 -0.462706 0.860146     1.156408
59349.076757 -0.425096 0.873227     1.050790
59349.114367 -0.387485 0.886307     0.939439
59349.151977 -0.349875 0.899388     0.822284
59349.189587 -0.312265 0.912469     0.699241
59349.227197 -0.274655 0.925549     0.570225
59349.264808 -0.237045 0.938630     0.435144
59349.302418 -0.199435 0.951711     0.293915
59349.340028 -0.161825 0.964791     0.146464
59349.377638 -0.124214 0.977872    -0.007264
59349.415248 -0.086604 0.990953    -0.167289
59349.452858 -0.048994 0.004033    -0.333590
59349.490469 -0.011384 0.017114    -0.506079
59349.528079 0.026226 0.030195    -0.684583
59349.565689 0.063836 0.043275    -0.868813
59349.603299 0.101447 0.056356    -1.058329
59349.640909 0.139057 0.069437    -1.252497
59349.678519 0.176667 0.082517    -1.450435
59349.716129 0.214277 0.095598    -1.650949
59349.753740 0.251887 0.108679    -1.852460
59349.791350 0.289497 0.121760    -2.052927
59349.828960 0.327107 0.134840    -2.249753
59349.866570 0.364718 0.147921    -2.439712
59349.904180 0.402328 0.161002    -2.618879
59349.941790 0.439938 0.174082    -2.782601
59349.979401 0.477548 0.187163    -2.925540
59350.017011 0.515158 0.200244    -3.041799
59350.054621 0.552768 0.213324    -3.125181
59350.092231 0.590379 0.226405    -3.169600
59350.129841 0.627989 0.239486    -3.169626
59350.167451 0.665599 0.252566    -3.121129
59350.205062 0.703209 0.265647    -3.021918
59350.242672 0.740819 0.278728    -2.872253
59350.280282 0.778429 0.291808    -2.675074
59350.317892 0.816039 0.304889    -2.435902
59350.355502 0.853650 0.317970    -2.162322
59350.393112 0.891260 0.331050    -1.863255
59350.430722 0.928870 0.344131    -1.548081
59350.468333 0.966480 0.357212    -1.225838
59350.505943 1.004090 0.370292    -0.904594
59350.543553 1.041700 0.383373    -0.591069
59350.581163 1.079311 0.396454    -0.290486
59350.618773 1.116921 0.409535    -0.006614
59350.656383 1.154531 0.422615     0.258078
59350.693994 1.192141 0.435696     0.502201
59350.731604 1.229751 0.448777     0.725213
59350.769214 1.267361 0.461857     0.927205
59350.806824 1.304972 0.474938     1.108713
59350.844434 1.342582 0.488019     1.270567
59350.882044 1.380192 0.501099     1.413774
59350.919654 1.417802 0.514180     1.539433
59350.957265 -1.419832 0.527261     1.648669
59350.994875 -1.382222 0.540341     1.742593
59351.032485 -1.344612 0.553422     1.822272
59351.070095 -1.307001 0.566503     1.888714
59351.107705 -1.269391 0.579583     1.942852
59351.145315 -1.231781 0.592664     1.985548
59351.182926 -1.194171 0.605745     2.017585
59351.220536 -1.156561 0.618825     2.039673
59351.258146 -1.118951 0.631906     2.052450
59351.295756 -1.081341 0.644987     2.056488
59351.333366 -1.043730 0.658068     2.052295
59351.370976 -1.006120 0.671148     2.040321
59351.408586 -0.968510 0.684229     2.020962
59351.446197 -0.930900 0.697310     1.994565
59351.483807 -0.893290 0.710390     1.961430
59351.521417 -0.855680 0.723471     1.921816
59351.559027 -0.818069 0.736552     1.875943
59351.596637 -0.780459 0.749632     1.823995
59351.634247 -0.742849 0.762713     1.766123
59351.671858 -0.705239 0.775794     1.702448
59351.709468 -0.667629 0.788874     1.633061
59351.747078 -0.630019 0.801955     1.558029
59351.784688 -0.592409 0.815036     1.477393
59351.822298 -0.554798 0.828116     1.391172
59351.859908 -0.517188 0.841197     1.299363
59351.897519 -0.479578 0.854278     1.201944
59351.935129 -0.441968 0.867358     1.098876
59351.972739 -0.404358 0.880439     0.990105
59352.010349 -0.366748 0.893520     0.875564
59352.047959 -0.329137 0.906600     0.755173
59352.085569 -0.291527 0.919681     0.628847
59352.123179 -0.253917 0.932762     0.496498
59352.160790 -0.216307 0.945843     0.358037
59352.198400 -0.178697 0.958923     0.213385
59352.236010 -0.141087 0.972004     0.062478
59352.273620 -0.103477 0.985085    -0.094721
59352.311230 -0.065866 0.998165    -0.258214
59352.348840 -0.028256 0.011246    -0.427942
59352.386451 0.009354 0.024327    -0.603776
59352.424061 0.046964 0.037407    -0.785481
59352.461671 0.084574 0.050488    -0.972692
59352.499281 0.122184 0.063569    -1.164866
59352.536891 0.159795 0.076649    -1.361240
59352.574501 0.197405 0.089730    -1.560769
59352.612111 0.235015 0.102811    -1.762056
59352.649722 0.272625 0.115891    -1.963277
59352.687332 0.310235 0.128972    -2.162096
59352.724942 0.347845 0.142053    -2.355579
59352.762552 0.385456 0.155133    -2.540119
59352.800162 0.423066 0.168214    -2.711390
59352.837772 0.460676 0.181295    -2.864354
59352.875383 0.498286 0.194375    -2.993338
59352.912993 0.535896 0.207456    -3.092239
59352.950603 0.573506 0.220537    -3.154862
59352.988213 0.611116 0.233618    -3.175407
59353.025823 0.648727 0.246698    -3.149079
59353.063433 0.686337 0.259779    -3.072742
59353.101043 0.723947 0.272860    -2.945508
59353.138654 0.761557 0.285940    -2.769112
59353.176264 0.799167 0.299021    -2.547946
59353.213874 0.836777 0.312102    -2.288758
59353.251484 0.874388 0.325182    -1.999972
59353.289094 0.911998 0.338263    -1.690868
59353.326704 0.949608 0.351344    -1.370729
59353.364315 0.987218 0.364424    -1.048120
59353.401925 1.024828 0.377505    -0.730395
59353.439535 1.062438 0.390586    -0.423456
59353.477145 1.100048 0.403666    -0.131709
59353.514755 1.137659 0.416747     0.141818
59353.552365 1.175269 0.429828     0.395281
59353.589976 1.212879 0.442908     0.627785
59353.627586 1.250489 0.455989     0.839163
59353.665196 1.288099 0.469070     1.029773
59353.702806 1.325709 0.482151     1.200327
59353.740416 1.363320 0.495231     1.351767
59353.778026 1.400930 0.508312     1.485160
59353.815636 -1.436704 0.521393     1.601624
59353.853247 -1.399094 0.534473     1.702282
59353.890857 -1.361484 0.547554     1.788223
59353.928467 -1.323874 0.560635     1.860483
59353.966077 -1.286264 0.573715     1.920030
59354.003687 -1.248653 0.586796     1.967758
59354.041297 -1.211043 0.599877     2.004484
59354.078908 -1.173433 0.612957     2.030952
59354.116518 -1.135823 0.626038     2.047832
59354.154128 -1.098213 0.639119     2.055724
59354.191738 -1.060603 0.652199     2.055164
59354.229348 -1.022992 0.665280     2.046629
59354.266958 -0.985382 0.678361     2.030537
59354.304568 -0.947772 0.691441     2.007257
59354.342179 -0.910162 0.704522     1.977110
59354.379789 -0.872552 0.717603     1.940373
59354.417399 -0.834942 0.730683     1.897283
59354.455009 -0.797332 0.743764     1.848040
59354.492619 -0.759721 0.756845     1.792809
59354.530229 -0.722111 0.769926     1.731725
59354.567840 -0.684501 0.783006     1.664891
59354.605450 -0.646891 0.796087     1.592384
59354.643060 -0.609281 0.809168     1.514259
59354.680670 -0.571671 0.822248     1.430542
59354.718280 -0.534060 0.835329     1.341241
59354.755890 -0.496450 0.848410     1.246343
59354.793500 -0.458840 0.861490     1.145815
59354.831111 -0.421230 0.874571     1.039610
59354.868721 -0.383620 0.887652     0.927667
59354.906331 -0.346010 0.900732     0.809910
59354.943941 -0.308400 0.913813     0.686258
59354.981551 -0.270789 0.926894     0.556622
59355.019161 -0.233179 0.939974     0.420913
59355.056772 -0.195569 0.953055     0.279048
59355.094382 -0.157959 0.966136     0.130953
59355.131992 -0.120349 0.979216    -0.023421
59355.169602 -0.082739 0.992297    -0.184093
59355.207212 -0.045128 0.005378    -0.351035
59355.244822 -0.007518 0.018459    -0.524152
59355.282433 0.030092 0.031539    -0.703260
59355.320043 0.067702 0.044620    -0.888057
59355.357653 0.105312 0.057701    -1.078084
59355.395263 0.142922 0.070781    -1.272685
59355.432873 0.180532 0.083862    -1.470949
59355.470483 0.218143 0.096943    -1.671645
59355.508093 0.255753 0.110023    -1.873152
59355.545704 0.293363 0.123104    -2.073374
59355.583314 0.330973 0.136185    -2.269655
59355.620924 0.368583 0.149265    -2.458698
59355.658534 0.406193 0.162346    -2.636504
59355.696144 0.443804 0.175427    -2.798347
59355.733754 0.481414 0.188507    -2.938824
59355.771365 0.519024 0.201588    -3.051991
59355.808975 0.556634 0.214669    -3.131643
59355.846585 0.594244 0.227749    -3.171733
59355.884195 0.631854 0.240830    -3.166934
59355.921805 0.669465 0.253911    -3.113287
59355.959415 0.707075 0.266991    -3.008833
59355.997025 0.744685 0.280072    -2.854104
59356.034636 0.782295 0.293153    -2.652314
59356.072246 0.819905 0.306234    -2.409226
59356.109856 0.857515 0.319314    -2.132600
59356.147466 0.895125 0.332395    -1.831445
59356.185076 0.932736 0.345476    -1.515140
59356.222686 0.970346 0.358556    -1.192648
59356.260297 1.007956 0.371637    -0.871913
59356.297907 1.045566 0.384718    -0.559502
59356.335517 1.083176 0.397798    -0.260487
59356.373127 1.120786 0.410879     0.021507
59356.410737 1.158397 0.423960     0.284133
59356.448347 1.196007 0.437040     0.526099
59356.485957 1.233617 0.450121     0.746937
59356.523568 1.271227 0.463202     0.946793
59356.561178 1.308837 0.476282     1.126239
59356.598788 1.346447 0.489363     1.286128
59356.636398 1.384057 0.502444     1.427480
59356.674008 1.421668 0.515524     1.551399
59356.711618 -1.415966 0.528605     1.659010
59356.749229 -1.378356 0.541686     1.751422
59356.786839 -1.340746 0.554766     1.829695
59356.824449 -1.303136 0.567847     1.894830
59356.862059 -1.265526 0.580928     1.947754
59356.899669 -1.227916 0.594009     1.989320
59356.937279 -1.190305 0.607089     2.020303
59356.974890 -1.152695 0.620170     2.041405
59357.012500 -1.115085 0.633251     2.053259
59357.050110 -1.077475 0.646331     2.056429
59357.087720 -1.039865 0.659412     2.051416
59357.125330 -1.002255 0.672493     2.038666
59357.162940 -0.964644 0.685573     2.018568
59357.200550 -0.927034 0.698654     1.991465
59357.238161 -0.889424 0.711735     1.957653
59357.275771 -0.851814 0.724815     1.917386
59357.313381 -0.814204 0.737896     1.870881
59357.350991 -0.776594 0.750977     1.818318
59357.388601 -0.738984 0.764057     1.759845
59357.426211 -0.701373 0.777138     1.695579
59357.463822 -0.663763 0.790219     1.625608
59357.501432 -0.626153 0.803299     1.549999
59357.539042 -0.588543 0.816380     1.468789
59357.576652 -0.550933 0.829461     1.381994
59357.614262 -0.513323 0.842542     1.289609
59357.651872 -0.475712 0.855622     1.191611
59357.689482 -0.438102 0.868703     1.087960
59357.727093 -0.400492 0.881784     0.978600
59357.764703 -0.362882 0.894864     0.863461
59357.802313 -0.325272 0.907945     0.742464
59357.839923 -0.287662 0.921026     0.615524
59357.877533 -0.250051 0.934106     0.482550
59357.915143 -0.212441 0.947187     0.343456
59357.952754 -0.174831 0.960268     0.198164
59357.990364 -0.137221 0.973348     0.046612
59358.027974 -0.099611 0.986429    -0.111236
59358.065584 -0.062001 0.999510    -0.275373
59358.103194 -0.024391 0.012590    -0.445736
59358.140804 0.013220 0.025671    -0.622186
59358.178414 0.050830 0.038752    -0.804477
59358.216025 0.088440 0.051832    -0.992226
59358.253635 0.126050 0.064913    -1.184872
59358.291245 0.163660 0.077994    -1.381623
59358.328855 0.201270 0.091074    -1.581404
59358.366465 0.238881 0.104155    -1.782776
59358.404075 0.276491 0.117236    -1.983868
59358.441686 0.314101 0.130317    -2.182284
59358.479296 0.351711 0.143397    -2.375026
59358.516906 0.389321 0.156478    -2.558414
59358.554516 0.426931 0.169559    -2.728048
59358.592126 0.464541 0.182639    -2.878817
59358.629736 0.502152 0.195720    -3.004996
59358.667347 0.539762 0.208801    -3.100452
59358.704957 0.577372 0.221881    -3.159006
59358.742567 0.614982 0.234962    -3.174931
59358.780177 0.652592 0.248043    -3.143573
59358.817787 0.690202 0.261123    -3.062003
59358.855397 0.727813 0.274204    -2.929591
59358.893007 0.765423 0.287285    -2.748343
59358.930618 0.803033 0.300365    -2.522927
59358.968228 0.840643 0.313446    -2.260287
59359.005838 0.878253 0.326527    -1.968978
59359.043448 0.915863 0.339607    -1.658320
59359.081058 0.953473 0.352688    -1.337549
59359.118668 0.991084 0.365769    -1.015126
59359.156279 1.028694 0.378850    -0.698264
59359.193889 1.066304 0.391930    -0.392707
59359.231499 1.103914 0.405011    -0.102716
59359.269109 1.141524 0.418092     0.168817
59359.306719 1.179134 0.431172     0.420152
59359.344329 1.216745 0.444253     0.650483
59359.381939 1.254355 0.457334     0.859703
59359.419550 1.291965 0.470414     1.048213
59359.457160 1.329575 0.483495     1.216757
59359.494770 1.367185 0.496576     1.366291
59359.532380 1.404795 0.509656     1.497892
59359.569990 -1.432839 0.522737     1.612680
59359.607600 -1.395228 0.535818     1.711776
59359.645211 -1.357618 0.548898     1.796264
59359.682821 -1.320008 0.561979     1.867174
59359.720431 -1.282398 0.575060     1.925466
59359.758041 -1.244788 0.588140     1.972026
59359.795651 -1.207178 0.601221     2.007666
59359.833261 -1.169567 0.614302     2.033118
59359.870871 -1.131957 0.627382     2.049048
59359.908482 -1.094347 0.640463     2.056047
59359.946092 -1.056737 0.653544     2.054647
59359.983702 -1.019127 0.666625     2.045316
59360.021312 -0.981517 0.679705     2.028470
59360.058922 -0.943907 0.692786     2.004470
59360.096532 -0.906296 0.705867     1.973634
59360.134143 -0.868686 0.718947     1.936234
59360.171753 -0.831076 0.732028     1.892503
59360.209363 -0.793466 0.745109     1.842637
59360.246973 -0.755856 0.758189     1.786799
59360.284583 -0.718246 0.771270     1.725119
59360.322193 -0.680635 0.784351     1.657699
59360.359804 -0.643025 0.797431     1.584613
59360.397414 -0.605415 0.810512     1.505912
59360.435024 -0.567805 0.823593     1.421621
59360.472634 -0.530195 0.836673     1.331746
59360.510244 -0.492585 0.849754     1.236270
59360.547854 -0.454975 0.862835     1.135162
59360.585464 -0.417364 0.875915     1.028370
59360.623075 -0.379754 0.888996     0.915833
59360.660685 -0.342144 0.902077     0.797474
59360.698295 -0.304534 0.915158     0.673211
59360.735905 -0.266924 0.928238     0.542955
59360.773515 -0.229314 0.941319     0.406617
59360.811125 -0.191703 0.954400     0.264114
59360.848736 -0.154093 0.967480     0.115377
59360.886346 -0.116483 0.980561    -0.039645
59360.923956 -0.078873 0.993642    -0.200964
59360.961566 -0.041263 0.006722    -0.368546
59360.999176 -0.003653 0.019803    -0.542289
59361.036786 0.033958 0.032884    -0.721998
59361.074396 0.071568 0.045964    -0.907356
59361.112007 0.109178 0.059045    -1.097888
59361.149617 0.146788 0.072126    -1.292912
59361.187227 0.184398 0.085206    -1.491489
59361.224837 0.222008 0.098287    -1.692350
59361.262447 0.259618 0.111368    -1.893831
59361.300057 0.297229 0.124448    -2.093781
59361.337668 0.334839 0.137529    -2.289481
59361.375278 0.372449 0.150610    -2.477566
59361.412888 0.410059 0.163690    -2.653961
59361.450498 0.447669 0.176771    -2.813868
59361.488108 0.485279 0.189852    -2.951819
59361.525718 0.522890 0.202933    -3.061828
59361.563328 0.560500 0.216013    -3.137685
59361.600939 0.598110 0.229094    -3.173390
59361.638549 0.635720 0.242175    -3.163724
59361.676159 0.673330 0.255255    -3.104906
59361.713769 0.710940 0.268336    -2.995215
59361.751379 0.748550 0.281417    -2.835455
59361.788989 0.786161 0.294497    -2.629116
59361.826600 0.823771 0.307578    -2.382194
59361.864210 0.861381 0.320659    -2.102619
59361.901820 0.898991 0.333739    -1.799475
59361.939430 0.936601 0.346820    -1.482135
59361.977040 0.974211 0.359901    -1.159478
59362.014650 1.011822 0.372981    -0.839321
59362.052261 1.049432 0.386062    -0.528079
59362.089871 1.087042 0.399143    -0.230669
59362.127481 1.124652 0.412223     0.049423
59362.165091 1.162262 0.425304     0.309969
59362.202701 1.199872 0.438385     0.549773
59362.240311 1.237482 0.451465     0.768439
59362.277921 1.275093 0.464546     0.966165
59362.315532 1.312703 0.477627     1.143558
59362.353142 1.350313 0.490708     1.301493
59362.390752 1.387923 0.503788     1.441001
59362.428362 1.425533 0.516869     1.563192
59362.465972 -1.412101 0.529950     1.669191
59362.503582 -1.374491 0.543030     1.760101
59362.541193 -1.336880 0.556111     1.836979
59362.578803 -1.299270 0.569192     1.900818
59362.616413 -1.261660 0.582272     1.952536
59362.654023 -1.224050 0.595353     1.992980
59362.691633 -1.186440 0.608434     2.022916
59362.729243 -1.148830 0.621514     2.043040
59362.766853 -1.111219 0.634595     2.053976
59362.804464 -1.073609 0.647676     2.056283
59362.842074 -1.035999 0.660756     2.050455
59362.879684 -0.998389 0.673837     2.036932
59362.917294 -0.960779 0.686918     2.016100
59362.954904 -0.923169 0.699998     1.988294
59362.992514 -0.885558 0.713079     1.953808
59363.030125 -0.847948 0.726160     1.912890
59363.067735 -0.810338 0.739241     1.865755
59363.105345 -0.772728 0.752321     1.812578
59363.142955 -0.735118 0.765402     1.753505
59363.180565 -0.697508 0.778483     1.688649
59363.218175 -0.659898 0.791563     1.618096
59363.255785 -0.622287 0.804644     1.541910
59363.293396 -0.584677 0.817725     1.460125
59363.331006 -0.547067 0.830805     1.372756
59363.368616 -0.509457 0.843886     1.279796
59363.406226 -0.471847 0.856967     1.181220
59363.443836 -0.434237 0.870047     1.076984
59363.481446 -0.396626 0.883128     0.967033
59363.519057 -0.359016 0.896209     0.851296
59363.556667 -0.321406 0.909289     0.729693
59363.594277 -0.283796 0.922370     0.602136
59363.631887 -0.246186 0.935451     0.468537
59363.669497 -0.208576 0.948531     0.328810
59363.707107 -0.170966 0.961612     0.182877
59363.744718 -0.133355 0.974693     0.030678
59363.782328 -0.095745 0.987773    -0.127817
59363.819938 -0.058135 0.000854    -0.292597
59363.857548 -0.020525 0.013935    -0.463595
59363.895158 0.017085 0.027016    -0.640658
59363.932768 0.054695 0.040096    -0.823530
59363.970378 0.092306 0.053177    -1.011812
59364.007989 0.129916 0.066258    -1.204920
59364.045599 0.167526 0.079338    -1.402039
59364.083209 0.205136 0.092419    -1.602056
59364.120819 0.242746 0.105500    -1.803494
59364.158429 0.280356 0.118580    -2.004430
59364.196039 0.317966 0.131661    -2.202413
59364.233650 0.355577 0.144742    -2.394375
59364.271260 0.393187 0.157822    -2.576564
59364.308870 0.430797 0.170903    -2.744507
59364.346480 0.468407 0.183984    -2.893022
59364.384090 0.506017 0.197064    -3.016329
59364.421700 0.543627 0.210145    -3.108274
59364.459310 0.581238 0.223226    -3.162698
59364.496921 0.618848 0.236306    -3.173954
59364.534531 0.656458 0.249387    -3.137535
59364.572141 0.694068 0.262468    -3.050726
59364.609751 0.731678 0.275549    -2.913156
59364.647361 0.769288 0.288629    -2.727110
59364.684971 0.806899 0.301710    -2.497514
59364.722582 0.844509 0.314791    -2.231513
59364.760192 0.882119 0.327871    -1.937780
59364.797802 0.919729 0.340952    -1.625665
59364.835412 0.957339 0.354033    -1.304353
59364.873022 0.994949 0.367113    -0.982192
59364.910632 1.032559 0.380194    -0.666253
59364.948242 1.070170 0.393275    -0.362125
59364.985853 1.107780 0.406355    -0.073918
59365.023463 1.145390 0.419436     0.195601
59365.061073 1.183000 0.432517     0.444801
59365.098683 1.220610 0.445597     0.672957
59365.136293 1.258220 0.458678     0.880023
59365.173903 1.295831 0.471759     1.066442
59365.211514 1.333441 0.484839     1.232985
59365.249124 1.371051 0.497920     1.380625
59365.286734 1.408661 0.511001     1.510446
59365.324344 -1.428973 0.524081     1.623570
59365.361954 -1.391363 0.537162     1.721115
59365.399564 -1.353753 0.550243     1.804162
59365.437175 -1.316142 0.563324     1.873732
59365.474785 -1.278532 0.576404     1.930778
59365.512395 -1.240922 0.589485     1.976180
59365.550005 -1.203312 0.602566     2.010740
59365.587615 -1.165702 0.615646     2.035184
59365.625225 -1.128092 0.628727     2.050169
59365.662835 -1.090482 0.641808     2.056282
59365.700446 -1.052871 0.654888     2.054046
59365.738056 -1.015261 0.667969     2.043925
59365.775666 -0.977651 0.681050     2.026327
59365.813276 -0.940041 0.694130     2.001611
59365.850886 -0.902431 0.707211     1.970088
59365.888496 -0.864821 0.720292     1.932027
59365.926107 -0.827210 0.733372     1.887657
59365.963717 -0.789600 0.746453     1.837171
59366.001327 -0.751990 0.759534     1.780727
59366.038937 -0.714380 0.772614     1.718453
59366.076547 -0.676770 0.785695     1.650448
59366.114157 -0.639160 0.798776     1.576782
59366.151767 -0.601550 0.811856     1.497506
59366.189378 -0.563939 0.824937     1.412641
59366.226988 -0.526329 0.838018     1.322191
59366.264598 -0.488719 0.851099     1.226139
59366.302208 -0.451109 0.864179     1.124448
59366.339818 -0.413499 0.877260     1.017070
59366.377428 -0.375889 0.890341     0.903937
59366.415039 -0.338278 0.903421     0.784976
59366.452649 -0.300668 0.916502     0.660101
59366.490259 -0.263058 0.929583     0.529224
59366.527869 -0.225448 0.942663     0.392256
59366.565479 -0.187838 0.955744     0.249115
59366.603089 -0.150228 0.968825     0.099734
59366.640699 -0.112617 0.981905    -0.055935
59366.678310 -0.075007 0.994986    -0.217901
59366.715920 -0.037397 0.008067    -0.386122
59366.753530 0.000213 0.021147    -0.560489
59366.791140 0.037823 0.034228    -0.740796
59366.828750 0.075433 0.047309    -0.926711
59366.866360 0.113043 0.060389    -1.117739
59366.903971 0.150654 0.073470    -1.313177
59366.941581 0.188264 0.086551    -1.512053
59366.979191 0.225874 0.099632    -1.713063
59367.016801 0.263484 0.112712    -1.914494
59367.054411 0.301094 0.125793    -2.114143
59367.092021 0.338704 0.138874    -2.309227
59367.129632 0.376315 0.151954    -2.496310
59367.167242 0.413925 0.165035    -2.671244
59367.204852 0.451535 0.178116    -2.829157
59367.242462 0.489145 0.191196    -2.964519
59367.280072 0.526755 0.204277    -3.071305
59367.317682 0.564365 0.217358    -3.143303
59367.355292 0.601975 0.230438    -3.174566
59367.392903 0.639586 0.243519    -3.159992
59367.430513 0.677196 0.256600    -3.095985
59367.468123 0.714806 0.269680    -2.981066
59367.505733 0.752416 0.282761    -2.816313
59367.543343 0.790026 0.295842    -2.605487
59367.580953 0.827636 0.308922    -2.354817
59367.618564 0.865247 0.322003    -2.072389
59367.656174 0.902857 0.335084    -1.767356
59367.693784 0.940467 0.348164    -1.449074
59367.731394 0.978077 0.361245    -1.126336
59367.769004 1.015687 0.374326    -0.806824
59367.806614 1.053297 0.387407    -0.496802
59367.844224 1.090907 0.400487    -0.201035
59367.881835 1.128518 0.413568     0.077132
59367.919445 1.166128 0.426649     0.335585
59367.957055 1.203738 0.439729     0.573223
59367.994665 1.241348 0.452810     0.789720
59368.032275 1.278958 0.465891     0.985323
59368.069885 1.316568 0.478971     1.160672
59368.107496 1.354179 0.492052     1.316663
59368.145106 1.391789 0.505133     1.454340
59368.182716 1.429399 0.518213     1.574814
59368.220326 -1.408235 0.531294     1.679212
59368.257936 -1.370625 0.544375     1.768633
59368.295546 -1.333015 0.557455     1.844126
59368.333156 -1.295405 0.570536     1.906677
59368.370767 -1.257794 0.583617     1.957199
59368.408377 -1.220184 0.596697     1.996529
59368.445987 -1.182574 0.609778     2.025426
59368.483597 -1.144964 0.622859     2.044578
59368.521207 -1.107354 0.635940     2.054603
59368.558817 -1.069744 0.649020     2.056051
59368.596428 -1.032133 0.662101     2.049413
59368.634038 -0.994523 0.675182     2.035122
59368.671648 -0.956913 0.688262     2.013558
59368.709258 -0.919303 0.701343     1.985053
59368.746868 -0.881693 0.714424     1.949895
59368.784478 -0.844083 0.727504     1.908329
59368.822089 -0.806473 0.740585     1.860565
59368.859699 -0.768862 0.753666     1.806776
59368.897309 -0.731252 0.766746     1.747104
59368.934919 -0.693642 0.779827     1.681659
59368.972529 -0.656032 0.792908     1.610525
59369.010139 -0.618422 0.805988     1.533762
59369.047749 -0.580812 0.819069     1.451403
59369.085360 -0.543201 0.832150     1.363460
59369.122970 -0.505591 0.845230     1.269924
59369.160580 -0.467981 0.858311     1.170768
59369.198190 -0.430371 0.871392     1.065948
59369.235800 -0.392761 0.884472     0.955406
59369.273410 -0.355151 0.897553     0.839069
59369.311021 -0.317541 0.910634     0.716858
59369.348631 -0.279930 0.923715     0.588685
59369.386241 -0.242320 0.936795     0.454460
59369.423851 -0.204710 0.949876     0.314098
59369.461461 -0.167100 0.962957     0.167523
59369.499071 -0.129490 0.976037     0.014678
59369.536681 -0.091880 0.989118    -0.144464
59369.574292 -0.054269 0.002199    -0.309888
59369.611902 -0.016659 0.015279    -0.481517
59369.649512 0.020951 0.028360    -0.659192
59369.687122 0.058561 0.041441    -0.842641
59369.724732 0.096171 0.054521    -1.031449
59369.762342 0.133781 0.067602    -1.225012
59369.799953 0.171392 0.080683    -1.422485
59369.837563 0.209002 0.093763    -1.622723
59369.875173 0.246612 0.106844    -1.824206
59369.912783 0.284222 0.119925    -2.024962
59369.950393 0.321832 0.133005    -2.222479
59369.988003 0.359442 0.146086    -2.413621
59370.025613 0.397052 0.159167    -2.594565
59370.063224 0.434663 0.172247    -2.760761
59370.100834 0.472273 0.185328    -2.906960
59370.138444 0.509883 0.198409    -3.027331
59370.176054 0.547493 0.211490    -3.115700
59370.213664 0.585103 0.224570    -3.165933
59370.251274 0.622713 0.237651    -3.172472
59370.288885 0.660324 0.250732    -3.130963
59370.326495 0.697934 0.263812    -3.038910
59370.364105 0.735544 0.276893    -2.896206
59370.401715 0.773154 0.289974    -2.705415
59370.439325 0.810764 0.303054    -2.471715
59370.476935 0.848374 0.316135    -2.202445
59370.514546 0.885984 0.329216    -1.906389
59370.552156 0.923595 0.342296    -1.592914
59370.589766 0.961205 0.355377    -1.271149
59370.627376 0.998815 0.368458    -0.949326
59370.664986 1.036425 0.381538    -0.634368
59370.702596 1.074035 0.394619    -0.331711
59370.740206 1.111645 0.407700    -0.045319
59370.777817 1.149256 0.420780     0.222170
59370.815427 1.186866 0.433861     0.469227
59370.853037 1.224476 0.446942     0.695207
59370.890647 1.262086 0.460023     0.900124
59370.928257 1.299696 0.473103     1.084461
59370.965867 1.337306 0.486184     1.249014
59371.003478 1.374916 0.499265     1.394771
59371.041088 1.412527 0.512345     1.522824
59371.078698 -1.425107 0.525426     1.634295
59371.116308 -1.387497 0.538507     1.730301
59371.153918 -1.349887 0.551587     1.811917
59371.191528 -1.312277 0.564668     1.880157
59371.229138 -1.274667 0.577749     1.935967
59371.266749 -1.237057 0.590829     1.980219
59371.304359 -1.199446 0.603910     2.013707
59371.341969 -1.161836 0.616991     2.037150
59371.379579 -1.124226 0.630071     2.051197
59371.417189 -1.086616 0.643152     2.056429
59371.454799 -1.049006 0.656233     2.053362
59371.492410 -1.011396 0.669313     2.042454
59371.530020 -0.973785 0.682394     2.024109
59371.567630 -0.936175 0.695475     1.998680
59371.605240 -0.898565 0.708555     1.966473
59371.642850 -0.860955 0.721636     1.927754
59371.680460 -0.823345 0.734717     1.882747
59371.718070 -0.785735 0.747798     1.831642
59371.755681 -0.748124 0.760878     1.774593
59371.793291 -0.710514 0.773959     1.711726
59371.830901 -0.672904 0.787040     1.643135
59371.868511 -0.635294 0.800120     1.568892
59371.906121 -0.597684 0.813201     1.489041
59371.943731 -0.560074 0.826282     1.403602
59371.981342 -0.522464 0.839362     1.312578
59372.018952 -0.484853 0.852443     1.215948
59372.056562 -0.447243 0.865524     1.113675
59372.094172 -0.409633 0.878604     1.005708
59372.131782 -0.372023 0.891685     0.891981
59372.169392 -0.334413 0.904766     0.772415
59372.207003 -0.296803 0.917846     0.646927
59372.244613 -0.259192 0.930927     0.515428
59372.282223 -0.221582 0.944008     0.377830
59372.319833 -0.183972 0.957088     0.234051
59372.357443 -0.146362 0.970169     0.084024
59372.395053 -0.108752 0.983250    -0.072292
59372.432663 -0.071142 0.996331    -0.234904
59372.470274 -0.033532 0.009411    -0.403763
59372.507884 0.004079 0.022492    -0.578752
59372.545494 0.041689 0.035573    -0.759653
59372.583104 0.079299 0.048653    -0.946119
59372.620714 0.116909 0.061734    -1.137638
59372.658324 0.154519 0.074815    -1.333479
59372.695935 0.192129 0.087895    -1.532640
59372.733545 0.229740 0.100976    -1.733780
59372.771155 0.267350 0.114057    -1.935139
