# time Tc_folded Tref_folded model 
59320.175522 0.406453 0.921608    -1.632288
59320.210174 0.441105 0.933371    -1.693305
59320.244826 0.475757 0.945134    -1.741941
59320.279478 0.510409 0.956897    -1.779436
59320.314130 0.545061 0.968660    -1.806900
59320.348782 0.579713 0.980423    -1.825323
59320.383434 0.614365 0.992186    -1.835580
59320.418086 0.649017 0.003949    -1.838445
59320.452738 0.683669 0.015712    -1.834598
59320.487390 0.718321 0.027475    -1.824639
59320.522042 0.752973 0.039238    -1.809091
59320.556694 0.787625 0.051001    -1.788413
59320.591346 0.822277 0.062764    -1.763008
59320.625998 0.856929 0.074527    -1.733225
59320.660650 0.891581 0.086290    -1.699370
59320.695302 0.926233 0.098053    -1.661706
59320.729954 0.960885 0.109816    -1.620464
59320.764606 0.995537 0.121579    -1.575840
59320.799258 1.030189 0.133342    -1.528004
59320.833910 1.064841 0.145105    -1.477101
59320.868562 1.099493 0.156868    -1.423251
59320.903214 1.134145 0.168631    -1.366555
59320.937866 1.168797 0.180395    -1.307097
59320.972518 1.203449 0.192158    -1.244943
59321.007170 1.238101 0.203921    -1.180142
59321.041822 1.272753 0.215684    -1.112732
59321.076474 1.307405 0.227447    -1.042729
59321.111126 1.342057 0.239210    -0.970159
59321.145778 1.376709 0.250973    -0.895015
59321.180430 1.411361 0.262736    -0.817288
59321.215082 1.446013 0.274499    -0.736960
59321.249734 -1.465171 0.286262    -0.654002
59321.284386 -1.430519 0.298025    -0.568379
59321.319038 -1.395867 0.309788    -0.480048
59321.353690 -1.361215 0.321551    -0.388958
59321.388342 -1.326563 0.333314    -0.295056
59321.422994 -1.291911 0.345077    -0.198280
59321.457646 -1.257259 0.356840    -0.098566
59321.492298 -1.222607 0.368603     0.004149
59321.526950 -1.187955 0.380366     0.109933
59321.561602 -1.153303 0.392129     0.218848
59321.596254 -1.118651 0.403892     0.330950
59321.630906 -1.083999 0.415655     0.446289
59321.665558 -1.049347 0.427418     0.564898
59321.700210 -1.014695 0.439182     0.686788
59321.734862 -0.980043 0.450945     0.811943
59321.769514 -0.945391 0.462708     0.940306
59321.804166 -0.910739 0.474471     1.071768
59321.838818 -0.876087 0.486234     1.206147
59321.873470 -0.841435 0.497997     1.343172
59321.908122 -0.806783 0.509760     1.482452
59321.942774 -0.772131 0.521523     1.623442
59321.977426 -0.737479 0.533286     1.765404
59322.012078 -0.702827 0.545049     1.907353
59322.046730 -0.668175 0.556812     2.047998
59322.081382 -0.633523 0.568575     2.185668
59322.116034 -0.598871 0.580338     2.318238
59322.150686 -0.564219 0.592101     2.443044
59322.185338 -0.529567 0.603864     2.556806
59322.219990 -0.494915 0.615627     2.655581
59322.254642 -0.460263 0.627390     2.734752
59322.289294 -0.425611 0.639153     2.789112
59322.323946 -0.390959 0.650916     2.813063
59322.358598 -0.356307 0.662679     2.800985
59322.393250 -0.321655 0.674442     2.747785
59322.427902 -0.287003 0.686205     2.649600
59322.462554 -0.252351 0.697969     2.504570
59322.497206 -0.217699 0.709732     2.313499
59322.531858 -0.183047 0.721495     2.080217
59322.566510 -0.148395 0.733258     1.811435
59322.601162 -0.113743 0.745021     1.516222
59322.635814 -0.079091 0.756784     1.204850
59322.670466 -0.044439 0.768547     0.887724
59322.705118 -0.009787 0.780310     0.574327
59322.739770 0.024865 0.792073     0.272510
59322.774422 0.059517 0.803836    -0.011845
59322.809074 0.094169 0.815599    -0.274816
59322.843726 0.128821 0.827362    -0.514213
59322.878378 0.163473 0.839125    -0.729238
59322.913030 0.198125 0.850888    -0.920123
59322.947682 0.232777 0.862651    -1.087803
59322.982334 0.267429 0.874414    -1.233649
59323.016986 0.302081 0.886177    -1.359263
59323.051638 0.336733 0.897940    -1.466333
59323.086290 0.371385 0.909703    -1.556536
59323.120942 0.406037 0.921466    -1.631475
59323.155594 0.440689 0.933229    -1.692648
59323.190246 0.475341 0.944992    -1.741425
59323.224898 0.509993 0.956755    -1.779047
59323.259550 0.544645 0.968519    -1.806626
59323.294202 0.579297 0.980282    -1.825152
59323.328854 0.613949 0.992045    -1.835502
59323.363506 0.648601 0.003808    -1.838451
59323.398158 0.683253 0.015571    -1.834682
59323.432810 0.717905 0.027334    -1.824792
59323.467462 0.752557 0.039097    -1.809308
59323.502114 0.787209 0.050860    -1.788690
59323.536766 0.821861 0.062623    -1.763340
59323.571418 0.856513 0.074386    -1.733608
59323.606070 0.891165 0.086149    -1.699799
59323.640722 0.925817 0.097912    -1.662180
59323.675374 0.960469 0.109675    -1.620979
59323.710026 0.995121 0.121438    -1.576395
59323.744678 1.029773 0.133201    -1.528597
59323.779330 1.064425 0.144964    -1.477729
59323.813982 1.099077 0.156727    -1.423914
59323.848634 1.133729 0.168490    -1.367252
59323.883286 1.168381 0.180253    -1.307827
59323.917938 1.203033 0.192016    -1.245704
59323.952590 1.237685 0.203779    -1.180935
59323.987242 1.272337 0.215542    -1.113556
59324.021894 1.306989 0.227306    -1.043584
59324.056546 1.341641 0.239069    -0.971045
59324.091198 1.376293 0.250832    -0.895932
59324.125850 1.410945 0.262595    -0.818236
59324.160502 1.445597 0.274358    -0.737939
59324.195154 -1.465587 0.286121    -0.655013
59324.229806 -1.430935 0.297884    -0.569423
59324.264458 -1.396283 0.309647    -0.481124
59324.299110 -1.361631 0.321410    -0.390068
59324.333762 -1.326979 0.333173    -0.296200
59324.368414 -1.292327 0.344936    -0.199459
59324.403066 -1.257675 0.356699    -0.099781
59324.437718 -1.223023 0.368462     0.002898
59324.472370 -1.188371 0.380225     0.108645
59324.507022 -1.153719 0.391988     0.217521
59324.541674 -1.119067 0.403751     0.329586
59324.576326 -1.084415 0.415514     0.444886
59324.610978 -1.049763 0.427277     0.563455
59324.645630 -1.015111 0.439040     0.685306
59324.680282 -0.980459 0.450803     0.810422
59324.714934 -0.945807 0.462566     0.938747
59324.749586 -0.911155 0.474329     1.070172
59324.784238 -0.876503 0.486093     1.204518
59324.818890 -0.841851 0.497856     1.341513
59324.853542 -0.807199 0.509619     1.480768
59324.888194 -0.772547 0.521382     1.621742
59324.922846 -0.737895 0.533145     1.763698
59324.957498 -0.703243 0.544908     1.905654
59324.992150 -0.668591 0.556671     2.046323
59325.026802 -0.633939 0.568434     2.184041
59325.061454 -0.599287 0.580197     2.316687
59325.096106 -0.564635 0.591960     2.441604
59325.130758 -0.529983 0.603723     2.555521
59325.165410 -0.495331 0.615486     2.654502
59325.200062 -0.460679 0.627249     2.733938
59325.234714 -0.426027 0.639012     2.788629
59325.269366 -0.391375 0.650775     2.812978
59325.304018 -0.356723 0.662538     2.801365
59325.338670 -0.322071 0.674301     2.748684
59325.373322 -0.287419 0.686064     2.651055
59325.407974 -0.252767 0.697827     2.506588
59325.442626 -0.218115 0.709590     2.316054
59325.477278 -0.183463 0.721353     2.083243
59325.511930 -0.148811 0.733116     1.814838
59325.546582 -0.114159 0.744879     1.519882
59325.581234 -0.079507 0.756643     1.208641
59325.615886 -0.044855 0.768406     0.891525
59325.650538 -0.010203 0.780169     0.578034
59325.685190 0.024449 0.791932     0.276039
59325.719842 0.059101 0.803695    -0.008553
59325.754494 0.093753 0.815458    -0.271797
59325.789146 0.128405 0.827221    -0.511484
59325.823798 0.163057 0.838984    -0.726801
59325.858450 0.197709 0.850747    -0.917971
59325.893102 0.232361 0.862510    -1.085923
59325.927754 0.267013 0.874273    -1.232022
59325.962406 0.301665 0.886036    -1.357869
59325.997058 0.336317 0.897799    -1.465151
59326.031710 0.370969 0.909562    -1.555547
59326.066362 0.405621 0.921325    -1.630660
59326.101014 0.440273 0.933088    -1.691990
59326.135666 0.474925 0.944851    -1.740909
59326.170318 0.509577 0.956614    -1.778658
59326.204970 0.544229 0.968377    -1.806351
59326.239622 0.578881 0.980140    -1.824980
59326.274274 0.613533 0.991903    -1.835423
59326.308926 0.648185 0.003666    -1.838457
59326.343578 0.682837 0.015430    -1.834764
59326.378230 0.717489 0.027193    -1.824945
59326.412882 0.752141 0.038956    -1.809526
59326.447534 0.786793 0.050719    -1.788967
59326.482186 0.821445 0.062482    -1.763671
59326.516838 0.856097 0.074245    -1.733989
59326.551490 0.890749 0.086008    -1.700228
59326.586142 0.925401 0.097771    -1.662653
59326.620794 0.960053 0.109534    -1.621494
59326.655446 0.994705 0.121297    -1.576949
59326.690098 1.029357 0.133060    -1.529189
59326.724750 1.064009 0.144823    -1.478358
59326.759402 1.098661 0.156586    -1.424577
59326.794054 1.133313 0.168349    -1.367949
59326.828706 1.167965 0.180112    -1.308556
59326.863358 1.202617 0.191875    -1.246466
59326.898010 1.237269 0.203638    -1.181728
59326.932662 1.271921 0.215401    -1.114380
59326.967314 1.306573 0.227164    -1.044439
59327.001966 1.341225 0.238927    -0.971931
59327.036618 1.375877 0.250690    -0.896849
59327.071270 1.410529 0.262453    -0.819184
59327.105922 1.445181 0.274217    -0.738919
59327.140574 -1.466003 0.285980    -0.656024
59327.175226 -1.431351 0.297743    -0.570466
59327.209878 -1.396699 0.309506    -0.482200
59327.244530 -1.362047 0.321269    -0.391178
59327.279182 -1.327395 0.333032    -0.297343
59327.313834 -1.292743 0.344795    -0.200637
59327.348486 -1.258091 0.356558    -0.100995
59327.383138 -1.223439 0.368321     0.001648
59327.417790 -1.188787 0.380084     0.107357
59327.452442 -1.154135 0.391847     0.216196
59327.487094 -1.119483 0.403610     0.328222
59327.521746 -1.084831 0.415373     0.443482
59327.556398 -1.050179 0.427136     0.562012
59327.591050 -1.015527 0.438899     0.683824
59327.625702 -0.980875 0.450662     0.808901
59327.660354 -0.946223 0.462425     0.937188
59327.695006 -0.911571 0.474188     1.068577
59327.729658 -0.876919 0.485951     1.202889
59327.764310 -0.842267 0.497714     1.339854
59327.798962 -0.807615 0.509477     1.479086
59327.833614 -0.772963 0.521240     1.620043
59327.868266 -0.738311 0.533003     1.761992
59327.902918 -0.703659 0.544767     1.903955
59327.937570 -0.669007 0.556530     2.044649
59327.972222 -0.634355 0.568293     2.182413
59328.006874 -0.599703 0.580056     2.315135
59328.041526 -0.565051 0.591819     2.440163
59328.076178 -0.530399 0.603582     2.554234
59328.110830 -0.495747 0.615345     2.653420
59328.145482 -0.461095 0.627108     2.733121
59328.180134 -0.426443 0.638871     2.788141
59328.214786 -0.391791 0.650634     2.812888
59328.249438 -0.357139 0.662397     2.801739
59328.284090 -0.322487 0.674160     2.749577
59328.318742 -0.287835 0.685923     2.652503
59328.353394 -0.253183 0.697686     2.508600
59328.388046 -0.218531 0.709449     2.318602
59328.422698 -0.183879 0.721212     2.086265
59328.457350 -0.149227 0.732975     1.818236
59328.492002 -0.114575 0.744738     1.523540
59328.526654 -0.079923 0.756501     1.212432
59328.561306 -0.045271 0.768264     0.895328
59328.595958 -0.010619 0.780027     0.581743
59328.630610 0.024033 0.791790     0.279570
59328.665262 0.058685 0.803554    -0.005258
59328.699914 0.093337 0.815317    -0.268774
59328.734566 0.127989 0.827080    -0.508751
59328.769218 0.162641 0.838843    -0.724361
59328.803870 0.197293 0.850606    -0.915817
59328.838522 0.231945 0.862369    -1.084040
59328.873174 0.266597 0.874132    -1.230392
59328.907826 0.301249 0.885895    -1.356472
59328.942478 0.335901 0.897658    -1.463967
59328.977130 0.370553 0.909421    -1.554555
59329.011782 0.405205 0.921184    -1.629843
59329.046434 0.439857 0.932947    -1.691330
59329.081086 0.474509 0.944710    -1.740390
59329.115738 0.509161 0.956473    -1.778266
59329.150390 0.543813 0.968236    -1.806074
59329.185042 0.578465 0.979999    -1.824806
59329.219694 0.613117 0.991762    -1.835343
59329.254346 0.647769 0.003525    -1.838462
59329.288998 0.682421 0.015288    -1.834846
59329.323650 0.717073 0.027051    -1.825097
59329.358302 0.751725 0.038814    -1.809742
59329.392954 0.786377 0.050577    -1.789242
59329.427606 0.821029 0.062341    -1.764001
59329.462258 0.855681 0.074104    -1.734370
59329.496910 0.890333 0.085867    -1.700657
59329.531562 0.924985 0.097630    -1.663126
59329.566214 0.959637 0.109393    -1.622009
59329.600866 0.994289 0.121156    -1.577504
59329.635518 1.028941 0.132919    -1.529781
59329.670170 1.063593 0.144682    -1.478985
59329.704822 1.098245 0.156445    -1.425240
59329.739474 1.132897 0.168208    -1.368645
59329.774126 1.167549 0.179971    -1.309285
59329.808778 1.202201 0.191734    -1.247227
59329.843430 1.236853 0.203497    -1.182521
59329.878082 1.271505 0.215260    -1.115204
59329.912734 1.306157 0.227023    -1.045294
59329.947386 1.340809 0.238786    -0.972816
59329.982038 1.375461 0.250549    -0.897765
59330.016690 1.410113 0.262312    -0.820132
59330.051342 1.444765 0.274075    -0.739898
59330.085994 -1.466419 0.285838    -0.657035
59330.120646 -1.431767 0.297601    -0.571509
59330.155298 -1.397115 0.309364    -0.483276
59330.189950 -1.362463 0.321127    -0.392287
59330.224602 -1.327811 0.332891    -0.298487
59330.259254 -1.293159 0.344654    -0.201815
59330.293906 -1.258507 0.356417    -0.102209
59330.328558 -1.223855 0.368180     0.000398
59330.363210 -1.189203 0.379943     0.106070
59330.397862 -1.154551 0.391706     0.214871
59330.432514 -1.119899 0.403469     0.326858
59330.467166 -1.085247 0.415232     0.442080
59330.501818 -1.050595 0.426995     0.560570
59330.536470 -1.015943 0.438758     0.682342
59330.571122 -0.981291 0.450521     0.807380
59330.605774 -0.946639 0.462284     0.935630
59330.640426 -0.911987 0.474047     1.066982
59330.675078 -0.877335 0.485810     1.201260
59330.709730 -0.842683 0.497573     1.338196
59330.744382 -0.808031 0.509336     1.477403
59330.779034 -0.773379 0.521099     1.618343
59330.813686 -0.738727 0.532862     1.760286
59330.848338 -0.704075 0.544625     1.902256
59330.882990 -0.669423 0.556388     2.042974
59330.917642 -0.634771 0.568151     2.180785
59330.952294 -0.600119 0.579914     2.313581
59330.986946 -0.565467 0.591678     2.438720
59331.021598 -0.530815 0.603441     2.552944
59331.056250 -0.496163 0.615204     2.652335
59331.090902 -0.461511 0.626967     2.732299
59331.125554 -0.426859 0.638730     2.787648
59331.160206 -0.392207 0.650493     2.812793
59331.194858 -0.357555 0.662256     2.802106
59331.229510 -0.322903 0.674019     2.750463
59331.264162 -0.288251 0.685782     2.653945
59331.298814 -0.253599 0.697545     2.510605
59331.333466 -0.218947 0.709308     2.321144
59331.368118 -0.184295 0.721071     2.089281
59331.402770 -0.149643 0.732834     1.821631
59331.437422 -0.114991 0.744597     1.527196
59331.472074 -0.080339 0.756360     1.216222
59331.506726 -0.045687 0.768123     0.899131
59331.541378 -0.011035 0.779886     0.585453
59331.576030 0.023617 0.791649     0.283104
59331.610682 0.058269 0.803412    -0.001959
59331.645334 0.092921 0.815175    -0.265748
59331.679986 0.127573 0.826938    -0.506014
59331.714638 0.162225 0.838701    -0.721918
59331.749290 0.196877 0.850465    -0.913659
59331.783942 0.231529 0.862228    -1.082153
59331.818594 0.266181 0.873991    -1.228759
59331.853246 0.300833 0.885754    -1.355072
59331.887898 0.335485 0.897517    -1.462780
59331.922550 0.370137 0.909280    -1.553562
59331.957202 0.404789 0.921043    -1.629024
59331.991854 0.439441 0.932806    -1.690669
59332.026506 0.474093 0.944569    -1.739870
59332.061158 0.508745 0.956332    -1.777873
59332.095810 0.543397 0.968095    -1.805796
59332.130462 0.578049 0.979858    -1.824632
59332.165114 0.612701 0.991621    -1.835262
59332.199766 0.647353 0.003384    -1.838465
59332.234418 0.682005 0.015147    -1.834927
59332.269070 0.716657 0.026910    -1.825248
59332.303722 0.751309 0.038673    -1.809958
59332.338374 0.785961 0.050436    -1.789517
59332.373026 0.820613 0.062199    -1.764331
59332.407678 0.855265 0.073962    -1.734751
59332.442330 0.889917 0.085725    -1.701084
59332.476982 0.924569 0.097488    -1.663598
59332.511634 0.959221 0.109252    -1.622523
59332.546286 0.993873 0.121015    -1.578057
59332.580938 1.028525 0.132778    -1.530372
59332.615590 1.063177 0.144541    -1.479613
59332.650242 1.097829 0.156304    -1.425902
59332.684894 1.132481 0.168067    -1.369341
59332.719546 1.167133 0.179830    -1.310014
59332.754198 1.201785 0.191593    -1.247988
59332.788850 1.236437 0.203356    -1.183313
59332.823502 1.271089 0.215119    -1.116027
59332.858154 1.305741 0.226882    -1.046148
59332.892806 1.340393 0.238645    -0.973702
59332.927458 1.375045 0.250408    -0.898681
59332.962110 1.409697 0.262171    -0.821079
59332.996762 1.444349 0.273934    -0.740876
59333.031414 -1.466835 0.285697    -0.658045
59333.066066 -1.432183 0.297460    -0.572551
59333.100718 -1.397531 0.309223    -0.484351
59333.135370 -1.362879 0.320986    -0.393396
59333.170022 -1.328227 0.332749    -0.299629
59333.204674 -1.293575 0.344512    -0.202993
59333.239326 -1.258923 0.356275    -0.103422
59333.273978 -1.224271 0.368038    -0.000852
59333.308630 -1.189619 0.379802     0.104783
59333.343282 -1.154967 0.391565     0.213546
59333.377934 -1.120315 0.403328     0.325495
59333.412586 -1.085663 0.415091     0.440677
59333.447238 -1.051011 0.426854     0.559128
59333.481890 -1.016359 0.438617     0.680861
59333.516542 -0.981707 0.450380     0.805860
59333.551194 -0.947055 0.462143     0.934072
59333.585846 -0.912403 0.473906     1.065388
59333.620498 -0.877751 0.485669     1.199632
59333.655150 -0.843099 0.497432     1.336538
59333.689802 -0.808447 0.509195     1.475720
59333.724454 -0.773795 0.520958     1.616644
59333.759106 -0.739143 0.532721     1.758580
59333.793758 -0.704491 0.544484     1.900556
59333.828410 -0.669839 0.556247     2.041298
59333.863062 -0.635187 0.568010     2.179156
59333.897714 -0.600535 0.579773     2.312027
59333.932366 -0.565883 0.591536     2.437275
59333.967018 -0.531231 0.603299     2.551653
59334.001670 -0.496579 0.615062     2.651247
59334.036322 -0.461927 0.626825     2.731475
59334.070974 -0.427275 0.638589     2.787152
59334.105626 -0.392623 0.650352     2.812693
59334.140278 -0.357971 0.662115     2.802468
59334.174930 -0.323319 0.673878     2.751343
59334.209582 -0.288667 0.685641     2.655379
59334.244234 -0.254015 0.697404     2.512603
59334.278886 -0.219363 0.709167     2.323680
59334.313538 -0.184711 0.720930     2.092292
59334.348190 -0.150059 0.732693     1.825022
59334.382842 -0.115407 0.744456     1.530849
59334.417494 -0.080755 0.756219     1.220011
59334.452146 -0.046103 0.767982     0.902934
59334.486798 -0.011451 0.779745     0.589165
59334.521450 0.023201 0.791508     0.286641
59334.556102 0.057853 0.803271     0.001342
59334.590754 0.092505 0.815034    -0.262718
59334.625406 0.127157 0.826797    -0.503274
59334.660058 0.161809 0.838560    -0.719471
59334.694710 0.196461 0.850323    -0.911498
59334.729362 0.231113 0.862086    -1.080264
59334.764014 0.265765 0.873849    -1.227123
59334.798666 0.300417 0.885612    -1.353670
59334.833318 0.335069 0.897376    -1.461591
59334.867970 0.369721 0.909139    -1.552566
59334.902622 0.404373 0.920902    -1.628204
59334.937274 0.439025 0.932665    -1.690005
59334.971926 0.473677 0.944428    -1.739348
59335.006578 0.508329 0.956191    -1.777479
59335.041230 0.542981 0.967954    -1.805516
59335.075882 0.577633 0.979717    -1.824456
59335.110534 0.612285 0.991480    -1.835180
59335.145186 0.646937 0.003243    -1.838468
59335.179838 0.681589 0.015006    -1.835007
59335.214490 0.716241 0.026769    -1.825399
59335.249142 0.750893 0.038532    -1.810173
59335.283794 0.785545 0.050295    -1.789791
59335.318446 0.820197 0.062058    -1.764660
59335.353098 0.854849 0.073821    -1.735131
59335.387750 0.889501 0.085584    -1.701512
59335.422402 0.924153 0.097347    -1.664070
59335.457054 0.958805 0.109110    -1.623036
59335.491706 0.993457 0.120873    -1.578610
59335.526358 1.028109 0.132636    -1.530963
59335.561010 1.062761 0.144399    -1.480240
59335.595662 1.097413 0.156162    -1.426564
59335.630314 1.132065 0.167926    -1.370036
59335.664966 1.166717 0.179689    -1.310742
59335.699618 1.201369 0.191452    -1.248748
59335.734270 1.236021 0.203215    -1.184105
59335.768922 1.270673 0.214978    -1.116850
59335.803574 1.305325 0.226741    -1.047002
59335.838226 1.339977 0.238504    -0.974586
59335.872878 1.374629 0.250267    -0.899597
59335.907530 1.409281 0.262030    -0.822026
59335.942182 1.443933 0.273793    -0.741854
59335.976834 -1.467250 0.285556    -0.659055
59336.011486 -1.432598 0.297319    -0.573593
59336.046138 -1.397946 0.309082    -0.485426
59336.080790 -1.363294 0.320845    -0.394504
59336.115442 -1.328642 0.332608    -0.300772
59336.150094 -1.293990 0.344371    -0.204170
59336.184746 -1.259338 0.356134    -0.104635
59336.219398 -1.224686 0.367897    -0.002101
59336.254050 -1.190034 0.379660     0.103497
59336.288702 -1.155382 0.391423     0.212222
59336.323354 -1.120730 0.403186     0.324132
59336.358006 -1.086078 0.414949     0.439275
59336.392658 -1.051426 0.426713     0.557687
59336.427310 -1.016774 0.438476     0.679381
59336.461962 -0.982122 0.450239     0.804341
59336.496614 -0.947470 0.462002     0.932514
59336.531266 -0.912818 0.473765     1.063794
59336.565918 -0.878166 0.485528     1.198004
59336.600570 -0.843514 0.497291     1.334880
59336.635222 -0.808862 0.509054     1.474038
59336.669874 -0.774210 0.520817     1.614945
59336.704526 -0.739558 0.532580     1.756873
59336.739178 -0.704906 0.544343     1.898856
59336.773830 -0.670254 0.556106     2.039622
59336.808482 -0.635602 0.567869     2.177526
59336.843134 -0.600950 0.579632     2.310472
59336.877786 -0.566298 0.591395     2.435829
59336.912438 -0.531646 0.603158     2.550359
59336.947090 -0.496994 0.614921     2.650157
59336.981742 -0.462342 0.626684     2.730646
59337.016394 -0.427690 0.638447     2.786651
59337.051046 -0.393038 0.650210     2.812587
59337.085698 -0.358386 0.661973     2.802824
59337.120350 -0.323734 0.673736     2.752216
59337.155002 -0.289082 0.685500     2.656807
59337.189654 -0.254430 0.697263     2.514595
59337.224306 -0.219778 0.709026     2.326210
59337.258958 -0.185126 0.720789     2.095298
59337.293610 -0.150474 0.732552     1.828409
59337.328262 -0.115822 0.744315     1.534500
59337.362914 -0.081170 0.756078     1.223800
59337.397566 -0.046518 0.767841     0.906738
59337.432218 -0.011866 0.779604     0.592878
59337.466870 0.022786 0.791367     0.290179
59337.501522 0.057438 0.803130     0.004647
59337.536174 0.092090 0.814893    -0.259685
59337.570826 0.126742 0.826656    -0.500531
59337.605478 0.161394 0.838419    -0.717020
59337.640130 0.196046 0.850182    -0.909333
59337.674782 0.230698 0.861945    -1.078371
59337.709434 0.265350 0.873708    -1.225484
59337.744086 0.300002 0.885471    -1.352265
59337.778738 0.334654 0.897234    -1.460400
59337.813390 0.369306 0.908997    -1.551568
59337.848042 0.403958 0.920760    -1.627381
59337.882694 0.438610 0.932523    -1.689340
59337.917346 0.473262 0.944286    -1.738825
59337.951998 0.507914 0.956050    -1.777083
59337.986650 0.542566 0.967813    -1.805236
59338.021302 0.577218 0.979576    -1.824279
59338.055954 0.611870 0.991339    -1.835097
59338.090606 0.646522 0.003102    -1.838470
59338.125258 0.681174 0.014865    -1.835086
59338.159910 0.715826 0.026628    -1.825548
59338.194562 0.750478 0.038391    -1.810387
59338.229214 0.785130 0.050154    -1.790065
59338.263866 0.819782 0.061917    -1.764988
59338.298518 0.854434 0.073680    -1.735510
59338.333170 0.889086 0.085443    -1.701938
59338.367822 0.923738 0.097206    -1.664541
59338.402474 0.958390 0.108969    -1.623549
59338.437126 0.993042 0.120732    -1.579163
59338.471778 1.027694 0.132495    -1.531553
59338.506430 1.062346 0.144258    -1.480866
59338.541082 1.096998 0.156021    -1.427225
59338.575734 1.131650 0.167784    -1.370732
59338.610386 1.166302 0.179547    -1.311470
59338.645038 1.200954 0.191310    -1.249508
59338.679690 1.235606 0.203073    -1.184896
59338.714342 1.270258 0.214837    -1.117673
59338.748994 1.304910 0.226600    -1.047856
59338.783646 1.339562 0.238363    -0.975471
59338.818298 1.374214 0.250126    -0.900513
59338.852950 1.408866 0.261889    -0.822972
59338.887602 1.443518 0.273652    -0.742832
59338.922254 -1.467666 0.285415    -0.660065
59338.956906 -1.433014 0.297178    -0.574635
59338.991558 -1.398362 0.308941    -0.486501
59339.026210 -1.363710 0.320704    -0.395612
59339.060862 -1.329058 0.332467    -0.301914
59339.095514 -1.294406 0.344230    -0.205347
59339.130166 -1.259754 0.355993    -0.105847
59339.164818 -1.225102 0.367756    -0.003350
59339.199470 -1.190450 0.379519     0.102211
59339.234122 -1.155798 0.391282     0.210898
59339.268774 -1.121146 0.403045     0.322769
59339.303426 -1.086494 0.414808     0.437874
59339.338078 -1.051842 0.426571     0.556246
59339.372730 -1.017190 0.438334     0.677900
59339.407382 -0.982538 0.450097     0.802822
59339.442034 -0.947886 0.461860     0.930957
59339.476686 -0.913234 0.473624     1.062200
59339.511338 -0.878582 0.485387     1.196377
59339.545990 -0.843930 0.497150     1.333223
59339.580642 -0.809278 0.508913     1.472356
59339.615294 -0.774626 0.520676     1.613246
59339.649946 -0.739974 0.532439     1.755167
59339.684598 -0.705322 0.544202     1.897157
59339.719250 -0.670670 0.555965     2.037946
59339.753902 -0.636018 0.567728     2.175895
59339.788554 -0.601366 0.579491     2.308915
59339.823206 -0.566714 0.591254     2.434382
59339.857858 -0.532062 0.603017     2.549063
59339.892510 -0.497410 0.614780     2.649064
59339.927162 -0.462758 0.626543     2.729815
59339.961814 -0.428106 0.638306     2.786145
59339.996466 -0.393454 0.650069     2.812477
59340.031118 -0.358802 0.661832     2.803174
59340.065770 -0.324150 0.673595     2.753083
59340.100422 -0.289498 0.685358     2.658228
59340.135074 -0.254846 0.697121     2.516580
59340.169726 -0.220194 0.708884     2.328733
59340.204378 -0.185542 0.720647     2.098298
59340.239030 -0.150890 0.732411     1.831792
59340.273682 -0.116238 0.744174     1.538149
59340.308334 -0.081586 0.755937     1.227587
59340.342986 -0.046934 0.767700     0.910542
59340.377638 -0.012282 0.779463     0.596593
59340.412290 0.022370 0.791226     0.293721
59340.446942 0.057022 0.802989     0.007955
59340.481594 0.091674 0.814752    -0.256648
59340.516246 0.126326 0.826515    -0.497784
59340.550898 0.160978 0.838278    -0.714566
59340.585550 0.195630 0.850041    -0.907165
59340.620202 0.230282 0.861804    -1.076475
59340.654854 0.264934 0.873567    -1.223842
59340.689506 0.299586 0.885330    -1.350857
59340.724158 0.334238 0.897093    -1.459206
59340.758810 0.368890 0.908856    -1.550568
59340.793462 0.403542 0.920619    -1.626556
59340.828114 0.438194 0.932382    -1.688673
59340.862766 0.472846 0.944145    -1.738300
59340.897418 0.507498 0.955908    -1.776686
59340.932070 0.542150 0.967671    -1.804954
59340.966722 0.576802 0.979434    -1.824101
59341.001374 0.611454 0.991197    -1.835013
59341.036026 0.646106 0.002961    -1.838471
59341.070678 0.680758 0.014724    -1.835164
59341.105330 0.715410 0.026487    -1.825697
59341.139982 0.750062 0.038250    -1.810600
59341.174634 0.784714 0.050013    -1.790338
59341.209286 0.819366 0.061776    -1.765316
59341.243938 0.854018 0.073539    -1.735889
59341.278590 0.888670 0.085302    -1.702364
59341.313242 0.923322 0.097065    -1.665011
59341.347894 0.957974 0.108828    -1.624062
59341.382546 0.992626 0.120591    -1.579715
59341.417198 1.027278 0.132354    -1.532143
59341.451850 1.061930 0.144117    -1.481492
59341.486502 1.096582 0.155880    -1.427886
59341.521154 1.131234 0.167643    -1.371426
59341.555806 1.165886 0.179406    -1.312198
59341.590458 1.200538 0.191169    -1.250267
59341.625110 1.235190 0.202932    -1.185687
59341.659762 1.269842 0.214695    -1.118495
59341.694414 1.304494 0.226458    -1.048709
59341.729066 1.339146 0.238221    -0.976355
59341.763718 1.373798 0.249984    -0.901428
59341.798370 1.408450 0.261748    -0.823918
59341.833022 1.443102 0.273511    -0.743810
59341.867674 -1.468082 0.285274    -0.661074
59341.902326 -1.433430 0.297037    -0.575676
59341.936978 -1.398778 0.308800    -0.487575
59341.971630 -1.364126 0.320563    -0.396719
59342.006282 -1.329474 0.332326    -0.303055
59342.040934 -1.294822 0.344089    -0.206523
59342.075586 -1.260170 0.355852    -0.107059
59342.110238 -1.225518 0.367615    -0.004598
59342.144890 -1.190866 0.379378     0.100925
59342.179542 -1.156214 0.391141     0.209575
59342.214194 -1.121562 0.402904     0.321408
59342.248846 -1.086910 0.414667     0.436473
59342.283498 -1.052258 0.426430     0.554806
59342.318150 -1.017606 0.438193     0.676421
59342.352802 -0.982954 0.449956     0.801303
59342.387454 -0.948302 0.461719     0.929400
59342.422106 -0.913650 0.473482     1.060607
59342.456758 -0.878998 0.485245     1.194750
59342.491410 -0.844346 0.497008     1.331566
59342.526062 -0.809694 0.508771     1.470675
59342.560714 -0.775042 0.520535     1.611547
59342.595366 -0.740390 0.532298     1.753461
59342.630018 -0.705738 0.544061     1.895457
59342.664670 -0.671086 0.555824     2.036269
59342.699322 -0.636434 0.567587     2.174264
59342.733974 -0.601782 0.579350     2.307357
59342.768626 -0.567130 0.591113     2.432933
59342.803278 -0.532478 0.602876     2.547765
59342.837930 -0.497826 0.614639     2.647968
59342.872582 -0.463174 0.626402     2.728979
59342.907234 -0.428522 0.638165     2.785636
59342.941886 -0.393870 0.649928     2.812361
59342.976538 -0.359218 0.661691     2.803518
59343.011190 -0.324566 0.673454     2.753943
59343.045842 -0.289914 0.685217     2.659643
59343.080494 -0.255262 0.696980     2.518558
59343.115146 -0.220610 0.708743     2.331251
59343.149798 -0.185958 0.720506     2.101293
59343.184450 -0.151306 0.732269     1.835171
59343.219102 -0.116654 0.744032     1.541795
59343.253754 -0.082002 0.755795     1.231373
59343.288406 -0.047350 0.767558     0.914347
59343.323058 -0.012698 0.779321     0.600310
59343.357710 0.021954 0.791085     0.297265
59343.392362 0.056606 0.802848     0.011265
59343.427014 0.091258 0.814611    -0.253609
59343.461666 0.125910 0.826374    -0.495034
59343.496318 0.160562 0.838137    -0.712109
59343.530970 0.195214 0.849900    -0.904994
59343.565622 0.229866 0.861663    -1.074576
59343.600274 0.264518 0.873426    -1.222197
59343.634926 0.299170 0.885189    -1.349447
59343.669578 0.333822 0.896952    -1.458009
59343.704230 0.368474 0.908715    -1.549566
59343.738882 0.403126 0.920478    -1.625729
59343.773534 0.437778 0.932241    -1.688004
59343.808186 0.472430 0.944004    -1.737773
59343.842838 0.507082 0.955767    -1.776288
59343.877490 0.541734 0.967530    -1.804670
59343.912142 0.576386 0.979293    -1.823921
59343.946794 0.611038 0.991056    -1.834927
59343.981446 0.645690 0.002819    -1.838471
59344.016098 0.680342 0.014582    -1.835242
59344.050750 0.714994 0.026345    -1.825845
59344.085402 0.749646 0.038108    -1.810813
59344.120054 0.784298 0.049872    -1.790610
59344.154706 0.818950 0.061635    -1.765643
59344.189358 0.853602 0.073398    -1.736267
59344.224010 0.888254 0.085161    -1.702790
59344.258662 0.922906 0.096924    -1.665482
59344.293314 0.957558 0.108687    -1.624574
59344.327966 0.992210 0.120450    -1.580267
59344.362618 1.026862 0.132213    -1.532733
59344.397270 1.061514 0.143976    -1.482118
59344.431922 1.096166 0.155739    -1.428546
59344.466574 1.130818 0.167502    -1.372120
59344.501226 1.165470 0.179265    -1.312925
59344.535878 1.200122 0.191028    -1.251026
59344.570530 1.234774 0.202791    -1.186478
59344.605182 1.269426 0.214554    -1.119317
59344.639834 1.304078 0.226317    -1.049562
59344.674486 1.338730 0.238080    -0.977239
59344.709138 1.373382 0.249843    -0.902342
59344.743790 1.408034 0.261606    -0.824864
59344.778442 1.442686 0.273369    -0.744787
59344.813094 -1.468498 0.285132    -0.662083
59344.847746 -1.433846 0.296895    -0.576717
59344.882398 -1.399194 0.308659    -0.488648
59344.917050 -1.364542 0.320422    -0.397826
59344.951702 -1.329890 0.332185    -0.304196
59344.986354 -1.295238 0.343948    -0.207699
59345.021006 -1.260586 0.355711    -0.108270
59345.055658 -1.225934 0.367474    -0.005846
59345.090310 -1.191282 0.379237     0.099640
59345.124962 -1.156630 0.391000     0.208252
59345.159614 -1.121978 0.402763     0.320046
59345.194266 -1.087326 0.414526     0.435073
59345.228918 -1.052674 0.426289     0.553366
59345.263570 -1.018022 0.438052     0.674942
59345.298222 -0.983370 0.449815     0.799785
59345.332874 -0.948718 0.461578     0.927844
59345.367526 -0.914066 0.473341     1.059014
59345.402178 -0.879414 0.485104     1.193124
59345.436830 -0.844762 0.496867     1.329909
59345.471482 -0.810110 0.508630     1.468993
59345.506134 -0.775458 0.520393     1.609848
59345.540786 -0.740806 0.532156     1.751755
59345.575438 -0.706154 0.543919     1.893756
59345.610090 -0.671502 0.555682     2.034592
59345.644742 -0.636850 0.567445     2.172632
59345.679394 -0.602198 0.579209     2.305799
59345.714046 -0.567546 0.590972     2.431482
59345.748698 -0.532894 0.602735     2.546465
59345.783350 -0.498242 0.614498     2.646869
59345.818002 -0.463590 0.626261     2.728141
59345.852654 -0.428938 0.638024     2.785122
59345.887306 -0.394286 0.649787     2.812240
59345.921958 -0.359634 0.661550     2.803856
59345.956610 -0.324982 0.673313     2.754797
59345.991262 -0.290330 0.685076     2.661050
59346.025914 -0.255678 0.696839     2.520530
59346.060566 -0.221026 0.708602     2.333762
59346.095218 -0.186374 0.720365     2.104284
59346.129870 -0.151722 0.732128     1.838546
59346.164522 -0.117070 0.743891     1.545438
59346.199174 -0.082418 0.755654     1.235159
59346.233826 -0.047766 0.767417     0.918152
59346.268478 -0.013114 0.779180     0.604028
59346.303130 0.021538 0.790943     0.300811
59346.337782 0.056190 0.802706     0.014579
59346.372434 0.090842 0.814469    -0.250565
59346.407086 0.125494 0.826232    -0.492280
59346.441738 0.160146 0.837996    -0.709648
59346.476390 0.194798 0.849759    -0.902819
59346.511042 0.229450 0.861522    -1.072674
59346.545694 0.264102 0.873285    -1.220549
59346.580346 0.298754 0.885048    -1.348033
59346.614998 0.333406 0.896811    -1.456810
59346.649650 0.368058 0.908574    -1.548561
59346.684302 0.402710 0.920337    -1.624900
59346.718954 0.437362 0.932100    -1.687333
59346.753606 0.472014 0.943863    -1.737245
59346.788258 0.506666 0.955626    -1.775887
59346.822910 0.541318 0.967389    -1.804386
59346.857562 0.575970 0.979152    -1.823741
59346.892214 0.610622 0.990915    -1.834841
59346.926866 0.645274 0.002678    -1.838470
59346.961518 0.679926 0.014441    -1.835318
59346.996170 0.714578 0.026204    -1.825992
59347.030822 0.749230 0.037967    -1.811025
59347.065474 0.783882 0.049730    -1.790882
59347.100126 0.818534 0.061493    -1.765969
59347.134778 0.853186 0.073256    -1.736644
59347.169430 0.887838 0.085019    -1.703215
59347.204082 0.922490 0.096783    -1.665951
59347.238734 0.957142 0.108546    -1.625085
59347.273386 0.991794 0.120309    -1.580818
59347.308038 1.026446 0.132072    -1.533322
59347.342690 1.061098 0.143835    -1.482743
59347.377342 1.095750 0.155598    -1.429207
59347.411994 1.130402 0.167361    -1.372814
59347.446646 1.165054 0.179124    -1.313651
59347.481298 1.199706 0.190887    -1.251785
59347.515950 1.234358 0.202650    -1.187268
59347.550602 1.269010 0.214413    -1.120138
59347.585254 1.303662 0.226176    -1.050414
59347.619906 1.338314 0.237939    -0.978122
59347.654558 1.372966 0.249702    -0.903256
59347.689210 1.407618 0.261465    -0.825809
59347.723862 1.442270 0.273228    -0.745763
59347.758514 -1.468914 0.284991    -0.663091
59347.793166 -1.434262 0.296754    -0.577758
59347.827818 -1.399610 0.308517    -0.489722
59347.862470 -1.364958 0.320280    -0.398933
59347.897122 -1.330306 0.332043    -0.305337
59347.931774 -1.295654 0.343806    -0.208874
59347.966426 -1.261002 0.355569    -0.109481
59348.001078 -1.226350 0.367333    -0.007093
59348.035730 -1.191698 0.379096     0.098356
59348.070382 -1.157046 0.390859     0.206929
59348.105034 -1.122394 0.402622     0.318685
59348.139686 -1.087742 0.414385     0.433673
59348.174338 -1.053090 0.426148     0.551927
59348.208990 -1.018438 0.437911     0.673463
59348.243642 -0.983786 0.449674     0.798267
59348.278294 -0.949134 0.461437     0.926288
59348.312946 -0.914482 0.473200     1.057422
59348.347598 -0.879830 0.484963     1.191497
59348.382250 -0.845178 0.496726     1.328253
59348.416902 -0.810526 0.508489     1.467312
59348.451554 -0.775874 0.520252     1.608150
59348.486206 -0.741222 0.532015     1.750049
59348.520858 -0.706570 0.543778     1.892056
59348.555510 -0.671918 0.555541     2.032914
59348.590162 -0.637266 0.567304     2.171000
59348.624814 -0.602614 0.579067     2.304239
59348.659466 -0.567962 0.590830     2.430030
59348.694118 -0.533310 0.602593     2.545163
59348.728770 -0.498658 0.614356     2.645768
59348.763422 -0.464006 0.626120     2.727298
59348.798074 -0.429354 0.637883     2.784604
59348.832726 -0.394702 0.649646     2.812114
59348.867378 -0.360050 0.661409     2.804188
59348.902030 -0.325398 0.673172     2.755645
59348.936682 -0.290746 0.684935     2.662451
59348.971334 -0.256094 0.696698     2.522494
59349.005986 -0.221442 0.708461     2.336267
59349.040638 -0.186790 0.720224     2.107268
59349.075290 -0.152138 0.731987     1.841918
59349.109942 -0.117486 0.743750     1.549079
59349.144594 -0.082834 0.755513     1.238943
59349.179246 -0.048182 0.767276     0.921958
59349.213898 -0.013530 0.779039     0.607748
59349.248550 0.021122 0.790802     0.304360
59349.283202 0.055774 0.802565     0.017896
59349.317854 0.090426 0.814328    -0.247519
59349.352506 0.125078 0.826091    -0.489522
59349.387158 0.159730 0.837854    -0.707184
59349.421810 0.194382 0.849617    -0.900641
59349.456462 0.229034 0.861380    -1.070768
59349.491114 0.263686 0.873143    -1.218899
59349.525766 0.298338 0.884907    -1.346618
59349.560418 0.332990 0.896670    -1.455609
59349.595070 0.367642 0.908433    -1.547555
59349.629722 0.402294 0.920196    -1.624069
59349.664374 0.436946 0.931959    -1.686661
59349.699026 0.471598 0.943722    -1.736715
59349.733678 0.506250 0.955485    -1.775486
59349.768330 0.540902 0.967248    -1.804100
59349.802982 0.575554 0.979011    -1.823559
59349.837634 0.610206 0.990774    -1.834753
59349.872286 0.644858 0.002537    -1.838468
59349.906938 0.679510 0.014300    -1.835394
59349.941590 0.714162 0.026063    -1.826139
59349.976242 0.748814 0.037826    -1.811236
59350.010894 0.783466 0.049589    -1.791152
59350.045546 0.818118 0.061352    -1.766295
59350.080198 0.852770 0.073115    -1.737021
59350.114850 0.887422 0.084878    -1.703639
59350.149502 0.922074 0.096641    -1.666420
59350.184154 0.956726 0.108404    -1.625596
59350.218806 0.991378 0.120167    -1.581369
59350.253458 1.026030 0.131930    -1.533911
59350.288110 1.060682 0.143694    -1.483368
59350.322762 1.095334 0.155457    -1.429866
59350.357414 1.129986 0.167220    -1.373508
59350.392066 1.164638 0.178983    -1.314378
59350.426718 1.199290 0.190746    -1.252544
59350.461370 1.233942 0.202509    -1.188058
59350.496022 1.268594 0.214272    -1.120960
59350.530674 1.303246 0.226035    -1.051267
59350.565326 1.337898 0.237798    -0.979005
59350.599978 1.372550 0.249561    -0.904170
59350.634630 1.407202 0.261324    -0.826754
59350.669282 1.441854 0.273087    -0.746740
59350.703934 -1.469330 0.284850    -0.664099
59350.738586 -1.434678 0.296613    -0.578798
59350.773238 -1.400026 0.308376    -0.490794
59350.807890 -1.365374 0.320139    -0.400039
59350.842542 -1.330722 0.331902    -0.306477
59350.877194 -1.296070 0.343665    -0.210049
59350.911846 -1.261418 0.355428    -0.110692
59350.946498 -1.226766 0.367191    -0.008340
59350.981150 -1.192114 0.378954     0.097072
59351.015802 -1.157462 0.390717     0.205607
59351.050454 -1.122810 0.402480     0.317325
59351.085106 -1.088158 0.414244     0.432273
59351.119758 -1.053506 0.426007     0.550488
59351.154410 -1.018854 0.437770     0.671985
59351.189062 -0.984202 0.449533     0.796750
59351.223714 -0.949550 0.461296     0.924733
59351.258366 -0.914898 0.473059     1.055830
59351.293018 -0.880246 0.484822     1.189872
59351.327670 -0.845594 0.496585     1.326597
59351.362322 -0.810942 0.508348     1.465631
59351.396974 -0.776290 0.520111     1.606451
59351.431626 -0.741638 0.531874     1.748343
59351.466278 -0.706986 0.543637     1.890355
59351.500930 -0.672334 0.555400     2.031237
59351.535582 -0.637682 0.567163     2.169366
59351.570234 -0.603030 0.578926     2.302678
59351.604886 -0.568378 0.590689     2.428576
59351.639538 -0.533726 0.602452     2.543859
59351.674190 -0.499074 0.614215     2.644664
59351.708842 -0.464422 0.625978     2.726452
59351.743494 -0.429770 0.637741     2.784081
59351.778146 -0.395118 0.649504     2.811983
59351.812798 -0.360466 0.661267     2.804515
59351.847450 -0.325814 0.673031     2.756486
59351.882102 -0.291162 0.684794     2.663845
59351.916754 -0.256510 0.696557     2.524452
59351.951406 -0.221858 0.708320     2.338766
59351.986058 -0.187206 0.720083     2.110248
59352.020710 -0.152554 0.731846     1.845285
59352.055362 -0.117902 0.743609     1.552718
59352.090014 -0.083250 0.755372     1.242727
59352.124666 -0.048598 0.767135     0.925764
59352.159318 -0.013946 0.778898     0.611469
59352.193970 0.020706 0.790661     0.307911
59352.228622 0.055358 0.802424     0.021216
59352.263274 0.090010 0.814187    -0.244469
59352.297926 0.124662 0.825950    -0.486761
59352.332578 0.159314 0.837713    -0.704716
59352.367230 0.193966 0.849476    -0.898460
59352.401882 0.228618 0.861239    -1.068860
59352.436534 0.263270 0.873002    -1.217245
59352.471186 0.297922 0.884765    -1.345199
59352.505838 0.332574 0.896528    -1.454405
59352.540490 0.367226 0.908291    -1.546546
59352.575142 0.401878 0.920054    -1.623236
59352.609794 0.436530 0.931818    -1.685986
59352.644446 0.471182 0.943581    -1.736183
59352.679098 0.505834 0.955344    -1.775083
59352.713750 0.540486 0.967107    -1.803812
59352.748402 0.575138 0.978870    -1.823376
59352.783054 0.609790 0.990633    -1.834665
59352.817706 0.644442 0.002396    -1.838465
59352.852358 0.679094 0.014159    -1.835468
59352.887010 0.713746 0.025922    -1.826284
59352.921662 0.748398 0.037685    -1.811447
59352.956314 0.783050 0.049448    -1.791422
59352.990966 0.817702 0.061211    -1.766620
59353.025618 0.852354 0.072974    -1.737397
59353.060270 0.887006 0.084737    -1.704063
59353.094922 0.921658 0.096500    -1.666889
59353.129574 0.956310 0.108263    -1.626107
59353.164226 0.990962 0.120026    -1.581919
59353.198878 1.025614 0.131789    -1.534499
59353.233530 1.060266 0.143552    -1.483993
59353.268182 1.094918 0.155315    -1.430526
59353.302834 1.129570 0.167078    -1.374201
59353.337486 1.164222 0.178841    -1.315103
59353.372138 1.198874 0.190604    -1.253302
59353.406790 1.233526 0.202368    -1.188848
59353.441442 1.268178 0.214131    -1.121780
59353.476094 1.302830 0.225894    -1.052118
59353.510746 1.337482 0.237657    -0.979888
59353.545398 1.372134 0.249420    -0.905084
59353.580050 1.406786 0.261183    -0.827699
59353.614702 1.441438 0.272946    -0.747715
59353.649354 -1.469746 0.284709    -0.665107
59353.684006 -1.435094 0.296472    -0.579838
59353.718658 -1.400442 0.308235    -0.491867
59353.753310 -1.365790 0.319998    -0.401145
59353.787962 -1.331138 0.331761    -0.307617
59353.822614 -1.296486 0.343524    -0.211224
59353.857266 -1.261834 0.355287    -0.111902
59353.891918 -1.227182 0.367050    -0.009587
59353.926570 -1.192530 0.378813     0.095788
59353.961222 -1.157878 0.390576     0.204286
59353.995874 -1.123226 0.402339     0.315965
59354.030526 -1.088574 0.414102     0.430874
59354.065178 -1.053922 0.425865     0.549050
59354.099830 -1.019270 0.437628     0.670507
59354.134482 -0.984618 0.449391     0.795233
59354.169134 -0.949966 0.461155     0.923178
59354.203786 -0.915314 0.472918     1.054239
59354.238438 -0.880662 0.484681     1.188246
59354.273090 -0.846010 0.496444     1.324941
59354.307742 -0.811358 0.508207     1.463951
59354.342394 -0.776706 0.519970     1.604753
59354.377046 -0.742054 0.531733     1.746637
59354.411698 -0.707402 0.543496     1.888655
59354.446350 -0.672750 0.555259     2.029558
59354.481002 -0.638098 0.567022     2.167732
59354.515654 -0.603446 0.578785     2.301116
59354.550306 -0.568794 0.590548     2.427121
59354.584958 -0.534142 0.602311     2.542553
59354.619610 -0.499490 0.614074     2.643557
59354.654262 -0.464838 0.625837     2.725603
59354.688914 -0.430186 0.637600     2.783554
59354.723566 -0.395534 0.649363     2.811846
59354.758218 -0.360882 0.661126     2.804835
59354.792870 -0.326230 0.672889     2.757320
59354.827522 -0.291578 0.684652     2.665232
59354.862174 -0.256926 0.696415     2.526404
59354.896826 -0.222274 0.708178     2.341259
59354.931478 -0.187622 0.719942     2.113222
59354.966130 -0.152970 0.731705     1.848648
59355.000782 -0.118318 0.743468     1.556354
59355.035434 -0.083666 0.755231     1.246510
59355.070086 -0.049014 0.766994     0.929571
59355.104738 -0.014362 0.778757     0.615192
59355.139390 0.020290 0.790520     0.311465
59355.174042 0.054942 0.802283     0.024539
59355.208694 0.089594 0.814046    -0.241415
59355.243346 0.124246 0.825809    -0.483996
59355.277998 0.158898 0.837572    -0.702244
59355.312650 0.193550 0.849335    -0.896275
59355.347302 0.228202 0.861098    -1.066948
59355.381954 0.262854 0.872861    -1.215589
59355.416606 0.297506 0.884624    -1.343778
59355.451258 0.332158 0.896387    -1.453199
59355.485910 0.366810 0.908150    -1.545535
59355.520562 0.401462 0.919913    -1.622401
59355.555214 0.436114 0.931676    -1.685310
59355.589866 0.470766 0.943439    -1.735650
59355.624518 0.505418 0.955202    -1.774678
59355.659170 0.540070 0.966965    -1.803524
59355.693822 0.574722 0.978728    -1.823192
59355.728474 0.609374 0.990492    -1.834575
59355.763126 0.644026 0.002255    -1.838461
59355.797778 0.678678 0.014018    -1.835542
59355.832430 0.713330 0.025781    -1.826429
59355.867082 0.747982 0.037544    -1.811656
59355.901734 0.782634 0.049307    -1.791692
59355.936386 0.817286 0.061070    -1.766945
59355.971038 0.851938 0.072833    -1.737773
59356.005690 0.886590 0.084596    -1.704487
59356.040342 0.921242 0.096359    -1.667357
59356.074994 0.955894 0.108122    -1.626617
59356.109646 0.990546 0.119885    -1.582469
59356.144298 1.025198 0.131648    -1.535086
59356.178950 1.059850 0.143411    -1.484617
59356.213602 1.094502 0.155174    -1.431184
59356.248254 1.129154 0.166937    -1.374893
59356.282906 1.163806 0.178700    -1.315829
59356.317558 1.198458 0.190463    -1.254059
59356.352210 1.233110 0.202226    -1.189637
59356.386862 1.267762 0.213989    -1.122601
59356.421514 1.302414 0.225752    -1.052970
59356.456166 1.337066 0.237515    -0.980770
59356.490818 1.371718 0.249279    -0.905997
59356.525470 1.406370 0.261042    -0.828643
59356.560122 1.441022 0.272805    -0.748691
59356.594774 -1.470162 0.284568    -0.666114
59356.629426 -1.435510 0.296331    -0.580877
59356.664078 -1.400858 0.308094    -0.492939
59356.698730 -1.366206 0.319857    -0.402250
59356.733382 -1.331554 0.331620    -0.308757
59356.768034 -1.296902 0.343383    -0.212398
59356.802686 -1.262250 0.355146    -0.113112
59356.837338 -1.227598 0.366909    -0.010833
59356.871990 -1.192946 0.378672     0.094505
59356.906642 -1.158294 0.390435     0.202965
59356.941294 -1.123642 0.402198     0.314605
59356.975946 -1.088990 0.413961     0.429476
59357.010598 -1.054338 0.425724     0.547612
59357.045250 -1.019686 0.437487     0.669030
59357.079902 -0.985034 0.449250     0.793717
59357.114554 -0.950382 0.461013     0.921624
59357.149206 -0.915730 0.472776     1.052648
59357.183858 -0.881078 0.484539     1.186621
59357.218510 -0.846426 0.496302     1.323286
59357.253162 -0.811774 0.508066     1.462271
59357.287814 -0.777122 0.519829     1.603055
59357.322466 -0.742470 0.531592     1.744931
59357.357118 -0.707818 0.543355     1.886954
59357.391770 -0.673166 0.555118     2.027880
59357.426422 -0.638514 0.566881     2.166098
59357.461074 -0.603862 0.578644     2.299553
59357.495726 -0.569210 0.590407     2.425664
59357.530378 -0.534558 0.602170     2.541244
59357.565030 -0.499906 0.613933     2.642447
59357.599682 -0.465254 0.625696     2.724750
59357.634334 -0.430602 0.637459     2.783023
59357.668986 -0.395950 0.649222     2.811705
59357.703638 -0.361298 0.660985     2.805150
59357.738290 -0.326646 0.672748     2.758148
59357.772942 -0.291994 0.684511     2.666613
59357.807594 -0.257342 0.696274     2.528349
59357.842246 -0.222690 0.708037     2.343745
59357.876898 -0.188038 0.719800     2.116191
59357.911550 -0.153386 0.731563     1.852008
59357.946202 -0.118734 0.743326     1.559987
59357.980854 -0.084082 0.755089     1.250291
59358.015506 -0.049430 0.766853     0.933378
59358.050158 -0.014778 0.778616     0.618917
59358.084810 0.019874 0.790379     0.315021
59358.119462 0.054526 0.802142     0.027865
59358.154114 0.089178 0.813905    -0.238358
59358.188766 0.123830 0.825668    -0.481228
59358.223418 0.158482 0.837431    -0.699770
59358.258070 0.193134 0.849194    -0.894087
59358.292722 0.227786 0.860957    -1.065033
59358.327374 0.262438 0.872720    -1.213929
59358.362026 0.297090 0.884483    -1.342354
59358.396678 0.331742 0.896246    -1.451990
59358.431330 0.366394 0.908009    -1.544521
59358.465982 0.401046 0.919772    -1.621564
59358.500634 0.435698 0.931535    -1.684632
59358.535286 0.470350 0.943298    -1.735115
59358.569938 0.505002 0.955061    -1.774273
59358.604590 0.539654 0.966824    -1.803234
59358.639242 0.574306 0.978587    -1.823007
59358.673894 0.608958 0.990350    -1.834485
59358.708546 0.643610 0.002113    -1.838456
59358.743198 0.678262 0.013876    -1.835615
59358.777850 0.712914 0.025639    -1.826573
59358.812502 0.747566 0.037403    -1.811865
59358.847154 0.782218 0.049166    -1.791961
59358.881806 0.816870 0.060929    -1.767269
59358.916458 0.851522 0.072692    -1.738148
59358.951110 0.886174 0.084455    -1.704910
59358.985762 0.920826 0.096218    -1.667824
59359.020414 0.955478 0.107981    -1.627126
59359.055066 0.990130 0.119744    -1.583018
59359.089718 1.024782 0.131507    -1.535674
59359.124370 1.059434 0.143270    -1.485240
59359.159022 1.094086 0.155033    -1.431843
59359.193674 1.128738 0.166796    -1.375586
59359.228326 1.163390 0.178559    -1.316554
59359.262978 1.198042 0.190322    -1.254816
59359.297630 1.232694 0.202085    -1.190426
59359.332282 1.267346 0.213848    -1.123421
59359.366934 1.301998 0.225611    -1.053821
59359.401586 1.336650 0.237374    -0.981652
59359.436238 1.371302 0.249137    -0.906910
59359.470890 1.405954 0.260900    -0.829587
59359.505542 1.440606 0.272663    -0.749666
59359.540194 -1.470578 0.284426    -0.667121
59359.574846 -1.435926 0.296190    -0.581916
59359.609498 -1.401274 0.307953    -0.494011
59359.644150 -1.366622 0.319716    -0.403355
59359.678802 -1.331970 0.331479    -0.309896
59359.713454 -1.297318 0.343242    -0.213572
59359.748106 -1.262666 0.355005    -0.114321
59359.782758 -1.228014 0.366768    -0.012078
59359.817410 -1.193362 0.378531     0.093222
59359.852062 -1.158710 0.390294     0.201644
59359.886714 -1.124058 0.402057     0.313246
59359.921366 -1.089406 0.413820     0.428078
59359.956018 -1.054754 0.425583     0.546175
59359.990670 -1.020102 0.437346     0.667553
59360.025322 -0.985450 0.449109     0.792201
59360.059974 -0.950798 0.460872     0.920070
59360.094626 -0.916146 0.472635     1.051057
59360.129278 -0.881494 0.484398     1.184997
59360.163930 -0.846842 0.496161     1.321631
59360.198582 -0.812190 0.507924     1.460590
59360.233234 -0.777538 0.519687     1.601357
59360.267886 -0.742886 0.531450     1.743225
59360.302538 -0.708234 0.543213     1.885253
59360.337190 -0.673582 0.554977     2.026200
59360.371842 -0.638930 0.566740     2.164462
59360.406494 -0.604278 0.578503     2.297989
59360.441146 -0.569626 0.590266     2.424206
59360.475798 -0.534974 0.602029     2.539934
59360.510450 -0.500322 0.613792     2.641335
59360.545102 -0.465670 0.625555     2.723894
59360.579754 -0.431018 0.637318     2.782488
59360.614406 -0.396366 0.649081     2.811559
59360.649058 -0.361714 0.660844     2.805459
59360.683710 -0.327062 0.672607     2.758970
59360.718362 -0.292410 0.684370     2.667986
59360.753014 -0.257758 0.696133     2.530287
59360.787666 -0.223106 0.707896     2.346226
59360.822318 -0.188454 0.719659     2.119155
59360.856970 -0.153802 0.731422     1.855363
59360.891622 -0.119150 0.743185     1.563618
59360.926274 -0.084498 0.754948     1.254072
59360.960926 -0.049846 0.766711     0.937185
59360.995578 -0.015194 0.778474     0.622643
59361.030230 0.019458 0.790237     0.318580
59361.064882 0.054110 0.802000     0.031194
59361.099534 0.088762 0.813763    -0.235298
59361.134186 0.123414 0.825527    -0.478457
59361.168838 0.158066 0.837290    -0.697291
59361.203490 0.192718 0.849053    -0.891896
59361.238142 0.227370 0.860816    -1.063115
59361.272794 0.262022 0.872579    -1.212267
59361.307446 0.296674 0.884342    -1.340927
59361.342098 0.331326 0.896105    -1.450779
59361.376750 0.365978 0.907868    -1.543505
59361.411402 0.400630 0.919631    -1.620725
59361.446054 0.435282 0.931394    -1.683953
59361.480706 0.469934 0.943157    -1.734579
59361.515358 0.504586 0.954920    -1.773865
59361.550010 0.539238 0.966683    -1.802943
59361.584662 0.573890 0.978446    -1.822820
59361.619314 0.608542 0.990209    -1.834393
59361.653966 0.643194 0.001972    -1.838450
59361.688618 0.677846 0.013735    -1.835687
59361.723270 0.712498 0.025498    -1.826716
59361.757922 0.747150 0.037261    -1.812074
59361.792574 0.781802 0.049024    -1.792229
59361.827226 0.816454 0.060787    -1.767592
59361.861878 0.851106 0.072550    -1.738523
59361.896530 0.885758 0.084314    -1.705332
59361.931182 0.920410 0.096077    -1.668291
59361.965834 0.955062 0.107840    -1.627635
59362.000486 0.989714 0.119603    -1.583567
59362.035138 1.024366 0.131366    -1.536261
59362.069790 1.059018 0.143129    -1.485863
59362.104442 1.093670 0.154892    -1.432501
59362.139094 1.128322 0.166655    -1.376277
59362.173746 1.162974 0.178418    -1.317279
59362.208398 1.197626 0.190181    -1.255573
59362.243050 1.232278 0.201944    -1.191214
59362.277702 1.266930 0.213707    -1.124240
59362.312354 1.301582 0.225470    -1.054671
59362.347006 1.336234 0.237233    -0.982533
59362.381658 1.370886 0.248996    -0.907822
59362.416310 1.405538 0.260759    -0.830530
59362.450962 1.440190 0.272522    -0.750641
59362.485614 -1.470994 0.284285    -0.668127
59362.520266 -1.436342 0.296048    -0.582955
59362.554918 -1.401690 0.307811    -0.495082
59362.589570 -1.367038 0.319574    -0.404460
59362.624222 -1.332386 0.331337    -0.311034
59362.658874 -1.297734 0.343101    -0.214745
59362.693526 -1.263082 0.354864    -0.115530
59362.728178 -1.228430 0.366627    -0.013324
59362.762830 -1.193778 0.378390     0.091940
59362.797482 -1.159126 0.390153     0.200324
59362.832134 -1.124474 0.401916     0.311888
59362.866786 -1.089822 0.413679     0.426680
59362.901438 -1.055170 0.425442     0.544738
59362.936090 -1.020518 0.437205     0.666077
59362.970742 -0.985866 0.448968     0.790686
59363.005394 -0.951214 0.460731     0.918516
59363.040046 -0.916562 0.472494     1.049467
59363.074698 -0.881910 0.484257     1.183372
59363.109350 -0.847258 0.496020     1.319976
59363.144002 -0.812606 0.507783     1.458911
59363.178654 -0.777954 0.519546     1.599659
59363.213306 -0.743302 0.531309     1.741519
59363.247958 -0.708650 0.543072     1.883552
59363.282610 -0.673998 0.554835     2.024521
59363.317262 -0.639346 0.566598     2.162826
59363.351914 -0.604694 0.578361     2.296424
59363.386566 -0.570042 0.590124     2.422746
59363.421218 -0.535390 0.601887     2.538621
59363.455870 -0.500738 0.613651     2.640220
59363.490522 -0.466086 0.625414     2.723035
59363.525174 -0.431434 0.637177     2.781948
59363.559826 -0.396782 0.648940     2.811407
59363.594478 -0.362130 0.660703     2.805762
59363.629130 -0.327478 0.672466     2.759785
59363.663782 -0.292826 0.684229     2.669353
59363.698434 -0.258174 0.695992     2.532218
59363.733086 -0.223522 0.707755     2.348700
59363.767738 -0.188870 0.719518     2.122113
59363.802390 -0.154218 0.731281     1.858714
59363.837042 -0.119566 0.743044     1.567247
59363.871694 -0.084914 0.754807     1.257851
59363.906346 -0.050262 0.766570     0.940993
59363.940998 -0.015610 0.778333     0.626371
59363.975650 0.019042 0.790096     0.322141
59364.010302 0.053694 0.801859     0.034526
59364.044954 0.088346 0.813622    -0.232235
59364.079606 0.122998 0.825385    -0.475682
59364.114258 0.157650 0.837148    -0.694809
59364.148910 0.192302 0.848911    -0.889701
59364.183562 0.226954 0.860674    -1.061194
59364.218214 0.261606 0.872438    -1.210601
59364.252866 0.296258 0.884201    -1.339498
59364.287518 0.330910 0.895964    -1.449565
59364.322170 0.365562 0.907727    -1.542488
59364.356822 0.400214 0.919490    -1.619884
59364.391474 0.434866 0.931253    -1.683271
59364.426126 0.469518 0.943016    -1.734041
59364.460778 0.504170 0.954779    -1.773456
59364.495430 0.538822 0.966542    -1.802650
59364.530082 0.573474 0.978305    -1.822633
59364.564734 0.608126 0.990068    -1.834300
59364.599386 0.642778 0.001831    -1.838443
59364.634038 0.677430 0.013594    -1.835758
59364.668690 0.712082 0.025357    -1.826859
59364.703342 0.746734 0.037120    -1.812281
59364.737994 0.781386 0.048883    -1.792496
59364.772646 0.816038 0.060646    -1.767915
59364.807298 0.850690 0.072409    -1.738897
59364.841950 0.885342 0.084172    -1.705754
59364.876602 0.919994 0.095935    -1.668758
59364.911254 0.954646 0.107698    -1.628144
59364.945906 0.989298 0.119461    -1.584116
59364.980558 1.023950 0.131225    -1.536847
59365.015210 1.058602 0.142988    -1.486486
59365.049862 1.093254 0.154751    -1.433159
59365.084514 1.127906 0.166514    -1.376969
59365.119166 1.162558 0.178277    -1.318003
59365.153818 1.197210 0.190040    -1.256330
59365.188470 1.231862 0.201803    -1.192002
59365.223122 1.266514 0.213566    -1.125060
59365.257774 1.301166 0.225329    -1.055521
59365.292426 1.335818 0.237092    -0.983414
59365.327078 1.370470 0.248855    -0.908734
59365.361730 1.405122 0.260618    -0.831474
59365.396382 1.439774 0.272381    -0.751615
59365.431034 -1.471410 0.284144    -0.669133
59365.465686 -1.436758 0.295907    -0.583993
59365.500338 -1.402106 0.307670    -0.496153
59365.534990 -1.367454 0.319433    -0.405564
59365.569642 -1.332802 0.331196    -0.312173
59365.604294 -1.298150 0.342959    -0.215918
59365.638946 -1.263498 0.354722    -0.116739
59365.673598 -1.228846 0.366485    -0.014568
59365.708250 -1.194194 0.378248     0.090658
59365.742902 -1.159542 0.390011     0.199005
59365.777554 -1.124890 0.401775     0.310530
59365.812206 -1.090238 0.413538     0.425283
59365.846858 -1.055586 0.425301     0.543301
59365.881510 -1.020934 0.437064     0.664601
59365.916162 -0.986282 0.448827     0.789171
59365.950814 -0.951630 0.460590     0.916963
59365.985466 -0.916978 0.472353     1.047878
59366.020118 -0.882326 0.484116     1.181749
59366.054770 -0.847674 0.495879     1.318322
59366.089422 -0.813022 0.507642     1.457231
59366.124074 -0.778370 0.519405     1.597962
59366.158726 -0.743718 0.531168     1.739814
59366.193378 -0.709066 0.542931     1.881851
59366.228030 -0.674414 0.554694     2.022841
59366.262682 -0.639762 0.566457     2.161190
59366.297334 -0.605110 0.578220     2.294858
59366.331986 -0.570458 0.589983     2.421285
59366.366638 -0.535806 0.601746     2.537307
59366.401290 -0.501154 0.613509     2.639102
59366.435942 -0.466502 0.625272     2.722172
59366.470594 -0.431850 0.637035     2.781404
59366.505246 -0.397198 0.648798     2.811251
59366.539898 -0.362546 0.660562     2.806059
59366.574550 -0.327894 0.672325     2.760594
59366.609202 -0.293242 0.684088     2.670713
59366.643854 -0.258590 0.695851     2.534142
59366.678506 -0.223938 0.707614     2.351167
59366.713158 -0.189286 0.719377     2.125066
59366.747810 -0.154634 0.731140     1.862061
59366.782462 -0.119982 0.742903     1.570872
59366.817114 -0.085330 0.754666     1.261629
59366.851766 -0.050678 0.766429     0.944801
59366.886418 -0.016026 0.778192     0.630100
59366.921070 0.018626 0.789955     0.325705
59366.955722 0.053278 0.801718     0.037861
59366.990374 0.087930 0.813481    -0.229168
59367.025026 0.122582 0.825244    -0.472903
59367.059678 0.157234 0.837007    -0.692324
59367.094330 0.191886 0.848770    -0.887502
59367.128982 0.226538 0.860533    -1.059269
59367.163634 0.261190 0.872296    -1.208933
59367.198286 0.295842 0.884059    -1.338066
59367.232938 0.330494 0.895822    -1.448349
59367.267590 0.365146 0.907585    -1.541467
59367.302242 0.399798 0.919349    -1.619041
59367.336894 0.434450 0.931112    -1.682588
59367.371546 0.469102 0.942875    -1.733501
59367.406198 0.503754 0.954638    -1.773046
59367.440850 0.538406 0.966401    -1.802356
59367.475502 0.573058 0.978164    -1.822444
59367.510154 0.607710 0.989927    -1.834206
59367.544806 0.642362 0.001690    -1.838435
59367.579458 0.677014 0.013453    -1.835828
59367.614110 0.711666 0.025216    -1.827000
59367.648762 0.746318 0.036979    -1.812488
59367.683414 0.780970 0.048742    -1.792763
59367.718066 0.815622 0.060505    -1.768237
59367.752718 0.850274 0.072268    -1.739270
59367.787370 0.884926 0.084031    -1.706175
59367.822022 0.919578 0.095794    -1.669224
59367.856674 0.954230 0.107557    -1.628652
59367.891326 0.988882 0.119320    -1.584664
59367.925978 1.023534 0.131083    -1.537433
59367.960630 1.058186 0.142846    -1.487108
59367.995282 1.092838 0.154609    -1.433816
59368.029934 1.127490 0.166372    -1.377660
59368.064586 1.162142 0.178136    -1.318727
59368.099238 1.196794 0.189899    -1.257086
59368.133890 1.231446 0.201662    -1.192790
59368.168542 1.266098 0.213425    -1.125878
59368.203194 1.300750 0.225188    -1.056371
59368.237846 1.335402 0.236951    -0.984295
59368.272498 1.370054 0.248714    -0.909646
59368.307150 1.404706 0.260477    -0.832416
59368.341802 1.439358 0.272240    -0.752589
59368.376454 -1.471826 0.284003    -0.670139
59368.411106 -1.437174 0.295766    -0.585031
59368.445758 -1.402522 0.307529    -0.497224
59368.480410 -1.367870 0.319292    -0.406668
59368.515062 -1.333218 0.331055    -0.313310
59368.549714 -1.298566 0.342818    -0.217091
59368.584366 -1.263914 0.354581    -0.117947
59368.619018 -1.229262 0.366344    -0.015813
59368.653670 -1.194610 0.378107     0.089377
59368.688322 -1.159958 0.389870     0.197685
59368.722974 -1.125306 0.401633     0.309172
59368.757626 -1.090654 0.413396     0.423886
59368.792278 -1.056002 0.425159     0.541865
59368.826930 -1.021350 0.436922     0.663125
59368.861582 -0.986698 0.448686     0.787657
59368.896234 -0.952046 0.460449     0.915410
59368.930886 -0.917394 0.472212     1.046288
59368.965538 -0.882742 0.483975     1.180125
59369.000190 -0.848090 0.495738     1.316668
59369.034842 -0.813438 0.507501     1.455552
59369.069494 -0.778786 0.519264     1.596264
59369.104146 -0.744134 0.531027     1.738108
59369.138798 -0.709482 0.542790     1.880149
59369.173450 -0.674830 0.554553     2.021161
59369.208102 -0.640178 0.566316     2.159552
59369.242754 -0.605526 0.578079     2.293291
59369.277406 -0.570874 0.589842     2.419822
59369.312058 -0.536222 0.601605     2.535990
59369.346710 -0.501570 0.613368     2.637981
59369.381362 -0.466918 0.625131     2.721305
59369.416014 -0.432266 0.636894     2.780856
59369.450666 -0.397614 0.648657     2.811089
59369.485318 -0.362962 0.660420     2.806351
59369.519970 -0.328310 0.672183     2.761396
59369.554622 -0.293658 0.683946     2.672067
59369.589274 -0.259006 0.695709     2.536060
59369.623926 -0.224354 0.707473     2.353629
59369.658578 -0.189702 0.719236     2.128014
59369.693230 -0.155050 0.730999     1.865404
59369.727882 -0.120398 0.742762     1.574496
59369.762534 -0.085746 0.754525     1.265407
59369.797186 -0.051094 0.766288     0.948609
59369.831838 -0.016442 0.778051     0.633831
59369.866490 0.018210 0.789814     0.329271
59369.901142 0.052862 0.801577     0.041199
59369.935794 0.087514 0.813340    -0.226097
59369.970446 0.122166 0.825103    -0.470121
59370.005098 0.156818 0.836866    -0.689835
59370.039750 0.191470 0.848629    -0.885301
59370.074402 0.226122 0.860392    -1.057342
59370.109054 0.260774 0.872155    -1.207261
59370.143706 0.295426 0.883918    -1.336631
59370.178358 0.330078 0.895681    -1.447131
59370.213010 0.364730 0.907444    -1.540445
59370.247662 0.399382 0.919207    -1.618196
59370.282314 0.434034 0.930970    -1.681903
59370.316966 0.468686 0.942733    -1.732960
59370.351618 0.503338 0.954496    -1.772634
59370.386270 0.537990 0.966260    -1.802061
59370.420922 0.572642 0.978023    -1.822254
59370.455574 0.607294 0.989786    -1.834111
59370.490226 0.641946 0.001549    -1.838426
59370.524878 0.676598 0.013312    -1.835898
59370.559530 0.711250 0.025075    -1.827141
59370.594182 0.745902 0.036838    -1.812694
59370.628834 0.780554 0.048601    -1.793029
59370.663486 0.815206 0.060364    -1.768558
59370.698138 0.849858 0.072127    -1.739643
59370.732790 0.884510 0.083890    -1.706595
59370.767442 0.919162 0.095653    -1.669689
59370.802094 0.953814 0.107416    -1.629160
59370.836746 0.988466 0.119179    -1.585211
59370.871398 1.023118 0.130942    -1.538018
59370.906050 1.057770 0.142705    -1.487730
59370.940702 1.092422 0.154468    -1.434473
59370.975354 1.127074 0.166231    -1.378351
59371.010006 1.161726 0.177994    -1.319450
59371.044658 1.196378 0.189757    -1.257841
59371.079310 1.231030 0.201520    -1.193577
59371.113962 1.265682 0.213283    -1.126697
59371.148614 1.300334 0.225046    -1.057221
59371.183266 1.334986 0.236810    -0.985175
59371.217918 1.369638 0.248573    -0.910557
59371.252570 1.404290 0.260336    -0.833359
59371.287222 1.438942 0.272099    -0.753563
59371.321874 -1.472242 0.283862    -0.671144
59371.356526 -1.437590 0.295625    -0.586068
59371.391178 -1.402938 0.307388    -0.498294
59371.425830 -1.368286 0.319151    -0.407772
59371.460482 -1.333634 0.330914    -0.314448
59371.495134 -1.298982 0.342677    -0.218263
59371.529786 -1.264330 0.354440    -0.119154
59371.564438 -1.229678 0.366203    -0.017057
59371.599090 -1.195026 0.377966     0.088096
59371.633742 -1.160374 0.389729     0.196367
59371.668394 -1.125722 0.401492     0.307815
59371.703046 -1.091070 0.413255     0.422490
59371.737698 -1.056418 0.425018     0.540430
59371.772350 -1.021766 0.436781     0.661651
59371.807002 -0.987114 0.448544     0.786143
59371.841654 -0.952462 0.460307     0.913858
59371.876306 -0.917810 0.472070     1.044699
59371.910958 -0.883158 0.483833     1.178502
59371.945610 -0.848506 0.495597     1.315015
59371.980262 -0.813854 0.507360     1.453873
59372.014914 -0.779202 0.519123     1.594567
59372.049566 -0.744550 0.530886     1.736402
59372.084218 -0.709898 0.542649     1.878448
59372.118870 -0.675246 0.554412     2.019480
