# time Tc_folded Tref_folded model model_err 
59319.654344 0.000000 0.000000    -5.428936     1.358340 
59319.707276 0.000000 0.000000    -5.432812     1.357599 
59319.760208 0.000000 0.000000    -5.436578     1.356857 
59319.813139 0.000000 0.000000    -5.440231     1.356113 
59319.866071 0.000000 0.000000    -5.443766     1.355368 
59319.919003 0.000000 0.000000    -5.447182     1.354623 
59319.971935 0.000000 0.000000    -5.450473     1.353876 
59320.024867 0.000000 0.000000    -5.453636     1.353130 
59320.077799 0.000000 0.000000    -5.456669     1.352382 
59320.130730 0.000000 0.000000    -5.459567     1.351635 
59320.183662 0.000000 0.000000    -5.462328     1.350888 
59320.236594 0.000000 0.000000    -5.464947     1.350141 
59320.289526 0.000000 0.000000    -5.467423     1.349394 
59320.342458 0.000000 0.000000    -5.469751     1.348648 
59320.395390 0.000000 0.000000    -5.471929     1.347903 
59320.448321 0.000000 0.000000    -5.473953     1.347158 
59320.501253 0.000000 0.000000    -5.475821     1.346414 
59320.554185 0.000000 0.000000    -5.477530     1.345672 
59320.607117 0.000000 0.000000    -5.479076     1.344931 
59320.660049 0.000000 0.000000    -5.480458     1.344191 
59320.712981 0.000000 0.000000    -5.481671     1.343453 
59320.765912 0.000000 0.000000    -5.482715     1.342717 
59320.818844 0.000000 0.000000    -5.483586     1.341982 
59320.871776 0.000000 0.000000    -5.484281     1.341249 
59320.924708 0.000000 0.000000    -5.484798     1.340519 
59320.977640 0.000000 0.000000    -5.485135     1.339790 
59321.030572 0.000000 0.000000    -5.485289     1.339063 
59321.083503 0.000000 0.000000    -5.485259     1.338339 
59321.136435 0.000000 0.000000    -5.485042     1.337617 
59321.189367 0.000000 0.000000    -5.484635     1.336897 
59321.242299 0.000000 0.000000    -5.484037     1.336179 
59321.295231 0.000000 0.000000    -5.483246     1.335464 
59321.348163 0.000000 0.000000    -5.482261     1.334752 
59321.401094 0.000000 0.000000    -5.481078     1.334041 
59321.454026 0.000000 0.000000    -5.479697     1.333334 
59321.506958 0.000000 0.000000    -5.478115     1.332628 
59321.559890 0.000000 0.000000    -5.476332     1.331925 
59321.612822 0.000000 0.000000    -5.474345     1.331225 
59321.665754 0.000000 0.000000    -5.472154     1.330526 
59321.718685 0.000000 0.000000    -5.469756     1.329830 
59321.771617 0.000000 0.000000    -5.467151     1.329136 
59321.824549 0.000000 0.000000    -5.464337     1.328445 
59321.877481 0.000000 0.000000    -5.461313     1.327755 
59321.930413 0.000000 0.000000    -5.458079     1.327067 
59321.983345 0.000000 0.000000    -5.454632     1.326381 
59322.036276 0.000000 0.000000    -5.450973     1.325697 
59322.089208 0.000000 0.000000    -5.447100     1.325015 
59322.142140 0.000000 0.000000    -5.443012     1.324334 
59322.195072 0.000000 0.000000    -5.438710     1.323654 
59322.248004 0.000000 0.000000    -5.434191     1.322975 
59322.300936 0.000000 0.000000    -5.429457     1.322297 
59322.353867 0.000000 0.000000    -5.424505     1.321620 
59322.406799 0.000000 0.000000    -5.419337     1.320943 
59322.459731 0.000000 0.000000    -5.413951     1.320267 
59322.512663 0.000000 0.000000    -5.408347     1.319590 
59322.565595 0.000000 0.000000    -5.402526     1.318914 
59322.618527 0.000000 0.000000    -5.396486     1.318237 
59322.671458 0.000000 0.000000    -5.390228     1.317559 
59322.724390 0.000000 0.000000    -5.383753     1.316880 
59322.777322 0.000000 0.000000    -5.377060     1.316200 
59322.830254 0.000000 0.000000    -5.370149     1.315519 
59322.883186 0.000000 0.000000    -5.363021     1.314835 
59322.936118 0.000000 0.000000    -5.355675     1.314149 
59322.989049 0.000000 0.000000    -5.348114     1.313461 
59323.041981 0.000000 0.000000    -5.340336     1.312770 
59323.094913 0.000000 0.000000    -5.332342     1.312075 
59323.147845 0.000000 0.000000    -5.324134     1.311377 
59323.200777 0.000000 0.000000    -5.315711     1.310674 
59323.253709 0.000000 0.000000    -5.307075     1.309967 
59323.306640 0.000000 0.000000    -5.298226     1.309255 
59323.359572 0.000000 0.000000    -5.289165     1.308538 
59323.412504 0.000000 0.000000    -5.279894     1.307815 
59323.465436 0.000000 0.000000    -5.270413     1.307086 
59323.518368 0.000000 0.000000    -5.260723     1.306351 
59323.571300 0.000000 0.000000    -5.250825     1.305608 
59323.624231 0.000000 0.000000    -5.240721     1.304858 
59323.677163 0.000000 0.000000    -5.230412     1.304099 
59323.730095 0.000000 0.000000    -5.219899     1.303333 
59323.783027 0.000000 0.000000    -5.209184     1.302557 
59323.835959 0.000000 0.000000    -5.198268     1.301772 
59323.888891 0.000000 0.000000    -5.187152     1.300977 
59323.941822 0.000000 0.000000    -5.175838     1.300171 
59323.994754 0.000000 0.000000    -5.164328     1.299354 
59324.047686 0.000000 0.000000    -5.152624     1.298526 
59324.100618 0.000000 0.000000    -5.140726     1.297686 
59324.153550 0.000000 0.000000    -5.128637     1.296833 
59324.206481 0.000000 0.000000    -5.116359     1.295967 
59324.259413 0.000000 0.000000    -5.103894     1.295088 
59324.312345 0.000000 0.000000    -5.091243     1.294194 
59324.365277 0.000000 0.000000    -5.078408     1.293286 
59324.418209 0.000000 0.000000    -5.065392     1.292362 
59324.471141 0.000000 0.000000    -5.052196     1.291422 
59324.524072 0.000000 0.000000    -5.038823     1.290466 
59324.577004 0.000000 0.000000    -5.025274     1.289493 
59324.629936 0.000000 0.000000    -5.011552     1.288502 
59324.682868 0.000000 0.000000    -4.997660     1.287494 
59324.735800 0.000000 0.000000    -4.983598     1.286466 
59324.788732 0.000000 0.000000    -4.969370     1.285419 
59324.841663 0.000000 0.000000    -4.954978     1.284353 
59324.894595 0.000000 0.000000    -4.940425     1.283266 
59324.947527 0.000000 0.000000    -4.925712     1.282158 
59325.000459 0.000000 0.000000    -4.910842     1.281029 
59325.053391 0.000000 0.000000    -4.895818     1.279878 
59325.106323 0.000000 0.000000    -4.880641     1.278704 
59325.159254 0.000000 0.000000    -4.865316     1.277506 
59325.212186 0.000000 0.000000    -4.849843     1.276285 
59325.265118 0.000000 0.000000    -4.834226     1.275040 
59325.318050 0.000000 0.000000    -4.818467     1.273770 
59325.370982 0.000000 0.000000    -4.802568     1.272474 
59325.423914 0.000000 0.000000    -4.786534     1.271153 
59325.476845 0.000000 0.000000    -4.770365     1.269805 
59325.529777 0.000000 0.000000    -4.754065     1.268430 
59325.582709 0.000000 0.000000    -4.737636     1.267027 
59325.635641 0.000000 0.000000    -4.721081     1.265596 
59325.688573 0.000000 0.000000    -4.704403     1.264137 
59325.741505 0.000000 0.000000    -4.687605     1.262649 
59325.794436 0.000000 0.000000    -4.670688     1.261130 
59325.847368 0.000000 0.000000    -4.653657     1.259582 
59325.900300 0.000000 0.000000    -4.636513     1.258003 
59325.953232 0.000000 0.000000    -4.619259     1.256393 
59326.006164 0.000000 0.000000    -4.601898     1.254752 
59326.059096 0.000000 0.000000    -4.584433     1.253078 
59326.112027 0.000000 0.000000    -4.566867     1.251372 
59326.164959 0.000000 0.000000    -4.549202     1.249633 
59326.217891 0.000000 0.000000    -4.531441     1.247860 
59326.270823 0.000000 0.000000    -4.513587     1.246054 
59326.323755 0.000000 0.000000    -4.495643     1.244213 
59326.376687 0.000000 0.000000    -4.477611     1.242337 
59326.429618 0.000000 0.000000    -4.459493     1.240427 
59326.482550 0.000000 0.000000    -4.441294     1.238480 
59326.535482 0.000000 0.000000    -4.423014     1.236498 
59326.588414 0.000000 0.000000    -4.404658     1.234479 
59326.641346 0.000000 0.000000    -4.386228     1.232424 
59326.694278 0.000000 0.000000    -4.367726     1.230332 
59326.747209 0.000000 0.000000    -4.349155     1.228202 
59326.800141 0.000000 0.000000    -4.330518     1.226034 
59326.853073 0.000000 0.000000    -4.311817     1.223829 
59326.906005 0.000000 0.000000    -4.293055     1.221585 
59326.958937 0.000000 0.000000    -4.274235     1.219302 
59327.011869 0.000000 0.000000    -4.255359     1.216980 
59327.064800 0.000000 0.000000    -4.236429     1.214619 
59327.117732 0.000000 0.000000    -4.217449     1.212218 
59327.170664 0.000000 0.000000    -4.198420     1.209777 
59327.223596 0.000000 0.000000    -4.179346     1.207297 
59327.276528 0.000000 0.000000    -4.160228     1.204776 
59327.329460 0.000000 0.000000    -4.141069     1.202214 
59327.382391 0.000000 0.000000    -4.121871     1.199612 
59327.435323 0.000000 0.000000    -4.102637     1.196969 
59327.488255 0.000000 0.000000    -4.083369     1.194284 
59327.541187 0.000000 0.000000    -4.064069     1.191559 
59327.594119 0.000000 0.000000    -4.044740     1.188791 
59327.647051 0.000000 0.000000    -4.025384     1.185983 
59327.699982 0.000000 0.000000    -4.006003     1.183132 
59327.752914 0.000000 0.000000    -3.986598     1.180240 
59327.805846 0.000000 0.000000    -3.967174     1.177305 
59327.858778 0.000000 0.000000    -3.947730     1.174329 
59327.911710 0.000000 0.000000    -3.928270     1.171310 
59327.964642 0.000000 0.000000    -3.908795     1.168250 
59328.017573 0.000000 0.000000    -3.889307     1.165146 
59328.070505 0.000000 0.000000    -3.869809     1.162001 
59328.123437 0.000000 0.000000    -3.850302     1.158813 
59328.176369 0.000000 0.000000    -3.830788     1.155584 
59328.229301 0.000000 0.000000    -3.811269     1.152311 
59328.282233 0.000000 0.000000    -3.791746     1.148997 
59328.335164 0.000000 0.000000    -3.772222     1.145640 
59328.388096 0.000000 0.000000    -3.752697     1.142241 
59328.441028 0.000000 0.000000    -3.733174     1.138800 
59328.493960 0.000000 0.000000    -3.713654     1.135317 
59328.546892 0.000000 0.000000    -3.694139     1.131791 
59328.599824 0.000000 0.000000    -3.674630     1.128224 
59328.652755 0.000000 0.000000    -3.655128     1.124616 
59328.705687 0.000000 0.000000    -3.635636     1.120966 
59328.758619 0.000000 0.000000    -3.616153     1.117274 
59328.811551 0.000000 0.000000    -3.596682     1.113541 
59328.864483 0.000000 0.000000    -3.577225     1.109767 
59328.917414 0.000000 0.000000    -3.557781     1.105952 
59328.970346 0.000000 0.000000    -3.538352     1.102097 
59329.023278 0.000000 0.000000    -3.518939     1.098201 
59329.076210 0.000000 0.000000    -3.499544     1.094265 
59329.129142 0.000000 0.000000    -3.480168     1.090289 
59329.182074 0.000000 0.000000    -3.460810     1.086274 
59329.235005 0.000000 0.000000    -3.441473     1.082219 
59329.287937 0.000000 0.000000    -3.422156     1.078126 
59329.340869 0.000000 0.000000    -3.402862     1.073994 
59329.393801 0.000000 0.000000    -3.383590     1.069823 
59329.446733 0.000000 0.000000    -3.364342     1.065615 
59329.499665 0.000000 0.000000    -3.345117     1.061369 
59329.552596 0.000000 0.000000    -3.325917     1.057086 
59329.605528 0.000000 0.000000    -3.306742     1.052766 
59329.658460 0.000000 0.000000    -3.287592     1.048410 
59329.711392 0.000000 0.000000    -3.268469     1.044018 
59329.764324 0.000000 0.000000    -3.249372     1.039591 
59329.817256 0.000000 0.000000    -3.230302     1.035129 
59329.870187 0.000000 0.000000    -3.211259     1.030633 
59329.923119 0.000000 0.000000    -3.192244     1.026103 
59329.976051 0.000000 0.000000    -3.173256     1.021540 
59330.028983 0.000000 0.000000    -3.154296     1.016944 
59330.081915 0.000000 0.000000    -3.135364     1.012316 
59330.134847 0.000000 0.000000    -3.116460     1.007656 
59330.187778 0.000000 0.000000    -3.097583     1.002966 
59330.240710 0.000000 0.000000    -3.078735     0.998245 
59330.293642 0.000000 0.000000    -3.059915     0.993495 
59330.346574 0.000000 0.000000    -3.041123     0.988716 
59330.399506 0.000000 0.000000    -3.022358     0.983909 
59330.452438 0.000000 0.000000    -3.003620     0.979074 
59330.505369 0.000000 0.000000    -2.984910     0.974213 
59330.558301 0.000000 0.000000    -2.966227     0.969325 
59330.611233 0.000000 0.000000    -2.947571     0.964413 
59330.664165 0.000000 0.000000    -2.928940     0.959476 
59330.717097 0.000000 0.000000    -2.910336     0.954515 
59330.770029 0.000000 0.000000    -2.891757     0.949532 
59330.822960 0.000000 0.000000    -2.873203     0.944527 
59330.875892 0.000000 0.000000    -2.854673     0.939501 
59330.928824 0.000000 0.000000    -2.836168     0.934455 
59330.981756 0.000000 0.000000    -2.817685     0.929390 
59331.034688 0.000000 0.000000    -2.799225     0.924306 
59331.087620 0.000000 0.000000    -2.780787     0.919206 
59331.140551 0.000000 0.000000    -2.762371     0.914090 
59331.193483 0.000000 0.000000    -2.743974     0.908958 
59331.246415 0.000000 0.000000    -2.725598     0.903812 
59331.299347 0.000000 0.000000    -2.707241     0.898654 
59331.352279 0.000000 0.000000    -2.688902     0.893483 
59331.405211 0.000000 0.000000    -2.670580     0.888302 
59331.458142 0.000000 0.000000    -2.652274     0.883111 
59331.511074 0.000000 0.000000    -2.633985     0.877912 
59331.564006 0.000000 0.000000    -2.615709     0.872706 
59331.616938 0.000000 0.000000    -2.597448     0.867493 
59331.669870 0.000000 0.000000    -2.579198     0.862276 
59331.722802 0.000000 0.000000    -2.560961     0.857056 
59331.775733 0.000000 0.000000    -2.542734     0.851833 
59331.828665 0.000000 0.000000    -2.524517     0.846610 
59331.881597 0.000000 0.000000    -2.506308     0.841387 
59331.934529 0.000000 0.000000    -2.488107     0.836166 
59331.987461 0.000000 0.000000    -2.469912     0.830948 
59332.040393 0.000000 0.000000    -2.451722     0.825736 
59332.093324 0.000000 0.000000    -2.433537     0.820529 
59332.146256 0.000000 0.000000    -2.415354     0.815330 
59332.199188 0.000000 0.000000    -2.397173     0.810140 
59332.252120 0.000000 0.000000    -2.378992     0.804961 
59332.305052 0.000000 0.000000    -2.360811     0.799795 
59332.357984 0.000000 0.000000    -2.342628     0.794642 
59332.410915 0.000000 0.000000    -2.324442     0.789504 
59332.463847 0.000000 0.000000    -2.306252     0.784384 
59332.516779 0.000000 0.000000    -2.288057     0.779282 
59332.569711 0.000000 0.000000    -2.269855     0.774201 
59332.622643 0.000000 0.000000    -2.251645     0.769142 
59332.675575 0.000000 0.000000    -2.233426     0.764106 
59332.728506 0.000000 0.000000    -2.215197     0.759096 
59332.781438 0.000000 0.000000    -2.196956     0.754113 
59332.834370 0.000000 0.000000    -2.178703     0.749159 
59332.887302 0.000000 0.000000    -2.160435     0.744235 
59332.940234 0.000000 0.000000    -2.142153     0.739344 
59332.993166 0.000000 0.000000    -2.123854     0.734487 
59333.046097 0.000000 0.000000    -2.105538     0.729665 
59333.099029 0.000000 0.000000    -2.087203     0.724881 
59333.151961 0.000000 0.000000    -2.068848     0.720137 
59333.204893 0.000000 0.000000    -2.050472     0.715433 
59333.257825 0.000000 0.000000    -2.032073     0.710772 
59333.310756 0.000000 0.000000    -2.013652     0.706156 
59333.363688 0.000000 0.000000    -1.995206     0.701586 
59333.416620 0.000000 0.000000    -1.976734     0.697064 
59333.469552 0.000000 0.000000    -1.958236     0.692591 
59333.522484 0.000000 0.000000    -1.939710     0.688169 
59333.575416 0.000000 0.000000    -1.921155     0.683800 
59333.628347 0.000000 0.000000    -1.902570     0.679485 
59333.681279 0.000000 0.000000    -1.883954     0.675226 
59333.734211 0.000000 0.000000    -1.865307     0.671025 
59333.787143 0.000000 0.000000    -1.846626     0.666882 
59333.840075 0.000000 0.000000    -1.827912     0.662799 
59333.893007 0.000000 0.000000    -1.809163     0.658777 
59333.945938 0.000000 0.000000    -1.790379     0.654818 
59333.998870 0.000000 0.000000    -1.771558     0.650922 
59334.051802 0.000000 0.000000    -1.752700     0.647092 
59334.104734 0.000000 0.000000    -1.733803     0.643327 
59334.157666 0.000000 0.000000    -1.714868     0.639629 
59334.210598 0.000000 0.000000    -1.695893     0.635999 
59334.263529 0.000000 0.000000    -1.676877     0.632437 
59334.316461 0.000000 0.000000    -1.657821     0.628945 
59334.369393 0.000000 0.000000    -1.638723     0.625522 
59334.422325 0.000000 0.000000    -1.619583     0.622169 
59334.475257 0.000000 0.000000    -1.600399     0.618886 
59334.528189 0.000000 0.000000    -1.581173     0.615675 
59334.581120 0.000000 0.000000    -1.561902     0.612534 
59334.634052 0.000000 0.000000    -1.542587     0.609465 
59334.686984 0.000000 0.000000    -1.523228     0.606466 
59334.739916 0.000000 0.000000    -1.503823     0.603538 
59334.792848 0.000000 0.000000    -1.484373     0.600681 
59334.845780 0.000000 0.000000    -1.464877     0.597894 
59334.898711 0.000000 0.000000    -1.445335     0.595176 
59334.951643 0.000000 0.000000    -1.425747     0.592528 
59335.004575 0.000000 0.000000    -1.406112     0.589948 
59335.057507 0.000000 0.000000    -1.386431     0.587436 
59335.110439 0.000000 0.000000    -1.366703     0.584991 
59335.163371 0.000000 0.000000    -1.346929     0.582612 
59335.216302 0.000000 0.000000    -1.327108     0.580297 
59335.269234 0.000000 0.000000    -1.307241     0.578046 
59335.322166 0.000000 0.000000    -1.287327     0.575858 
59335.375098 0.000000 0.000000    -1.267368     0.573730 
59335.428030 0.000000 0.000000    -1.247362     0.571663 
59335.480962 0.000000 0.000000    -1.227310     0.569654 
59335.533893 0.000000 0.000000    -1.207213     0.567702 
59335.586825 0.000000 0.000000    -1.187071     0.565805 
59335.639757 0.000000 0.000000    -1.166885     0.563963 
59335.692689 0.000000 0.000000    -1.146654     0.562173 
59335.745621 0.000000 0.000000    -1.126380     0.560433 
59335.798553 0.000000 0.000000    -1.106062     0.558743 
59335.851484 0.000000 0.000000    -1.085702     0.557100 
59335.904416 0.000000 0.000000    -1.065301     0.555503 
59335.957348 0.000000 0.000000    -1.044858     0.553950 
59336.010280 0.000000 0.000000    -1.024375     0.552439 
59336.063212 0.000000 0.000000    -1.003852     0.550970 
59336.116144 0.000000 0.000000    -0.983291     0.549539 
59336.169075 0.000000 0.000000    -0.962692     0.548146 
59336.222007 0.000000 0.000000    -0.942057     0.546789 
59336.274939 0.000000 0.000000    -0.921386     0.545467 
59336.327871 0.000000 0.000000    -0.900680     0.544177 
59336.380803 0.000000 0.000000    -0.879941     0.542919 
59336.433735 0.000000 0.000000    -0.859170     0.541690 
59336.486666 0.000000 0.000000    -0.838368     0.540490 
59336.539598 0.000000 0.000000    -0.817536     0.539317 
59336.592530 0.000000 0.000000    -0.796676     0.538170 
59336.645462 0.000000 0.000000    -0.775789     0.537047 
59336.698394 0.000000 0.000000    -0.754876     0.535948 
59336.751326 0.000000 0.000000    -0.733939     0.534871 
59336.804257 0.000000 0.000000    -0.712980     0.533814 
59336.857189 0.000000 0.000000    -0.692000     0.532778 
59336.910121 0.000000 0.000000    -0.671000     0.531761 
59336.963053 0.000000 0.000000    -0.649984     0.530762 
59337.015985 0.000000 0.000000    -0.628951     0.529780 
59337.068917 0.000000 0.000000    -0.607904     0.528814 
59337.121848 0.000000 0.000000    -0.586845     0.527865 
59337.174780 0.000000 0.000000    -0.565776     0.526930 
59337.227712 0.000000 0.000000    -0.544699     0.526009 
59337.280644 0.000000 0.000000    -0.523615     0.525103 
59337.333576 0.000000 0.000000    -0.502526     0.524210 
59337.386508 0.000000 0.000000    -0.481436     0.523330 
59337.439439 0.000000 0.000000    -0.460345     0.522462 
59337.492371 0.000000 0.000000    -0.439256     0.521607 
59337.545303 0.000000 0.000000    -0.418171     0.520764 
59337.598235 0.000000 0.000000    -0.397093     0.519932 
59337.651167 0.000000 0.000000    -0.376023     0.519113 
59337.704098 0.000000 0.000000    -0.354964     0.518304 
59337.757030 0.000000 0.000000    -0.333918     0.517508 
59337.809962 0.000000 0.000000    -0.312888     0.516723 
59337.862894 0.000000 0.000000    -0.291876     0.515949 
59337.915826 0.000000 0.000000    -0.270885     0.515187 
59337.968758 0.000000 0.000000    -0.249916     0.514437 
59338.021689 0.000000 0.000000    -0.228974     0.513699 
59338.074621 0.000000 0.000000    -0.208059     0.512973 
59338.127553 0.000000 0.000000    -0.187175     0.512260 
59338.180485 0.000000 0.000000    -0.166324     0.511559 
59338.233417 0.000000 0.000000    -0.145509     0.510871 
59338.286349 0.000000 0.000000    -0.124733     0.510197 
59338.339280 0.000000 0.000000    -0.103998     0.509536 
59338.392212 0.000000 0.000000    -0.083308     0.508890 
59338.445144 0.000000 0.000000    -0.062664     0.508258 
59338.498076 0.000000 0.000000    -0.042069     0.507640 
59338.551008 0.000000 0.000000    -0.021527     0.507038 
59338.603940 0.000000 0.000000    -0.001041     0.506452 
59338.656871 0.000000 0.000000     0.019388     0.505882 
59338.709803 0.000000 0.000000     0.039756     0.505329 
59338.762735 0.000000 0.000000     0.060060     0.504792 
59338.815667 0.000000 0.000000     0.080297     0.504274 
59338.868599 0.000000 0.000000     0.100464     0.503773 
59338.921531 0.000000 0.000000     0.120560     0.503291 
59338.974462 0.000000 0.000000     0.140579     0.502828 
59339.027394 0.000000 0.000000     0.160521     0.502385 
59339.080326 0.000000 0.000000     0.180381     0.501961 
59339.133258 0.000000 0.000000     0.200156     0.501558 
59339.186190 0.000000 0.000000     0.219845     0.501175 
59339.239122 0.000000 0.000000     0.239443     0.500814 
59339.292053 0.000000 0.000000     0.258948     0.500474 
59339.344985 0.000000 0.000000     0.278357     0.500156 
59339.397917 0.000000 0.000000     0.297666     0.499860 
59339.450849 0.000000 0.000000     0.316874     0.499587 
59339.503781 0.000000 0.000000     0.335976     0.499337 
59339.556713 0.000000 0.000000     0.354971     0.499109 
59339.609644 0.000000 0.000000     0.373854     0.498906 
59339.662576 0.000000 0.000000     0.392624     0.498726 
59339.715508 0.000000 0.000000     0.411276     0.498569 
59339.768440 0.000000 0.000000     0.429809     0.498437 
59339.821372 0.000000 0.000000     0.448218     0.498329 
59339.874304 0.000000 0.000000     0.466502     0.498245 
59339.927235 0.000000 0.000000     0.484658     0.498185 
59339.980167 0.000000 0.000000     0.502682     0.498150 
59340.033099 0.000000 0.000000     0.520572     0.498139 
59340.086031 0.000000 0.000000     0.538324     0.498153 
59340.138963 0.000000 0.000000     0.555936     0.498191 
59340.191895 0.000000 0.000000     0.573406     0.498253 
59340.244826 0.000000 0.000000     0.590730     0.498340 
59340.297758 0.000000 0.000000     0.607905     0.498450 
59340.350690 0.000000 0.000000     0.624930     0.498585 
59340.403622 0.000000 0.000000     0.641801     0.498743 
59340.456554 0.000000 0.000000     0.658515     0.498924 
59340.509486 0.000000 0.000000     0.675070     0.499130 
59340.562417 0.000000 0.000000     0.691463     0.499358 
59340.615349 0.000000 0.000000     0.707692     0.499609 
59340.668281 0.000000 0.000000     0.723754     0.499882 
59340.721213 0.000000 0.000000     0.739647     0.500178 
59340.774145 0.000000 0.000000     0.755368     0.500495 
59340.827077 0.000000 0.000000     0.770914     0.500834 
59340.880008 0.000000 0.000000     0.786284     0.501194 
59340.932940 0.000000 0.000000     0.801475     0.501575 
59340.985872 0.000000 0.000000     0.816484     0.501976 
59341.038804 0.000000 0.000000     0.831310     0.502397 
59341.091736 0.000000 0.000000     0.845950     0.502837 
59341.144668 0.000000 0.000000     0.860402     0.503297 
59341.197599 0.000000 0.000000     0.874664     0.503775 
59341.250531 0.000000 0.000000     0.888734     0.504271 
59341.303463 0.000000 0.000000     0.902610     0.504784 
59341.356395 0.000000 0.000000     0.916289     0.505315 
59341.409327 0.000000 0.000000     0.929771     0.505863 
59341.462259 0.000000 0.000000     0.943052     0.506427 
59341.515190 0.000000 0.000000     0.956131     0.507006 
59341.568122 0.000000 0.000000     0.969007     0.507601 
59341.621054 0.000000 0.000000     0.981678     0.508211 
59341.673986 0.000000 0.000000     0.994142     0.508835 
59341.726918 0.000000 0.000000     1.006398     0.509473 
59341.779850 0.000000 0.000000     1.018443     0.510124 
59341.832781 0.000000 0.000000     1.030278     0.510788 
59341.885713 0.000000 0.000000     1.041899     0.511464 
59341.938645 0.000000 0.000000     1.053306     0.512152 
59341.991577 0.000000 0.000000     1.064498     0.512851 
59342.044509 0.000000 0.000000     1.075474     0.513562 
59342.097441 0.000000 0.000000     1.086231     0.514283 
59342.150372 0.000000 0.000000     1.096770     0.515014 
59342.203304 0.000000 0.000000     1.107089     0.515754 
59342.256236 0.000000 0.000000     1.117188     0.516504 
59342.309168 0.000000 0.000000     1.127065     0.517262 
59342.362100 0.000000 0.000000     1.136719     0.518028 
59342.415031 0.000000 0.000000     1.146151     0.518803 
59342.467963 0.000000 0.000000     1.155359     0.519584 
59342.520895 0.000000 0.000000     1.164342     0.520373 
59342.573827 0.000000 0.000000     1.173101     0.521168 
59342.626759 0.000000 0.000000     1.181635     0.521969 
59342.679691 0.000000 0.000000     1.189943     0.522776 
59342.732622 0.000000 0.000000     1.198025     0.523588 
59342.785554 0.000000 0.000000     1.205881     0.524406 
59342.838486 0.000000 0.000000     1.213511     0.525227 
59342.891418 0.000000 0.000000     1.220915     0.526053 
59342.944350 0.000000 0.000000     1.228093     0.526882 
59342.997282 0.000000 0.000000     1.235045     0.527715 
59343.050213 0.000000 0.000000     1.241771     0.528551 
59343.103145 0.000000 0.000000     1.248271     0.529389 
59343.156077 0.000000 0.000000     1.254546     0.530229 
59343.209009 0.000000 0.000000     1.260596     0.531071 
59343.261941 0.000000 0.000000     1.266422     0.531915 
59343.314873 0.000000 0.000000     1.272024     0.532760 
59343.367804 0.000000 0.000000     1.277403     0.533605 
59343.420736 0.000000 0.000000     1.282559     0.534451 
59343.473668 0.000000 0.000000     1.287494     0.535297 
59343.526600 0.000000 0.000000     1.292208     0.536142 
59343.579532 0.000000 0.000000     1.296702     0.536986 
59343.632464 0.000000 0.000000     1.300977     0.537829 
59343.685395 0.000000 0.000000     1.305035     0.538671 
59343.738327 0.000000 0.000000     1.308876     0.539510 
59343.791259 0.000000 0.000000     1.312502     0.540348 
59343.844191 0.000000 0.000000     1.315914     0.541182 
59343.897123 0.000000 0.000000     1.319114     0.542014 
59343.950055 0.000000 0.000000     1.322103     0.542842 
59344.002986 0.000000 0.000000     1.324882     0.543666 
59344.055918 0.000000 0.000000     1.327454     0.544486 
59344.108850 0.000000 0.000000     1.329820     0.545301 
59344.161782 0.000000 0.000000     1.331981     0.546111 
59344.214714 0.000000 0.000000     1.333941     0.546916 
59344.267646 0.000000 0.000000     1.335699     0.547715 
59344.320577 0.000000 0.000000     1.337260     0.548507 
59344.373509 0.000000 0.000000     1.338624     0.549293 
59344.426441 0.000000 0.000000     1.339795     0.550072 
59344.479373 0.000000 0.000000     1.340773     0.550843 
59344.532305 0.000000 0.000000     1.341562     0.551607 
59344.585237 0.000000 0.000000     1.342164     0.552362 
59344.638168 0.000000 0.000000     1.342581     0.553108 
59344.691100 0.000000 0.000000     1.342816     0.553846 
59344.744032 0.000000 0.000000     1.342871     0.554573 
59344.796964 0.000000 0.000000     1.342749     0.555291 
59344.849896 0.000000 0.000000     1.342454     0.555998 
59344.902828 0.000000 0.000000     1.341986     0.556695 
59344.955759 0.000000 0.000000     1.341350     0.557380 
59345.008691 0.000000 0.000000     1.340549     0.558053 
59345.061623 0.000000 0.000000     1.339584     0.558715 
59345.114555 0.000000 0.000000     1.338460     0.559364 
59345.167487 0.000000 0.000000     1.337180     0.560000 
59345.220419 0.000000 0.000000     1.335746     0.560623 
59345.273350 0.000000 0.000000     1.334161     0.561231 
59345.326282 0.000000 0.000000     1.332430     0.561826 
59345.379214 0.000000 0.000000     1.330555     0.562407 
59345.432146 0.000000 0.000000     1.328540     0.562972 
59345.485078 0.000000 0.000000     1.326388     0.563522 
59345.538010 0.000000 0.000000     1.324102     0.564057 
59345.590941 0.000000 0.000000     1.321687     0.564575 
59345.643873 0.000000 0.000000     1.319146     0.565077 
59345.696805 0.000000 0.000000     1.316481     0.565562 
59345.749737 0.000000 0.000000     1.313698     0.566030 
59345.802669 0.000000 0.000000     1.310800     0.566481 
59345.855601 0.000000 0.000000     1.307790     0.566913 
59345.908532 0.000000 0.000000     1.304673     0.567328 
59345.961464 0.000000 0.000000     1.301451     0.567724 
59346.014396 0.000000 0.000000     1.298130     0.568102 
59346.067328 0.000000 0.000000     1.294713     0.568461 
59346.120260 0.000000 0.000000     1.291203     0.568800 
59346.173192 0.000000 0.000000     1.287606     0.569120 
59346.226123 0.000000 0.000000     1.283925     0.569420 
59346.279055 0.000000 0.000000     1.280163     0.569701 
59346.331987 0.000000 0.000000     1.276326     0.569961 
59346.384919 0.000000 0.000000     1.272417     0.570202 
59346.437851 0.000000 0.000000     1.268440     0.570422 
59346.490783 0.000000 0.000000     1.264400     0.570621 
59346.543714 0.000000 0.000000     1.260300     0.570800 
59346.596646 0.000000 0.000000     1.256146     0.570958 
59346.649578 0.000000 0.000000     1.251940     0.571096 
59346.702510 0.000000 0.000000     1.247688     0.571213 
59346.755442 0.000000 0.000000     1.243394     0.571309 
59346.808373 0.000000 0.000000     1.239062     0.571385 
59346.861305 0.000000 0.000000     1.234696     0.571440 
59346.914237 0.000000 0.000000     1.230301     0.571475 
59346.967169 0.000000 0.000000     1.225881     0.571489 
59347.020101 0.000000 0.000000     1.221440     0.571483 
59347.073033 0.000000 0.000000     1.216982     0.571457 
59347.125964 0.000000 0.000000     1.212513     0.571411 
59347.178896 0.000000 0.000000     1.208036     0.571346 
59347.231828 0.000000 0.000000     1.203556     0.571262 
59347.284760 0.000000 0.000000     1.199077     0.571159 
59347.337692 0.000000 0.000000     1.194603     0.571037 
59347.390624 0.000000 0.000000     1.190139     0.570898 
59347.443555 0.000000 0.000000     1.185689     0.570741 
59347.496487 0.000000 0.000000     1.181257     0.570567 
59347.549419 0.000000 0.000000     1.176848     0.570376 
59347.602351 0.000000 0.000000     1.172467     0.570170 
59347.655283 0.000000 0.000000     1.168116     0.569948 
59347.708215 0.000000 0.000000     1.163802     0.569712 
59347.761146 0.000000 0.000000     1.159527     0.569462 
59347.814078 0.000000 0.000000     1.155297     0.569199 
59347.867010 0.000000 0.000000     1.151115     0.568924 
59347.919942 0.000000 0.000000     1.146987     0.568638 
59347.972874 0.000000 0.000000     1.142915     0.568341 
59348.025806 0.000000 0.000000     1.138904     0.568035 
59348.078737 0.000000 0.000000     1.134958     0.567721 
59348.131669 0.000000 0.000000     1.131082     0.567399 
59348.184601 0.000000 0.000000     1.127280     0.567071 
59348.237533 0.000000 0.000000     1.123555     0.566738 
59348.290465 0.000000 0.000000     1.119912     0.566402 
59348.343397 0.000000 0.000000     1.116354     0.566063 
59348.396328 0.000000 0.000000     1.112887     0.565723 
59348.449260 0.000000 0.000000     1.109513     0.565383 
59348.502192 0.000000 0.000000     1.106236     0.565045 
59348.555124 0.000000 0.000000     1.103061     0.564710 
59348.608056 0.000000 0.000000     1.099992     0.564380 
59348.660988 0.000000 0.000000     1.097031     0.564056 
59348.713919 0.000000 0.000000     1.094183     0.563740 
59348.766851 0.000000 0.000000     1.091452     0.563434 
59348.819783 0.000000 0.000000     1.088841     0.563139 
59348.872715 0.000000 0.000000     1.086354     0.562856 
59348.925647 0.000000 0.000000     1.083994     0.562588 
59348.978579 0.000000 0.000000     1.081765     0.562336 
59349.031510 0.000000 0.000000     1.079670     0.562103 
59349.084442 0.000000 0.000000     1.077714     0.561889 
59349.137374 0.000000 0.000000     1.075898     0.561697 
59349.190306 0.000000 0.000000     1.074227     0.561529 
59349.243238 0.000000 0.000000     1.072703     0.561386 
59349.296170 0.000000 0.000000     1.071331     0.561270 
59349.349101 0.000000 0.000000     1.070113     0.561183 
59349.402033 0.000000 0.000000     1.069051     0.561127 
59349.454965 0.000000 0.000000     1.068150     0.561103 
59349.507897 0.000000 0.000000     1.067412     0.561113 
59349.560829 0.000000 0.000000     1.066840     0.561160 
59349.613761 0.000000 0.000000     1.066437     0.561244 
59349.666692 0.000000 0.000000     1.066206     0.561367 
59349.719624 0.000000 0.000000     1.066149     0.561532 
59349.772556 0.000000 0.000000     1.066269     0.561739 
59349.825488 0.000000 0.000000     1.066568     0.561989 
59349.878420 0.000000 0.000000     1.067050     0.562285 
59349.931352 0.000000 0.000000     1.067716     0.562627 
59349.984283 0.000000 0.000000     1.068569     0.563017 
59350.037215 0.000000 0.000000     1.069611     0.563456 
59350.090147 0.000000 0.000000     1.070844     0.563945 
59350.143079 0.000000 0.000000     1.072271     0.564485 
59350.196011 0.000000 0.000000     1.073894     0.565076 
59350.248943 0.000000 0.000000     1.075714     0.565720 
59350.301874 0.000000 0.000000     1.077734     0.566416 
59350.354806 0.000000 0.000000     1.079956     0.567166 
59350.407738 0.000000 0.000000     1.082381     0.567970 
59350.460670 0.000000 0.000000     1.085011     0.568828 
59350.513602 0.000000 0.000000     1.087847     0.569740 
59350.566534 0.000000 0.000000     1.090892     0.570707 
59350.619465 0.000000 0.000000     1.094146     0.571727 
59350.672397 0.000000 0.000000     1.097612     0.572801 
59350.725329 0.000000 0.000000     1.101290     0.573928 
59350.778261 0.000000 0.000000     1.105181     0.575109 
59350.831193 0.000000 0.000000     1.109288     0.576341 
59350.884125 0.000000 0.000000     1.113611     0.577625 
59350.937056 0.000000 0.000000     1.118151     0.578959 
59350.989988 0.000000 0.000000     1.122908     0.580343 
59351.042920 0.000000 0.000000     1.127885     0.581776 
59351.095852 0.000000 0.000000     1.133082     0.583255 
59351.148784 0.000000 0.000000     1.138499     0.584781 
59351.201715 0.000000 0.000000     1.144137     0.586351 
59351.254647 0.000000 0.000000     1.149996     0.587965 
59351.307579 0.000000 0.000000     1.156078     0.589619 
59351.360511 0.000000 0.000000     1.162383     0.591314 
59351.413443 0.000000 0.000000     1.168910     0.593047 
59351.466375 0.000000 0.000000     1.175660     0.594816 
59351.519306 0.000000 0.000000     1.182634     0.596619 
59351.572238 0.000000 0.000000     1.189832     0.598455 
59351.625170 0.000000 0.000000     1.197252     0.600322 
59351.678102 0.000000 0.000000     1.204897     0.602217 
59351.731034 0.000000 0.000000     1.212764     0.604138 
59351.783966 0.000000 0.000000     1.220855     0.606084 
59351.836897 0.000000 0.000000     1.229169     0.608053 
59351.889829 0.000000 0.000000     1.237705     0.610041 
59351.942761 0.000000 0.000000     1.246464     0.612048 
59351.995693 0.000000 0.000000     1.255444     0.614070 
59352.048625 0.000000 0.000000     1.264645     0.616106 
59352.101557 0.000000 0.000000     1.274067     0.618154 
59352.154488 0.000000 0.000000     1.283708     0.620211 
59352.207420 0.000000 0.000000     1.293568     0.622275 
59352.260352 0.000000 0.000000     1.303647     0.624344 
59352.313284 0.000000 0.000000     1.313943     0.626416 
59352.366216 0.000000 0.000000     1.324455     0.628489 
59352.419148 0.000000 0.000000     1.335182     0.630561 
59352.472079 0.000000 0.000000     1.346123     0.632629 
59352.525011 0.000000 0.000000     1.357277     0.634691 
59352.577943 0.000000 0.000000     1.368643     0.636746 
59352.630875 0.000000 0.000000     1.380220     0.638791 
59352.683807 0.000000 0.000000     1.392005     0.640825 
59352.736739 0.000000 0.000000     1.403997     0.642845 
59352.789670 0.000000 0.000000     1.416196     0.644850 
59352.842602 0.000000 0.000000     1.428599     0.646837 
59352.895534 0.000000 0.000000     1.441206     0.648804 
59352.948466 0.000000 0.000000     1.454013     0.650751 
59353.001398 0.000000 0.000000     1.467020     0.652674 
59353.054330 0.000000 0.000000     1.480224     0.654573 
59353.107261 0.000000 0.000000     1.493624     0.656445 
59353.160193 0.000000 0.000000     1.507219     0.658289 
59353.213125 0.000000 0.000000     1.521005     0.660103 
59353.266057 0.000000 0.000000     1.534981     0.661886 
59353.318989 0.000000 0.000000     1.549145     0.663635 
59353.371921 0.000000 0.000000     1.563495     0.665350 
59353.424852 0.000000 0.000000     1.578028     0.667028 
59353.477784 0.000000 0.000000     1.592743     0.668669 
59353.530716 0.000000 0.000000     1.607637     0.670270 
59353.583648 0.000000 0.000000     1.622709     0.671831 
59353.636580 0.000000 0.000000     1.637954     0.673350 
59353.689512 0.000000 0.000000     1.653372     0.674825 
59353.742443 0.000000 0.000000     1.668960     0.676256 
59353.795375 0.000000 0.000000     1.684715     0.677641 
59353.848307 0.000000 0.000000     1.700635     0.678978 
59353.901239 0.000000 0.000000     1.716717     0.680267 
59353.954171 0.000000 0.000000     1.732959     0.681507 
59354.007103 0.000000 0.000000     1.749358     0.682695 
59354.060034 0.000000 0.000000     1.765912     0.683832 
59354.112966 0.000000 0.000000     1.782617     0.684916 
59354.165898 0.000000 0.000000     1.799472     0.685946 
59354.218830 0.000000 0.000000     1.816473     0.686920 
59354.271762 0.000000 0.000000     1.833618     0.687839 
59354.324694 0.000000 0.000000     1.850904     0.688700 
59354.377625 0.000000 0.000000     1.868328     0.689504 
59354.430557 0.000000 0.000000     1.885888     0.690249 
59354.483489 0.000000 0.000000     1.903580     0.690934 
59354.536421 0.000000 0.000000     1.921401     0.691559 
59354.589353 0.000000 0.000000     1.939350     0.692122 
59354.642285 0.000000 0.000000     1.957422     0.692623 
59354.695216 0.000000 0.000000     1.975615     0.693062 
59354.748148 0.000000 0.000000     1.993927     0.693437 
59354.801080 0.000000 0.000000     2.012353     0.693747 
59354.854012 0.000000 0.000000     2.030892     0.693993 
59354.906944 0.000000 0.000000     2.049540     0.694174 
59354.959876 0.000000 0.000000     2.068294     0.694289 
59355.012807 0.000000 0.000000     2.087152     0.694337 
59355.065739 0.000000 0.000000     2.106110     0.694318 
59355.118671 0.000000 0.000000     2.125166     0.694232 
59355.171603 0.000000 0.000000     2.144316     0.694078 
59355.224535 0.000000 0.000000     2.163557     0.693855 
59355.277467 0.000000 0.000000     2.182887     0.693564 
59355.330398 0.000000 0.000000     2.202302     0.693204 
59355.383330 0.000000 0.000000     2.221800     0.692775 
59355.436262 0.000000 0.000000     2.241378     0.692277 
59355.489194 0.000000 0.000000     2.261032     0.691709 
59355.542126 0.000000 0.000000     2.280760     0.691071 
59355.595058 0.000000 0.000000     2.300558     0.690364 
59355.647989 0.000000 0.000000     2.320425     0.689587 
59355.700921 0.000000 0.000000     2.340356     0.688740 
59355.753853 0.000000 0.000000     2.360349     0.687823 
59355.806785 0.000000 0.000000     2.380402     0.686837 
59355.859717 0.000000 0.000000     2.400511     0.685781 
59355.912648 0.000000 0.000000     2.420673     0.684657 
59355.965580 0.000000 0.000000     2.440886     0.683463 
59356.018512 0.000000 0.000000     2.461147     0.682201 
59356.071444 0.000000 0.000000     2.481452     0.680871 
59356.124376 0.000000 0.000000     2.501800     0.679474 
59356.177308 0.000000 0.000000     2.522187     0.678009 
59356.230239 0.000000 0.000000     2.542611     0.676479 
59356.283171 0.000000 0.000000     2.563069     0.674884 
59356.336103 0.000000 0.000000     2.583559     0.673224 
59356.389035 0.000000 0.000000     2.604077     0.671500 
59356.441967 0.000000 0.000000     2.624622     0.669714 
59356.494899 0.000000 0.000000     2.645190     0.667868 
59356.547830 0.000000 0.000000     2.665779     0.665961 
59356.600762 0.000000 0.000000     2.686386     0.663997 
59356.653694 0.000000 0.000000     2.707010     0.661975 
59356.706626 0.000000 0.000000     2.727647     0.659899 
59356.759558 0.000000 0.000000     2.748295     0.657770 
59356.812490 0.000000 0.000000     2.768953     0.655590 
59356.865421 0.000000 0.000000     2.789616     0.653362 
59356.918353 0.000000 0.000000     2.810284     0.651087 
59356.971285 0.000000 0.000000     2.830954     0.648769 
59357.024217 0.000000 0.000000     2.851623     0.646410 
59357.077149 0.000000 0.000000     2.872290     0.644014 
59357.130081 0.000000 0.000000     2.892953     0.641584 
59357.183012 0.000000 0.000000     2.913608     0.639123 
59357.235944 0.000000 0.000000     2.934255     0.636635 
59357.288876 0.000000 0.000000     2.954891     0.634125 
59357.341808 0.000000 0.000000     2.975515     0.631596 
59357.394740 0.000000 0.000000     2.996124     0.629054 
59357.447672 0.000000 0.000000     3.016716     0.626503 
59357.500603 0.000000 0.000000     3.037290     0.623949 
59357.553535 0.000000 0.000000     3.057844     0.621398 
59357.606467 0.000000 0.000000     3.078376     0.618854 
59357.659399 0.000000 0.000000     3.098885     0.616326 
59357.712331 0.000000 0.000000     3.119369     0.613819 
59357.765263 0.000000 0.000000     3.139826     0.611340 
59357.818194 0.000000 0.000000     3.160255     0.608898 
59357.871126 0.000000 0.000000     3.180654     0.606499 
59357.924058 0.000000 0.000000     3.201021     0.604152 
59357.976990 0.000000 0.000000     3.221357     0.601866 
59358.029922 0.000000 0.000000     3.241659     0.599649 
59358.082854 0.000000 0.000000     3.261925     0.597510 
59358.135785 0.000000 0.000000     3.282155     0.595459 
59358.188717 0.000000 0.000000     3.302348     0.593506 
59358.241649 0.000000 0.000000     3.322502     0.591660 
59358.294581 0.000000 0.000000     3.342616     0.589931 
59358.347513 0.000000 0.000000     3.362690     0.588329 
59358.400445 0.000000 0.000000     3.382722     0.586865 
59358.453376 0.000000 0.000000     3.402712     0.585549 
59358.506308 0.000000 0.000000     3.422658     0.584389 
59358.559240 0.000000 0.000000     3.442560     0.583397 
59358.612172 0.000000 0.000000     3.462416     0.582582 
59358.665104 0.000000 0.000000     3.482228     0.581951 
59358.718036 0.000000 0.000000     3.501992     0.581515 
59358.770967 0.000000 0.000000     3.521710     0.581281 
59358.823899 0.000000 0.000000     3.541381     0.581255 
59358.876831 0.000000 0.000000     3.561003     0.581446 
59358.929763 0.000000 0.000000     3.580577     0.581857 
59358.982695 0.000000 0.000000     3.600103     0.582495 
59359.035627 0.000000 0.000000     3.619579     0.583362 
59359.088558 0.000000 0.000000     3.639006     0.584461 
59359.141490 0.000000 0.000000     3.658383     0.585794 
59359.194422 0.000000 0.000000     3.677710     0.587363 
59359.247354 0.000000 0.000000     3.696987     0.589165 
59359.300286 0.000000 0.000000     3.716214     0.591201 
59359.353218 0.000000 0.000000     3.735392     0.593467 
59359.406149 0.000000 0.000000     3.754518     0.595961 
59359.459081 0.000000 0.000000     3.773595     0.598677 
59359.512013 0.000000 0.000000     3.792622     0.601611 
59359.564945 0.000000 0.000000     3.811600     0.604757 
59359.617877 0.000000 0.000000     3.830527     0.608109 
59359.670809 0.000000 0.000000     3.849405     0.611659 
59359.723740 0.000000 0.000000     3.868235     0.615400 
59359.776672 0.000000 0.000000     3.887015     0.619324 
59359.829604 0.000000 0.000000     3.905747     0.623422 
59359.882536 0.000000 0.000000     3.924431     0.627687 
59359.935468 0.000000 0.000000     3.943068     0.632109 
59359.988400 0.000000 0.000000     3.961657     0.636679 
59360.041331 0.000000 0.000000     3.980200     0.641390 
59360.094263 0.000000 0.000000     3.998697     0.646231 
59360.147195 0.000000 0.000000     4.017149     0.651196 
59360.200127 0.000000 0.000000     4.035557     0.656274 
59360.253059 0.000000 0.000000     4.053920     0.661458 
59360.305990 0.000000 0.000000     4.072240     0.666740 
59360.358922 0.000000 0.000000     4.090518     0.672112 
59360.411854 0.000000 0.000000     4.108754     0.677565 
59360.464786 0.000000 0.000000     4.126950     0.683094 
59360.517718 0.000000 0.000000     4.145105     0.688690 
59360.570650 0.000000 0.000000     4.163221     0.694348 
59360.623581 0.000000 0.000000     4.181299     0.700060 
59360.676513 0.000000 0.000000     4.199340     0.705820 
59360.729445 0.000000 0.000000     4.217345     0.711623 
59360.782377 0.000000 0.000000     4.235315     0.717463 
59360.835309 0.000000 0.000000     4.253250     0.723334 
59360.888241 0.000000 0.000000     4.271152     0.729232 
59360.941172 0.000000 0.000000     4.289023     0.735152 
59360.994104 0.000000 0.000000     4.306862     0.741089 
59361.047036 0.000000 0.000000     4.324672     0.747040 
59361.099968 0.000000 0.000000     4.342453     0.752999 
59361.152900 0.000000 0.000000     4.360206     0.758964 
59361.205832 0.000000 0.000000     4.377933     0.764931 
59361.258763 0.000000 0.000000     4.395635     0.770896 
59361.311695 0.000000 0.000000     4.413313     0.776856 
59361.364627 0.000000 0.000000     4.430969     0.782809 
59361.417559 0.000000 0.000000     4.448603     0.788751 
59361.470491 0.000000 0.000000     4.466217     0.794681 
59361.523423 0.000000 0.000000     4.483812     0.800594 
59361.576354 0.000000 0.000000     4.501389     0.806491 
59361.629286 0.000000 0.000000     4.518950     0.812367 
59361.682218 0.000000 0.000000     4.536496     0.818221 
59361.735150 0.000000 0.000000     4.554028     0.824051 
59361.788082 0.000000 0.000000     4.571548     0.829856 
59361.841014 0.000000 0.000000     4.589056     0.835634 
59361.893945 0.000000 0.000000     4.606555     0.841382 
59361.946877 0.000000 0.000000     4.624045     0.847101 
59361.999809 0.000000 0.000000     4.641528     0.852788 
59362.052741 0.000000 0.000000     4.659005     0.858442 
59362.105673 0.000000 0.000000     4.676477     0.864063 
59362.158605 0.000000 0.000000     4.693946     0.869648 
59362.211536 0.000000 0.000000     4.711413     0.875197 
59362.264468 0.000000 0.000000     4.728880     0.880709 
59362.317400 0.000000 0.000000     4.746346     0.886183 
59362.370332 0.000000 0.000000     4.763815     0.891619 
59362.423264 0.000000 0.000000     4.781286     0.897015 
59362.476196 0.000000 0.000000     4.798762     0.902371 
59362.529127 0.000000 0.000000     4.816243     0.907686 
59362.582059 0.000000 0.000000     4.833731     0.912960 
59362.634991 0.000000 0.000000     4.851227     0.918192 
59362.687923 0.000000 0.000000     4.868732     0.923381 
59362.740855 0.000000 0.000000     4.886248     0.928528 
59362.793787 0.000000 0.000000     4.903775     0.933631 
59362.846718 0.000000 0.000000     4.921314     0.938691 
59362.899650 0.000000 0.000000     4.938867     0.943707 
59362.952582 0.000000 0.000000     4.956435     0.948679 
59363.005514 0.000000 0.000000     4.974019     0.953606 
59363.058446 0.000000 0.000000     4.991619     0.958488 
59363.111378 0.000000 0.000000     5.009238     0.963325 
59363.164309 0.000000 0.000000     5.026875     0.968118 
59363.217241 0.000000 0.000000     5.044532     0.972865 
59363.270173 0.000000 0.000000     5.062210     0.977566 
59363.323105 0.000000 0.000000     5.079910     0.982222 
59363.376037 0.000000 0.000000     5.097632     0.986833 
59363.428969 0.000000 0.000000     5.115378     0.991398 
59363.481900 0.000000 0.000000     5.133148     0.995917 
59363.534832 0.000000 0.000000     5.150942     1.000391 
59363.587764 0.000000 0.000000     5.168763     1.004819 
59363.640696 0.000000 0.000000     5.186610     1.009201 
59363.693628 0.000000 0.000000     5.204484     1.013538 
59363.746560 0.000000 0.000000     5.222385     1.017830 
59363.799491 0.000000 0.000000     5.240316     1.022076 
59363.852423 0.000000 0.000000     5.258274     1.026277 
59363.905355 0.000000 0.000000     5.276263     1.030432 
59363.958287 0.000000 0.000000     5.294281     1.034543 
59364.011219 0.000000 0.000000     5.312330     1.038609 
59364.064151 0.000000 0.000000     5.330409     1.042630 
59364.117082 0.000000 0.000000     5.348519     1.046606 
59364.170014 0.000000 0.000000     5.366661     1.050539 
59364.222946 0.000000 0.000000     5.384834     1.054427 
59364.275878 0.000000 0.000000     5.403039     1.058271 
59364.328810 0.000000 0.000000     5.421276     1.062072 
59364.381742 0.000000 0.000000     5.439545     1.065829 
59364.434673 0.000000 0.000000     5.457847     1.069542 
59364.487605 0.000000 0.000000     5.476180     1.073213 
59364.540537 0.000000 0.000000     5.494546     1.076841 
59364.593469 0.000000 0.000000     5.512944     1.080427 
59364.646401 0.000000 0.000000     5.531375     1.083971 
59364.699332 0.000000 0.000000     5.549837     1.087472 
59364.752264 0.000000 0.000000     5.568331     1.090933 
59364.805196 0.000000 0.000000     5.586856     1.094352 
59364.858128 0.000000 0.000000     5.605413     1.097730 
59364.911060 0.000000 0.000000     5.624000     1.101067 
59364.963992 0.000000 0.000000     5.642618     1.104365 
59365.016923 0.000000 0.000000     5.661266     1.107622 
59365.069855 0.000000 0.000000     5.679943     1.110840 
59365.122787 0.000000 0.000000     5.698649     1.114018 
59365.175719 0.000000 0.000000     5.717384     1.117158 
59365.228651 0.000000 0.000000     5.736146     1.120259 
59365.281583 0.000000 0.000000     5.754935     1.123322 
59365.334514 0.000000 0.000000     5.773751     1.126347 
59365.387446 0.000000 0.000000     5.792591     1.129335 
59365.440378 0.000000 0.000000     5.811457     1.132286 
59365.493310 0.000000 0.000000     5.830346     1.135200 
59365.546242 0.000000 0.000000     5.849257     1.138079 
59365.599174 0.000000 0.000000     5.868191     1.140921 
59365.652105 0.000000 0.000000     5.887145     1.143728 
59365.705037 0.000000 0.000000     5.906118     1.146500 
59365.757969 0.000000 0.000000     5.925110     1.149237 
59365.810901 0.000000 0.000000     5.944119     1.151940 
59365.863833 0.000000 0.000000     5.963144     1.154609 
59365.916765 0.000000 0.000000     5.982184     1.157245 
59365.969696 0.000000 0.000000     6.001237     1.159848 
59366.022628 0.000000 0.000000     6.020301     1.162419 
59366.075560 0.000000 0.000000     6.039376     1.164957 
59366.128492 0.000000 0.000000     6.058460     1.167464 
59366.181424 0.000000 0.000000     6.077551     1.169939 
59366.234356 0.000000 0.000000     6.096648     1.172384 
59366.287287 0.000000 0.000000     6.115749     1.174798 
59366.340219 0.000000 0.000000     6.134853     1.177182 
59366.393151 0.000000 0.000000     6.153957     1.179536 
59366.446083 0.000000 0.000000     6.173061     1.181862 
59366.499015 0.000000 0.000000     6.192161     1.184159 
59366.551947 0.000000 0.000000     6.211257     1.186427 
59366.604878 0.000000 0.000000     6.230346     1.188668 
59366.657810 0.000000 0.000000     6.249426     1.190881 
59366.710742 0.000000 0.000000     6.268496     1.193068 
59366.763674 0.000000 0.000000     6.287554     1.195228 
59366.816606 0.000000 0.000000     6.306596     1.197361 
59366.869538 0.000000 0.000000     6.325622     1.199469 
59366.922469 0.000000 0.000000     6.344630     1.201552 
59366.975401 0.000000 0.000000     6.363616     1.203610 
59367.028333 0.000000 0.000000     6.382579     1.205644 
59367.081265 0.000000 0.000000     6.401516     1.207653 
59367.134197 0.000000 0.000000     6.420426     1.209639 
59367.187129 0.000000 0.000000     6.439306     1.211602 
59367.240060 0.000000 0.000000     6.458153     1.213542 
59367.292992 0.000000 0.000000     6.476965     1.215460 
59367.345924 0.000000 0.000000     6.495741     1.217356 
59367.398856 0.000000 0.000000     6.514477     1.219231 
59367.451788 0.000000 0.000000     6.533170     1.221084 
59367.504720 0.000000 0.000000     6.551820     1.222917 
59367.557651 0.000000 0.000000     6.570422     1.224729 
59367.610583 0.000000 0.000000     6.588975     1.226522 
59367.663515 0.000000 0.000000     6.607475     1.228295 
59367.716447 0.000000 0.000000     6.625921     1.230049 
59367.769379 0.000000 0.000000     6.644310     1.231784 
59367.822311 0.000000 0.000000     6.662639     1.233501 
59367.875242 0.000000 0.000000     6.680905     1.235201 
59367.928174 0.000000 0.000000     6.699106     1.236882 
59367.981106 0.000000 0.000000     6.717239     1.238547 
59368.034038 0.000000 0.000000     6.735302     1.240194 
59368.086970 0.000000 0.000000     6.753292     1.241825 
59368.139902 0.000000 0.000000     6.771206     1.243441 
59368.192833 0.000000 0.000000     6.789041     1.245040 
59368.245765 0.000000 0.000000     6.806795     1.246624 
59368.298697 0.000000 0.000000     6.824465     1.248193 
59368.351629 0.000000 0.000000     6.842048     1.249748 
59368.404561 0.000000 0.000000     6.859542     1.251288 
59368.457493 0.000000 0.000000     6.876943     1.252814 
59368.510424 0.000000 0.000000     6.894250     1.254327 
59368.563356 0.000000 0.000000     6.911459     1.255826 
59368.616288 0.000000 0.000000     6.928567     1.257313 
59368.669220 0.000000 0.000000     6.945573     1.258786 
59368.722152 0.000000 0.000000     6.962472     1.260248 
59368.775084 0.000000 0.000000     6.979263     1.261697 
59368.828015 0.000000 0.000000     6.995943     1.263135 
59368.880947 0.000000 0.000000     7.012508     1.264561 
59368.933879 0.000000 0.000000     7.028957     1.265976 
59368.986811 0.000000 0.000000     7.045287     1.267380 
59369.039743 0.000000 0.000000     7.061494     1.268774 
59369.092675 0.000000 0.000000     7.077577     1.270157 
59369.145606 0.000000 0.000000     7.093532     1.271531 
59369.198538 0.000000 0.000000     7.109358     1.272894 
59369.251470 0.000000 0.000000     7.125050     1.274249 
59369.304402 0.000000 0.000000     7.140608     1.275594 
59369.357334 0.000000 0.000000     7.156028     1.276930 
59369.410265 0.000000 0.000000     7.171307     1.278257 
59369.463197 0.000000 0.000000     7.186444     1.279576 
59369.516129 0.000000 0.000000     7.201436     1.280886 
59369.569061 0.000000 0.000000     7.216279     1.282189 
59369.621993 0.000000 0.000000     7.230973     1.283484 
59369.674925 0.000000 0.000000     7.245514     1.284771 
59369.727856 0.000000 0.000000     7.259900     1.286051 
59369.780788 0.000000 0.000000     7.274129     1.287324 
59369.833720 0.000000 0.000000     7.288198     1.288589 
59369.886652 0.000000 0.000000     7.302105     1.289848 
59369.939584 0.000000 0.000000     7.315849     1.291101 
59369.992516 0.000000 0.000000     7.329426     1.292347 
59370.045447 0.000000 0.000000     7.342834     1.293587 
59370.098379 0.000000 0.000000     7.356072     1.294821 
59370.151311 0.000000 0.000000     7.369137     1.296049 
59370.204243 0.000000 0.000000     7.382028     1.297271 
59370.257175 0.000000 0.000000     7.394742     1.298488 
59370.310107 0.000000 0.000000     7.407278     1.299700 
59370.363038 0.000000 0.000000     7.419633     1.300906 
59370.415970 0.000000 0.000000     7.431806     1.302107 
59370.468902 0.000000 0.000000     7.443795     1.303303 
59370.521834 0.000000 0.000000     7.455597     1.304494 
59370.574766 0.000000 0.000000     7.467213     1.305681 
59370.627698 0.000000 0.000000     7.478639     1.306862 
59370.680629 0.000000 0.000000     7.489875     1.308040 
59370.733561 0.000000 0.000000     7.500918     1.309213 
59370.786493 0.000000 0.000000     7.511768     1.310381 
59370.839425 0.000000 0.000000     7.522423     1.311546 
59370.892357 0.000000 0.000000     7.532881     1.312706 
59370.945289 0.000000 0.000000     7.543142     1.313862 
59370.998220 0.000000 0.000000     7.553203     1.315014 
59371.051152 0.000000 0.000000     7.563064     1.316162 
59371.104084 0.000000 0.000000     7.572725     1.317306 
59371.157016 0.000000 0.000000     7.582182     1.318447 
59371.209948 0.000000 0.000000     7.591437     1.319583 
59371.262880 0.000000 0.000000     7.600487     1.320716 
59371.315811 0.000000 0.000000     7.609333     1.321845 
59371.368743 0.000000 0.000000     7.617972     1.322971 
59371.421675 0.000000 0.000000     7.626406     1.324093 
59371.474607 0.000000 0.000000     7.634631     1.325211 
59371.527539 0.000000 0.000000     7.642650     1.326325 
59371.580471 0.000000 0.000000     7.650460     1.327436 
59371.633402 0.000000 0.000000     7.658061     1.328543 
59371.686334 0.000000 0.000000     7.665453     1.329647 
59371.739266 0.000000 0.000000     7.672636     1.330747 
59371.792198 0.000000 0.000000     7.679609     1.331843 
59371.845130 0.000000 0.000000     7.686372     1.332935 
59371.898062 0.000000 0.000000     7.692926     1.334024 
59371.950993 0.000000 0.000000     7.699270     1.335109 
59372.003925 0.000000 0.000000     7.705404     1.336190 
59372.056857 0.000000 0.000000     7.711328     1.337267 
59372.109789 0.000000 0.000000     7.717043     1.338341 
59372.162721 0.000000 0.000000     7.722549     1.339410 
59372.215653 0.000000 0.000000     7.727846     1.340475 
59372.268584 0.000000 0.000000     7.732935     1.341536 
59372.321516 0.000000 0.000000     7.737816     1.342593 
59372.374448 0.000000 0.000000     7.742490     1.343646 
59372.427380 0.000000 0.000000     7.746957     1.344694 
59372.480312 0.000000 0.000000     7.751218     1.345737 
59372.533244 0.000000 0.000000     7.755275     1.346776 
59372.586175 0.000000 0.000000     7.759127     1.347811 
59372.639107 0.000000 0.000000     7.762776     1.348840 
59372.692039 0.000000 0.000000     7.766222     1.349865 
59372.744971 0.000000 0.000000     7.769468     1.350885 
59372.797903 0.000000 0.000000     7.772514     1.351899 
59372.850835 0.000000 0.000000     7.775361     1.352908 
59372.903766 0.000000 0.000000     7.778011     1.353912 
59372.956698 0.000000 0.000000     7.780465     1.354910 
59373.009630 0.000000 0.000000     7.782725     1.355903 
59373.062562 0.000000 0.000000     7.784792     1.356889 
59373.115494 0.000000 0.000000     7.786668     1.357870 
59373.168426 0.000000 0.000000     7.788354     1.358844 
59373.221357 0.000000 0.000000     7.789853     1.359813 
59373.274289 0.000000 0.000000     7.791166     1.360774 
59373.327221 0.000000 0.000000     7.792294     1.361729 
59373.380153 0.000000 0.000000     7.793241     1.362677 
59373.433085 0.000000 0.000000     7.794008     1.363618 
59373.486017 0.000000 0.000000     7.794597     1.364552 
59373.538948 0.000000 0.000000     7.795011     1.365479 
59373.591880 0.000000 0.000000    -7.352057     0.702866 
