# time Tc_folded Tref_folded value value_err offset model full_model val_compare val_compare_err residuals residuals_err jitter jitter_flag offset_flag subset_flag 
59333.151961 0.000000 0.000000 -2.770000 0.197000 -0.979807 -2.068848 -3.120134 -1.718714 0.197000 0.350134 0.197000 1.077211  -1  -1  -1 
59333.152667 0.000000 0.000000 -1.924000 0.197000 -0.979807 -2.068603 -3.116603 -0.876000 0.197000 1.192603 0.197000 1.077211  -1  -1  -1 
59333.153373 0.000000 0.000000 -2.959000 0.197000 -0.979807 -2.068358 -3.113073 -1.914285 0.197000 0.154073 0.197000 1.077211  -1  -1  -1 
59336.044295 0.000000 0.000000 -3.670000 0.196000 -0.979807 -1.011191 -2.379443 -2.301748 0.196000 -1.290557 0.196000 1.077211  -1  -1  -1 
59336.045745 0.000000 0.000000 -1.842000 0.196000 -0.979807 -1.010629 -2.372126 -0.480503 0.196000 0.530126 0.196000 1.077211  -1  -1  -1 
59336.046451 0.000000 0.000000 -2.082000 0.196000 -0.979807 -1.010355 -2.368562 -0.723793 0.196000 0.286562 0.196000 1.077211  -1  -1  -1 
59337.054588 0.000000 0.000000 0.800000 0.204000 -0.979807 -0.613603 0.524509 -0.338112 0.204000 0.275491 0.204000 1.077211  -1  -1  -1 
59337.055294 0.000000 0.000000 1.084000 0.204000 -0.979807 -0.613322 0.523832 -0.053154 0.204000 0.560168 0.204000 1.077211  -1  -1  -1 
59337.055999 0.000000 0.000000 1.685000 0.204000 -0.979807 -0.613042 0.523152 0.548806 0.204000 1.161848 0.204000 1.077211  -1  -1  -1 
59338.142666 0.000000 0.000000 -3.695000 0.193000 -0.979807 -0.181218 -3.300056 -0.576162 0.193000 -0.394944 0.193000 1.077211  -1  -1  -1 
59338.143375 0.000000 0.000000 -4.166000 0.193000 -0.979807 -0.180939 -3.301430 -1.045509 0.193000 -0.864570 0.193000 1.077211  -1  -1  -1 
59338.144784 0.000000 0.000000 -3.391000 0.192000 -0.979807 -0.180383 -3.304145 -0.267239 0.192000 -0.086855 0.192000 1.077211  -1  -1  -1 
59339.164449 0.000000 0.000000 -0.406000 0.196000 -0.979807 0.211769 -0.417020 0.222789 0.196000 0.011020 0.196000 1.077211  -1  -1  -1 
59339.165155 0.000000 0.000000 -2.684000 0.196000 -0.979807 0.212031 -0.413569 -2.058400 0.196000 -2.270431 0.196000 1.077211  -1  -1  -1 
59339.166567 0.000000 0.000000 -0.028000 0.196000 -0.979807 0.212556 -0.406670 0.591226 0.196000 0.378670 0.196000 1.077211  -1  -1  -1 
59340.102238 0.000000 0.000000 1.154000 0.196000 -0.979807 0.543732 1.528993 0.168739 0.196000 -0.374993 0.196000 1.077211  -1  -1  -1 
59340.103650 0.000000 0.000000 1.360000 0.196000 -0.979807 0.544202 1.526429 0.377773 0.196000 -0.166429 0.196000 1.077211  -1  -1  -1 
59340.104356 0.000000 0.000000 0.898000 0.197000 -0.979807 0.544437 1.525140 -0.082703 0.197000 -0.627140 0.197000 1.077211  -1  -1  -1 
59341.060305 0.000000 0.000000 -1.111000 0.200000 -0.979807 0.837280 -2.172026 1.898306 0.200000 1.061026 0.200000 1.077211  -1  -1  -1 
59341.061717 0.000000 0.000000 -1.590000 0.201000 -0.979807 0.837671 -2.175570 1.423241 0.201000 0.585570 0.201000 1.077211  -1  -1  -1 
59341.062423 0.000000 0.000000 -1.253000 0.201000 -0.979807 0.837866 -2.177335 1.762201 0.201000 0.924335 0.201000 1.077211  -1  -1  -1 
59342.127214 0.000000 0.000000 0.050000 0.194000 -0.979807 1.092186 0.474523 0.667664 0.194000 -0.424523 0.194000 1.077211  -1  -1  -1 
59342.128626 0.000000 0.000000 1.355000 0.194000 -0.979807 1.092467 0.481172 1.966295 0.194000 0.873828 0.194000 1.077211  -1  -1  -1 
59342.129333 0.000000 0.000000 -0.812000 0.194000 -0.979807 1.092608 0.484500 -0.203892 0.194000 -1.296500 0.194000 1.077211  -1  -1  -1 
59343.096509 0.000000 0.000000 1.988000 0.195000 -0.979807 1.247469 2.154848 1.080620 0.195000 -0.166848 0.195000 1.077211  -1  -1  -1 
59343.097921 0.000000 0.000000 2.506000 0.195000 -0.979807 1.247640 2.151563 1.602076 0.195000 0.354437 0.195000 1.077211  -1  -1  -1 
59343.098626 0.000000 0.000000 2.200000 0.195000 -0.979807 1.247725 2.149916 1.297809 0.195000 0.050084 0.195000 1.077211  -1  -1  -1 
59345.087496 0.000000 0.000000 -0.696000 0.201000 -0.979807 1.339055 0.721306 -0.078252 0.201000 -1.417306 0.201000 1.077211  -1  -1  -1 
59345.088908 0.000000 0.000000 1.858000 0.200000 -0.979807 1.339025 0.727645 2.469380 0.200000 1.130355 0.200000 1.077211  -1  -1  -1 
59345.089615 0.000000 0.000000 1.968000 0.200000 -0.979807 1.339010 0.730817 2.576193 0.200000 1.237183 0.200000 1.077211  -1  -1  -1 
59347.165174 0.000000 0.000000 -2.802000 0.196000 -0.979807 1.209197 -2.125305 0.532502 0.196000 -0.676695 0.196000 1.077211  -1  -1  -1 
59347.165880 0.000000 0.000000 -1.935000 0.196000 -0.979807 1.209138 -2.125847 1.399985 0.196000 0.190847 0.196000 1.077211  -1  -1  -1 
59347.166589 0.000000 0.000000 -4.061000 0.196000 -0.979807 1.209078 -2.126385 -0.725537 0.196000 -1.934615 0.196000 1.077211  -1  -1  -1 
59349.156919 0.000000 0.000000 1.677000 0.194000 -0.979807 1.075264 1.559558 1.192706 0.194000 0.117442 0.194000 1.077211  -1  -1  -1 
59349.159037 0.000000 0.000000 0.724000 0.194000 -0.979807 1.075196 1.551887 0.247309 0.194000 -0.827887 0.194000 1.077211  -1  -1  -1 
59349.159743 0.000000 0.000000 2.045000 0.195000 -0.979807 1.075174 1.549323 1.570851 0.195000 0.495677 0.195000 1.077211  -1  -1  -1 
59351.095299 0.000000 0.000000 3.229000 0.199000 -0.979807 1.133026 0.898223 3.463803 0.199000 2.330777 0.199000 1.077211  -1  -1  -1 
59351.096005 0.000000 0.000000 1.539000 0.199000 -0.979807 1.133097 0.901295 1.770802 0.199000 0.637705 0.199000 1.077211  -1  -1  -1 
59351.097417 0.000000 0.000000 0.629000 0.199000 -0.979807 1.133239 0.907432 0.854806 0.199000 -0.278432 0.199000 1.077211  -1  -1  -1 
59352.132027 0.000000 0.000000 0.491000 0.196000 -0.979807 1.279590 1.710032 0.060557 0.196000 -1.219032 0.196000 1.077211  -1  -1  -1 
59352.134142 0.000000 0.000000 1.053000 0.195000 -0.979807 1.279976 1.702595 0.630381 0.195000 -0.649595 0.195000 1.077211  -1  -1  -1 
59352.134848 0.000000 0.000000 -0.236000 0.195000 -0.979807 1.280105 1.700106 -0.656001 0.195000 -1.936106 0.195000 1.077211  -1  -1  -1 
59358.106134 0.000000 0.000000 2.204000 0.216000 -0.979807 3.270827 3.493680 1.981147 0.216000 -1.289680 0.216000 1.077211  -1  -1  -1 
59358.106840 0.000000 0.000000 4.348000 0.216000 -0.979807 3.271097 3.491081 4.128016 0.216000 0.856919 0.216000 1.077211  -1  -1  -1 
59358.108959 0.000000 0.000000 5.673000 0.216000 -0.979807 3.271907 3.483260 5.461647 0.216000 2.189740 0.216000 1.077211  -1  -1  -1 
59359.054266 0.000000 0.000000 1.143000 0.217000 -0.979807 3.626426 0.272730 4.496695 0.217000 0.870270 0.217000 1.077211  -1  -1  -1 
59359.056384 0.000000 0.000000 1.230000 0.218000 -0.979807 3.627203 0.273292 4.583911 0.218000 0.956708 0.218000 1.077211  -1  -1  -1 
59359.057090 0.000000 0.000000 0.803000 0.218000 -0.979807 3.627462 0.273491 4.156971 0.218000 0.529509 0.218000 1.077211  -1  -1  -1 
59360.145042 0.000000 0.000000 3.290000 0.210000 -0.979807 4.016400 4.436445 2.869955 0.210000 -1.146445 0.210000 1.077211  -1  -1  -1 
59360.146454 0.000000 0.000000 4.504000 0.210000 -0.979807 4.016891 4.441794 4.079098 0.210000 0.062206 0.210000 1.077211  -1  -1  -1 
59360.147195 0.000000 0.000000 4.142000 0.209000 -0.979807 4.017149 4.444596 3.714553 0.209000 -0.302596 0.209000 1.077211  -1  -1  -1 
