# time Tc_folded Tref_folded value value_err offset model full_model val_compare val_compare_err residuals residuals_err jitter jitter_flag offset_flag subset_flag 
59332.189797 0.000000 0.000000 1.675000 0.950000 0.125200 -0.204199 -0.079000 1.549800 0.950000 1.754000 0.950000 2.785123  -1  -1  -1 
59332.197387 0.000000 0.000000 -1.558000 0.950000 0.125200 -0.203775 -0.078575 -1.683200 0.950000 -1.479425 0.950000 2.785123  -1  -1  -1 
59332.200011 0.000000 0.000000 -1.908000 0.950000 0.125200 -0.203628 -0.078428 -2.033200 0.950000 -1.829572 0.950000 2.785123  -1  -1  -1 
59334.234566 0.000000 0.000000 -1.325000 0.950000 0.125200 -0.068290 0.056910 -1.450200 0.950000 -1.381910 0.950000 2.785123  -1  -1  -1 
59334.237103 0.000000 0.000000 -3.108000 0.950000 0.125200 -0.068099 0.057100 -3.233200 0.950000 -3.165100 0.950000 2.785123  -1  -1  -1 
59334.239600 0.000000 0.000000 0.358000 0.950000 0.125200 -0.067912 0.057288 0.232800 0.950000 0.300712 0.950000 2.785123  -1  -1  -1 
59335.326035 0.000000 0.000000 5.192000 0.950000 0.125200 0.016474 0.141674 5.066800 0.950000 5.050326 0.950000 2.785123  -1  -1  -1 
59335.330868 0.000000 0.000000 2.692000 0.950000 0.125200 0.016859 0.142059 2.566800 0.950000 2.549941 0.950000 2.785123  -1  -1  -1 
59335.333272 0.000000 0.000000 5.458000 0.950000 0.125200 0.017051 0.142251 5.332800 0.950000 5.315749 0.950000 2.785123  -1  -1  -1 
59336.173315 0.000000 0.000000 0.442000 0.950000 0.125200 0.084564 0.209763 0.316800 0.950000 0.232237 0.950000 2.785123  -1  -1  -1 
59336.175692 0.000000 0.000000 2.908000 0.950000 0.125200 0.084755 0.209955 2.782800 0.950000 2.698045 0.950000 2.785123  -1  -1  -1 
59336.181796 0.000000 0.000000 0.525000 0.950000 0.125200 0.085247 0.210447 0.399800 0.950000 0.314553 0.950000 2.785123  -1  -1  -1 
59337.233449 0.000000 0.000000 2.325000 0.950000 0.125200 0.169191 0.294391 2.199800 0.950000 2.030609 0.950000 2.785123  -1  -1  -1 
59337.235931 0.000000 0.000000 2.625000 0.950000 0.125200 0.169386 0.294585 2.499800 0.950000 2.330415 0.950000 2.785123  -1  -1  -1 
59337.244221 0.000000 0.000000 1.158000 0.950000 0.125200 0.170036 0.295235 1.032800 0.950000 0.862765 0.950000 2.785123  -1  -1  -1 
59338.188239 0.000000 0.000000 0.375000 0.950000 0.125200 0.241866 0.367066 0.249800 0.950000 0.007934 0.950000 2.785123  -1  -1  -1 
59338.190732 0.000000 0.000000 -4.425000 0.950000 0.125200 0.242049 0.367248 -4.550200 0.950000 -4.792248 0.950000 2.785123  -1  -1  -1 
59338.193250 0.000000 0.000000 1.892000 0.950000 0.125200 0.242233 0.367433 1.766800 0.950000 1.524567 0.950000 2.785123  -1  -1  -1 
59339.264851 0.000000 0.000000 -0.458000 0.950000 0.125200 0.316290 0.441489 -0.583200 0.950000 -0.899489 0.950000 2.785123  -1  -1  -1 
59339.274735 0.000000 0.000000 -3.508000 0.950000 0.125200 0.316925 0.442125 -3.633200 0.950000 -3.950125 0.950000 2.785123  -1  -1  -1 
59339.345059 0.000000 0.000000 2.008000 0.950000 0.125200 0.321420 0.446620 1.882800 0.950000 1.561380 0.950000 2.785123  -1  -1  -1 
59341.205674 0.000000 0.000000 -3.258000 0.950000 0.125200 0.419637 0.544837 -3.383200 0.950000 -3.802837 0.950000 2.785123  -1  -1  -1 
59341.213678 0.000000 0.000000 -2.608000 0.950000 0.125200 0.419962 0.545162 -2.733200 0.950000 -3.153162 0.950000 2.785123  -1  -1  -1 
59341.216302 0.000000 0.000000 -1.858000 0.950000 0.125200 0.420069 0.545268 -1.983200 0.950000 -2.403268 0.950000 2.785123  -1  -1  -1 
59342.213085 0.000000 0.000000 0.758000 0.950000 0.125200 0.453109 0.578309 0.632800 0.950000 0.179691 0.950000 2.785123  -1  -1  -1 
59342.215868 0.000000 0.000000 0.658000 0.950000 0.125200 0.453180 0.578380 0.532800 0.950000 0.079620 0.950000 2.785123  -1  -1  -1 
59342.218582 0.000000 0.000000 0.225000 0.950000 0.125200 0.453249 0.578449 0.099800 0.950000 -0.353449 0.950000 2.785123  -1  -1  -1 
59345.350049 0.000000 0.000000 -0.342000 0.950000 0.125200 0.451235 0.576435 -0.467200 0.950000 -0.918435 0.950000 2.785123  -1  -1  -1 
59345.352391 0.000000 0.000000 0.642000 0.950000 0.125200 0.451172 0.576371 0.516800 0.950000 0.065629 0.950000 2.785123  -1  -1  -1 
59345.358459 0.000000 0.000000 1.758000 0.950000 0.125200 0.451007 0.576207 1.632800 0.950000 1.181793 0.950000 2.785123  -1  -1  -1 
59346.170515 0.000000 0.000000 4.775000 0.950000 0.125200 0.423619 0.548819 4.649800 0.950000 4.226181 0.950000 2.785123  -1  -1  -1 
59346.172885 0.000000 0.000000 2.525000 0.950000 0.125200 0.423524 0.548724 2.399800 0.950000 1.976276 0.950000 2.785123  -1  -1  -1 
59346.177612 0.000000 0.000000 3.358000 0.950000 0.125200 0.423334 0.548534 3.232800 0.950000 2.809466 0.950000 2.785123  -1  -1  -1 
59347.291118 0.000000 0.000000 0.808000 0.950000 0.125200 0.369378 0.494578 0.682800 0.950000 0.313422 0.950000 2.785123  -1  -1  -1 
59347.296123 0.000000 0.000000 0.992000 0.950000 0.125200 0.369097 0.494297 0.866800 0.950000 0.497703 0.950000 2.785123  -1  -1  -1 
59347.311002 0.000000 0.000000 2.258000 0.950000 0.125200 0.368258 0.493457 2.132800 0.950000 1.764543 0.950000 2.785123  -1  -1  -1 
59348.287651 0.000000 0.000000 0.292000 0.950000 0.125200 0.307240 0.432440 0.166800 0.950000 -0.140440 0.950000 2.785123  -1  -1  -1 
59348.290178 0.000000 0.000000 -0.592000 0.950000 0.125200 0.307068 0.432268 -0.717200 0.950000 -1.024268 0.950000 2.785123  -1  -1  -1 
59348.292681 0.000000 0.000000 -0.508000 0.950000 0.125200 0.306898 0.432097 -0.633200 0.950000 -0.940097 0.950000 2.785123  -1  -1  -1 
59349.121628 0.000000 0.000000 -3.192000 0.950000 0.125200 0.247220 0.372419 -3.317200 0.950000 -3.564419 0.950000 2.785123  -1  -1  -1 
59349.126921 0.000000 0.000000 -3.458000 0.950000 0.125200 0.246820 0.372020 -3.583200 0.950000 -3.830020 0.950000 2.785123  -1  -1  -1 
59349.129550 0.000000 0.000000 -2.925000 0.950000 0.125200 0.246621 0.371821 -3.050200 0.950000 -3.296821 0.950000 2.785123  -1  -1  -1 
59350.304057 0.000000 0.000000 3.708000 0.950000 0.125200 0.153594 0.278794 3.582800 0.950000 3.429206 0.950000 2.785123  -1  -1  -1 
59350.306325 0.000000 0.000000 4.992000 0.950000 0.125200 0.153408 0.278608 4.866800 0.950000 4.713392 0.950000 2.785123  -1  -1  -1 
59350.313185 0.000000 0.000000 6.025000 0.950000 0.125200 0.152846 0.278046 5.899800 0.950000 5.746954 0.950000 2.785123  -1  -1  -1 
59351.202848 0.000000 0.000000 -4.958000 0.950000 0.125200 0.079157 0.204357 -5.083200 0.950000 -5.162357 0.950000 2.785123  -1  -1  -1 
59351.209430 0.000000 0.000000 -2.025000 0.950000 0.125200 0.078610 0.203810 -2.150200 0.950000 -2.228810 0.950000 2.785123  -1  -1  -1 
59351.214571 0.000000 0.000000 -3.758000 0.950000 0.125200 0.078183 0.203382 -3.883200 0.950000 -3.961382 0.950000 2.785123  -1  -1  -1 
59352.100400 0.000000 0.000000 5.958000 0.950000 0.125200 0.005206 0.130406 5.832800 0.950000 5.827594 0.950000 2.785123  -1  -1  -1 
59352.102986 0.000000 0.000000 5.275000 0.950000 0.125200 0.004996 0.130196 5.149800 0.950000 5.144804 0.950000 2.785123  -1  -1  -1 
59352.111932 0.000000 0.000000 6.125000 0.950000 0.125200 0.004271 0.129471 5.999800 0.950000 5.995529 0.950000 2.785123  -1  -1  -1 
59353.256297 0.000000 0.000000 -1.308000 0.950000 0.125200 -0.084768 0.040432 -1.433200 0.950000 -1.348432 0.950000 2.785123  -1  -1  -1 
59353.261287 0.000000 0.000000 -0.958000 0.950000 0.125200 -0.085136 0.040064 -1.083200 0.950000 -0.998064 0.950000 2.785123  -1  -1  -1 
59353.273571 0.000000 0.000000 -1.225000 0.950000 0.125200 -0.086040 0.039160 -1.350200 0.950000 -1.264160 0.950000 2.785123  -1  -1  -1 
59354.281496 0.000000 0.000000 -0.525000 0.950000 0.125200 -0.155241 -0.030041 -0.650200 0.950000 -0.494959 0.950000 2.785123  -1  -1  -1 
59354.290542 0.000000 0.000000 -1.975000 0.950000 0.125200 -0.155812 -0.030612 -2.100200 0.950000 -1.944388 0.950000 2.785123  -1  -1  -1 
59354.297835 0.000000 0.000000 -0.975000 0.950000 0.125200 -0.156271 -0.031071 -1.100200 0.950000 -0.943929 0.950000 2.785123  -1  -1  -1 
59355.149128 0.000000 0.000000 -1.425000 0.950000 0.125200 -0.205209 -0.080009 -1.550200 0.950000 -1.344991 0.950000 2.785123  -1  -1  -1 
59355.151962 0.000000 0.000000 -2.458000 0.950000 0.125200 -0.205356 -0.080156 -2.583200 0.950000 -2.377844 0.950000 2.785123  -1  -1  -1 
59355.159002 0.000000 0.000000 -2.108000 0.950000 0.125200 -0.205719 -0.080519 -2.233200 0.950000 -2.027481 0.950000 2.785123  -1  -1  -1 
59356.201900 0.000000 0.000000 -6.158000 0.950000 0.125200 -0.251209 -0.126009 -6.283200 0.950000 -6.031991 0.950000 2.785123  -1  -1  -1 
59356.211845 0.000000 0.000000 -0.492000 0.950000 0.125200 -0.251560 -0.126360 -0.617200 0.950000 -0.365640 0.950000 2.785123  -1  -1  -1 
59356.217239 0.000000 0.000000 -3.842000 0.950000 0.125200 -0.251749 -0.126550 -3.967200 0.950000 -3.715450 0.950000 2.785123  -1  -1  -1 
59357.255224 0.000000 0.000000 -7.992000 0.950000 0.125200 -0.279014 -0.153814 -8.117200 0.950000 -7.838186 0.950000 2.785123  -1  -1  -1 
59357.265503 0.000000 0.000000 -3.458000 0.950000 0.125200 -0.279191 -0.153991 -3.583200 0.950000 -3.304009 0.950000 2.785123  -1  -1  -1 
59357.277188 0.000000 0.000000 -4.008000 0.950000 0.125200 -0.279389 -0.154189 -4.133200 0.950000 -3.853811 0.950000 2.785123  -1  -1  -1 
59358.119845 0.000000 0.000000 -0.758000 0.950000 0.125200 -0.287281 -0.162081 -0.883200 0.950000 -0.595919 0.950000 2.785123  -1  -1  -1 
59358.129676 0.000000 0.000000 1.958000 0.950000 0.125200 -0.287298 -0.162098 1.832800 0.950000 2.120098 0.950000 2.785123  -1  -1  -1 
59358.137335 0.000000 0.000000 -0.225000 0.950000 0.125200 -0.287310 -0.162110 -0.350200 0.950000 -0.062890 0.950000 2.785123  -1  -1  -1 
59359.215201 0.000000 0.000000 6.592000 0.950000 0.125200 -0.278651 -0.153451 6.466800 0.950000 6.745451 0.950000 2.785123  -1  -1  -1 
59359.265786 0.000000 0.000000 4.908000 0.950000 0.125200 -0.277745 -0.152546 4.782800 0.950000 5.060546 0.950000 2.785123  -1  -1  -1 
59359.269109 0.000000 0.000000 4.892000 0.950000 0.125200 -0.277684 -0.152484 4.766800 0.950000 5.044484 0.950000 2.785123  -1  -1  -1 
