# Tref_folded model 
-1.500000 1.323335 
-1.499000 1.335314 
-1.498000 1.347204 
-1.497000 1.359005 
-1.496000 1.370718 
-1.495000 1.382341 
-1.494000 1.393875 
-1.493000 1.405321 
-1.492000 1.416677 
-1.491000 1.427945 
-1.490000 1.439124 
-1.489000 1.450214 
-1.488000 1.461216 
-1.487000 1.472128 
-1.486000 1.482953 
-1.485000 1.493688 
-1.484000 1.504336 
-1.483000 1.514895 
-1.482000 1.525366 
-1.481000 1.535748 
-1.480000 1.546043 
-1.479000 1.556249 
-1.478000 1.566368 
-1.477000 1.576399 
-1.476000 1.586342 
-1.475000 1.596197 
-1.474000 1.605965 
-1.473000 1.615646 
-1.472000 1.625240 
-1.471000 1.634746 
-1.470000 1.644166 
-1.469000 1.653498 
-1.468000 1.662744 
-1.467000 1.671904 
-1.466000 1.680977 
-1.465000 1.689964 
-1.464000 1.698864 
-1.463000 1.707679 
-1.462000 1.716408 
-1.461000 1.725051 
-1.460000 1.733609 
-1.459000 1.742081 
-1.458000 1.750468 
-1.457000 1.758771 
-1.456000 1.766988 
-1.455000 1.775121 
-1.454000 1.783169 
-1.453000 1.791132 
-1.452000 1.799012 
-1.451000 1.806808 
-1.450000 1.814520 
-1.449000 1.822148 
-1.448000 1.829693 
-1.447000 1.837154 
-1.446000 1.844533 
-1.445000 1.851828 
-1.444000 1.859041 
-1.443000 1.866172 
-1.442000 1.873220 
-1.441000 1.880186 
-1.440000 1.887070 
-1.439000 1.893872 
-1.438000 1.900593 
-1.437000 1.907233 
-1.436000 1.913791 
-1.435000 1.920269 
-1.434000 1.926666 
-1.433000 1.932982 
-1.432000 1.939218 
-1.431000 1.945374 
-1.430000 1.951450 
-1.429000 1.957446 
-1.428000 1.963363 
-1.427000 1.969201 
-1.426000 1.974960 
-1.425000 1.980639 
-1.424000 1.986241 
-1.423000 1.991763 
-1.422000 1.997208 
-1.421000 2.002575 
-1.420000 2.007863 
-1.419000 2.013075 
-1.418000 2.018208 
-1.417000 2.023265 
-1.416000 2.028245 
-1.415000 2.033148 
-1.414000 2.037975 
-1.413000 2.042725 
-1.412000 2.047400 
-1.411000 2.051998 
-1.410000 2.056521 
-1.409000 2.060969 
-1.408000 2.065341 
-1.407000 2.069638 
-1.406000 2.073861 
-1.405000 2.078009 
-1.404000 2.082083 
-1.403000 2.086082 
-1.402000 2.090008 
-1.401000 2.093860 
-1.400000 2.097639 
-1.399000 2.101344 
-1.398000 2.104977 
-1.397000 2.108536 
-1.396000 2.112023 
-1.395000 2.115438 
-1.394000 2.118780 
-1.393000 2.122051 
-1.392000 2.125250 
-1.391000 2.128377 
-1.390000 2.131433 
-1.389000 2.134418 
-1.388000 2.137332 
-1.387000 2.140176 
-1.386000 2.142949 
-1.385000 2.145652 
-1.384000 2.148285 
-1.383000 2.150848 
-1.382000 2.153341 
-1.381000 2.155765 
-1.380000 2.158120 
-1.379000 2.160406 
-1.378000 2.162623 
-1.377000 2.164772 
-1.376000 2.166852 
-1.375000 2.168864 
-1.374000 2.170809 
-1.373000 2.172685 
-1.372000 2.174494 
-1.371000 2.176236 
-1.370000 2.177911 
-1.369000 2.179519 
-1.368000 2.181060 
-1.367000 2.182535 
-1.366000 2.183943 
-1.365000 2.185285 
-1.364000 2.186562 
-1.363000 2.187773 
-1.362000 2.188918 
-1.361000 2.189998 
-1.360000 2.191013 
-1.359000 2.191963 
-1.358000 2.192849 
-1.357000 2.193670 
-1.356000 2.194426 
-1.355000 2.195119 
-1.354000 2.195748 
-1.353000 2.196313 
-1.352000 2.196814 
-1.351000 2.197252 
-1.350000 2.197627 
-1.349000 2.197939 
-1.348000 2.198189 
-1.347000 2.198375 
-1.346000 2.198500 
-1.345000 2.198562 
-1.344000 2.198562 
-1.343000 2.198500 
-1.342000 2.198377 
-1.341000 2.198192 
-1.340000 2.197946 
-1.339000 2.197639 
-1.338000 2.197271 
-1.337000 2.196843 
-1.336000 2.196353 
-1.335000 2.195804 
-1.334000 2.195194 
-1.333000 2.194524 
-1.332000 2.193795 
-1.331000 2.193005 
-1.330000 2.192156 
-1.329000 2.191248 
-1.328000 2.190281 
-1.327000 2.189255 
-1.326000 2.188170 
-1.325000 2.187026 
-1.324000 2.185824 
-1.323000 2.184564 
-1.322000 2.183245 
-1.321000 2.181869 
-1.320000 2.180434 
-1.319000 2.178942 
-1.318000 2.177393 
-1.317000 2.175786 
-1.316000 2.174123 
-1.315000 2.172402 
-1.314000 2.170624 
-1.313000 2.168790 
-1.312000 2.166899 
-1.311000 2.164952 
-1.310000 2.162949 
-1.309000 2.160890 
-1.308000 2.158774 
-1.307000 2.156604 
-1.306000 2.154377 
-1.305000 2.152095 
-1.304000 2.149758 
-1.303000 2.147366 
-1.302000 2.144919 
-1.301000 2.142417 
-1.300000 2.139860 
-1.299000 2.137249 
-1.298000 2.134583 
-1.297000 2.131863 
-1.296000 2.129090 
-1.295000 2.126262 
-1.294000 2.123380 
-1.293000 2.120445 
-1.292000 2.117456 
-1.291000 2.114414 
-1.290000 2.111319 
-1.289000 2.108170 
-1.288000 2.104969 
-1.287000 2.101715 
-1.286000 2.098408 
-1.285000 2.095048 
-1.284000 2.091637 
-1.283000 2.088173 
-1.282000 2.084656 
-1.281000 2.081088 
-1.280000 2.077468 
-1.279000 2.073796 
-1.278000 2.070073 
-1.277000 2.066298 
-1.276000 2.062472 
-1.275000 2.058594 
-1.274000 2.054665 
-1.273000 2.050686 
-1.272000 2.046655 
-1.271000 2.042574 
-1.270000 2.038443 
-1.269000 2.034260 
-1.268000 2.030028 
-1.267000 2.025745 
-1.266000 2.021412 
-1.265000 2.017029 
-1.264000 2.012596 
-1.263000 2.008114 
-1.262000 2.003582 
-1.261000 1.999000 
-1.260000 1.994369 
-1.259000 1.989688 
-1.258000 1.984959 
-1.257000 1.980180 
-1.256000 1.975353 
-1.255000 1.970476 
-1.254000 1.965551 
-1.253000 1.960578 
-1.252000 1.955555 
-1.251000 1.950485 
-1.250000 1.945366 
-1.249000 1.940199 
-1.248000 1.934984 
-1.247000 1.929721 
-1.246000 1.924410 
-1.245000 1.919052 
-1.244000 1.913645 
-1.243000 1.908192 
-1.242000 1.902690 
-1.241000 1.897142 
-1.240000 1.891546 
-1.239000 1.885903 
-1.238000 1.880214 
-1.237000 1.874477 
-1.236000 1.868693 
-1.235000 1.862863 
-1.234000 1.856986 
-1.233000 1.851063 
-1.232000 1.845093 
-1.231000 1.839077 
-1.230000 1.833015 
-1.229000 1.826906 
-1.228000 1.820752 
-1.227000 1.814552 
-1.226000 1.808306 
-1.225000 1.802014 
-1.224000 1.795676 
-1.223000 1.789293 
-1.222000 1.782864 
-1.221000 1.776391 
-1.220000 1.769871 
-1.219000 1.763307 
-1.218000 1.756698 
-1.217000 1.750043 
-1.216000 1.743344 
-1.215000 1.736600 
-1.214000 1.729811 
-1.213000 1.722977 
-1.212000 1.716099 
-1.211000 1.709177 
-1.210000 1.702210 
-1.209000 1.695199 
-1.208000 1.688143 
-1.207000 1.681044 
-1.206000 1.673901 
-1.205000 1.666713 
-1.204000 1.659482 
-1.203000 1.652207 
-1.202000 1.644888 
-1.201000 1.637526 
-1.200000 1.630120 
-1.199000 1.622671 
-1.198000 1.615178 
-1.197000 1.607642 
-1.196000 1.600063 
-1.195000 1.592441 
-1.194000 1.584776 
-1.193000 1.577068 
-1.192000 1.569317 
-1.191000 1.561523 
-1.190000 1.553687 
-1.189000 1.545808 
-1.188000 1.537887 
-1.187000 1.529923 
-1.186000 1.521916 
-1.185000 1.513868 
-1.184000 1.505777 
-1.183000 1.497644 
-1.182000 1.489469 
-1.181000 1.481252 
-1.180000 1.472993 
-1.179000 1.464693 
-1.178000 1.456350 
-1.177000 1.447966 
-1.176000 1.439541 
-1.175000 1.431074 
-1.174000 1.422565 
-1.173000 1.414015 
-1.172000 1.405424 
-1.171000 1.396792 
-1.170000 1.388119 
-1.169000 1.379404 
-1.168000 1.370649 
-1.167000 1.361853 
-1.166000 1.353016 
-1.165000 1.344138 
-1.164000 1.335220 
-1.163000 1.326261 
-1.162000 1.317262 
-1.161000 1.308222 
-1.160000 1.299142 
-1.159000 1.290021 
-1.158000 1.280861 
-1.157000 1.271660 
-1.156000 1.262420 
-1.155000 1.253139 
-1.154000 1.243819 
-1.153000 1.234459 
-1.152000 1.225059 
-1.151000 1.215620 
-1.150000 1.206141 
-1.149000 1.196623 
-1.148000 1.187065 
-1.147000 1.177468 
-1.146000 1.167832 
-1.145000 1.158156 
-1.144000 1.148442 
-1.143000 1.138688 
-1.142000 1.128896 
-1.141000 1.119065 
-1.140000 1.109195 
-1.139000 1.099287 
-1.138000 1.089340 
-1.137000 1.079354 
-1.136000 1.069330 
-1.135000 1.059268 
-1.134000 1.049168 
-1.133000 1.039029 
-1.132000 1.028853 
-1.131000 1.018638 
-1.130000 1.008385 
-1.129000 0.998095 
-1.128000 0.987767 
-1.127000 0.977402 
-1.126000 0.966998 
-1.125000 0.956558 
-1.124000 0.946080 
-1.123000 0.935565 
-1.122000 0.925012 
-1.121000 0.914423 
-1.120000 0.903796 
-1.119000 0.893133 
-1.118000 0.882433 
-1.117000 0.871696 
-1.116000 0.860922 
-1.115000 0.850112 
-1.114000 0.839265 
-1.113000 0.828382 
-1.112000 0.817463 
-1.111000 0.806508 
-1.110000 0.795517 
-1.109000 0.784489 
-1.108000 0.773426 
-1.107000 0.762327 
-1.106000 0.751193 
-1.105000 0.740022 
-1.104000 0.728817 
-1.103000 0.717576 
-1.102000 0.706300 
-1.101000 0.694988 
-1.100000 0.683642 
-1.099000 0.672261 
-1.098000 0.660845 
-1.097000 0.649394 
-1.096000 0.637909 
-1.095000 0.626389 
-1.094000 0.614835 
-1.093000 0.603246 
-1.092000 0.591624 
-1.091000 0.579967 
-1.090000 0.568277 
-1.089000 0.556553 
-1.088000 0.544795 
-1.087000 0.533003 
-1.086000 0.521179 
-1.085000 0.509321 
-1.084000 0.497429 
-1.083000 0.485505 
-1.082000 0.473548 
-1.081000 0.461558 
-1.080000 0.449535 
-1.079000 0.437480 
-1.078000 0.425393 
-1.077000 0.413273 
-1.076000 0.401121 
-1.075000 0.388937 
-1.074000 0.376721 
-1.073000 0.364474 
-1.072000 0.352195 
-1.071000 0.339885 
-1.070000 0.327544 
-1.069000 0.315171 
-1.068000 0.302767 
-1.067000 0.290333 
-1.066000 0.277868 
-1.065000 0.265373 
-1.064000 0.252847 
-1.063000 0.240291 
-1.062000 0.227705 
-1.061000 0.215089 
-1.060000 0.202443 
-1.059000 0.189768 
-1.058000 0.177064 
-1.057000 0.164331 
-1.056000 0.151568 
-1.055000 0.138777 
-1.054000 0.125957 
-1.053000 0.113108 
-1.052000 0.100232 
-1.051000 0.087327 
-1.050000 0.074394 
-1.049000 0.061434 
-1.048000 0.048446 
-1.047000 0.035431 
-1.046000 0.022388 
-1.045000 0.009319 
-1.044000 -0.003777 
-1.043000 -0.016900 
-1.042000 -0.030049 
-1.041000 -0.043224 
-1.040000 -0.056424 
-1.039000 -0.069651 
-1.038000 -0.082903 
-1.037000 -0.096180 
-1.036000 -0.109483 
-1.035000 -0.122810 
-1.034000 -0.136162 
-1.033000 -0.149538 
-1.032000 -0.162938 
-1.031000 -0.176362 
-1.030000 -0.189809 
-1.029000 -0.203280 
-1.028000 -0.216774 
-1.027000 -0.230291 
-1.026000 -0.243831 
-1.025000 -0.257393 
-1.024000 -0.270977 
-1.023000 -0.284583 
-1.022000 -0.298211 
-1.021000 -0.311860 
-1.020000 -0.325530 
-1.019000 -0.339220 
-1.018000 -0.352932 
-1.017000 -0.366663 
-1.016000 -0.380414 
-1.015000 -0.394185 
-1.014000 -0.407975 
-1.013000 -0.421785 
-1.012000 -0.435613 
-1.011000 -0.449459 
-1.010000 -0.463324 
-1.009000 -0.477206 
-1.008000 -0.491106 
-1.007000 -0.505023 
-1.006000 -0.518957 
-1.005000 -0.532907 
-1.004000 -0.546874 
-1.003000 -0.560856 
-1.002000 -0.574854 
-1.001000 -0.588867 
-1.000000 -0.602895 
-0.999000 -0.616938 
-0.998000 -0.630994 
-0.997000 -0.645064 
-0.996000 -0.659148 
-0.995000 -0.673244 
-0.994000 -0.687353 
-0.993000 -0.701474 
-0.992000 -0.715607 
-0.991000 -0.729752 
-0.990000 -0.743908 
-0.989000 -0.758074 
-0.988000 -0.772250 
-0.987000 -0.786437 
-0.986000 -0.800633 
-0.985000 -0.814837 
-0.984000 -0.829051 
-0.983000 -0.843272 
-0.982000 -0.857501 
-0.981000 -0.871738 
-0.980000 -0.885981 
-0.979000 -0.900231 
-0.978000 -0.914486 
-0.977000 -0.928747 
-0.976000 -0.943013 
-0.975000 -0.957283 
-0.974000 -0.971558 
-0.973000 -0.985836 
-0.972000 -1.000117 
-0.971000 -1.014401 
-0.970000 -1.028686 
-0.969000 -1.042974 
-0.968000 -1.057262 
-0.967000 -1.071551 
-0.966000 -1.085839 
-0.965000 -1.100128 
-0.964000 -1.114415 
-0.963000 -1.128700 
-0.962000 -1.142984 
-0.961000 -1.157264 
-0.960000 -1.171542 
-0.959000 -1.185815 
-0.958000 -1.200084 
-0.957000 -1.214348 
-0.956000 -1.228607 
-0.955000 -1.242859 
-0.954000 -1.257104 
-0.953000 -1.271342 
-0.952000 -1.285572 
-0.951000 -1.299794 
-0.950000 -1.314006 
-0.949000 -1.328208 
-0.948000 -1.342400 
-0.947000 -1.356580 
-0.946000 -1.370749 
-0.945000 -1.384905 
-0.944000 -1.399048 
-0.943000 -1.413178 
-0.942000 -1.427293 
-0.941000 -1.441392 
-0.940000 -1.455476 
-0.939000 -1.469543 
-0.938000 -1.483593 
-0.937000 -1.497624 
-0.936000 -1.511637 
-0.935000 -1.525631 
-0.934000 -1.539604 
-0.933000 -1.553557 
-0.932000 -1.567487 
-0.931000 -1.581396 
-0.930000 -1.595281 
-0.929000 -1.609142 
-0.928000 -1.622978 
-0.927000 -1.636788 
-0.926000 -1.650573 
-0.925000 -1.664330 
-0.924000 -1.678059 
-0.923000 -1.691759 
-0.922000 -1.705430 
-0.921000 -1.719070 
-0.920000 -1.732679 
-0.919000 -1.746256 
-0.918000 -1.759800 
-0.917000 -1.773310 
-0.916000 -1.786785 
-0.915000 -1.800224 
-0.914000 -1.813628 
-0.913000 -1.826993 
-0.912000 -1.840321 
-0.911000 -1.853609 
-0.910000 -1.866857 
-0.909000 -1.880064 
-0.908000 -1.893229 
-0.907000 -1.906351 
-0.906000 -1.919430 
-0.905000 -1.932463 
-0.904000 -1.945451 
-0.903000 -1.958392 
-0.902000 -1.971285 
-0.901000 -1.984130 
-0.900000 -1.996925 
-0.899000 -2.009669 
-0.898000 -2.022362 
-0.897000 -2.035002 
-0.896000 -2.047588 
-0.895000 -2.060120 
-0.894000 -2.072596 
-0.893000 -2.085015 
-0.892000 -2.097376 
-0.891000 -2.109678 
-0.890000 -2.121921 
-0.889000 -2.134102 
-0.888000 -2.146222 
-0.887000 -2.158278 
-0.886000 -2.170270 
-0.885000 -2.182196 
-0.884000 -2.194056 
-0.883000 -2.205849 
-0.882000 -2.217573 
-0.881000 -2.229227 
-0.880000 -2.240810 
-0.879000 -2.252322 
-0.878000 -2.263760 
-0.877000 -2.275124 
-0.876000 -2.286412 
-0.875000 -2.297624 
-0.874000 -2.308759 
-0.873000 -2.319814 
-0.872000 -2.330789 
-0.871000 -2.341683 
-0.870000 -2.352495 
-0.869000 -2.363223 
-0.868000 -2.373866 
-0.867000 -2.384424 
-0.866000 -2.394894 
-0.865000 -2.405276 
-0.864000 -2.415568 
-0.863000 -2.425770 
-0.862000 -2.435880 
-0.861000 -2.445896 
-0.860000 -2.455819 
-0.859000 -2.465645 
-0.858000 -2.475375 
-0.857000 -2.485007 
-0.856000 -2.494540 
-0.855000 -2.503972 
-0.854000 -2.513302 
-0.853000 -2.522530 
-0.852000 -2.531653 
-0.851000 -2.540671 
-0.850000 -2.549583 
-0.849000 -2.558386 
-0.848000 -2.567081 
-0.847000 -2.575665 
-0.846000 -2.584137 
-0.845000 -2.592497 
-0.844000 -2.600743 
-0.843000 -2.608873 
-0.842000 -2.616887 
-0.841000 -2.624784 
-0.840000 -2.632561 
-0.839000 -2.640218 
-0.838000 -2.647754 
-0.837000 -2.655167 
-0.836000 -2.662457 
-0.835000 -2.669621 
-0.834000 -2.676659 
-0.833000 -2.683569 
-0.832000 -2.690351 
-0.831000 -2.697003 
-0.830000 -2.703523 
-0.829000 -2.709912 
-0.828000 -2.716167 
-0.827000 -2.722287 
-0.826000 -2.728272 
-0.825000 -2.734119 
-0.824000 -2.739828 
-0.823000 -2.745398 
-0.822000 -2.750827 
-0.821000 -2.756115 
-0.820000 -2.761260 
-0.819000 -2.766261 
-0.818000 -2.771117 
-0.817000 -2.775826 
-0.816000 -2.780389 
-0.815000 -2.784803 
-0.814000 -2.789068 
-0.813000 -2.793182 
-0.812000 -2.797145 
-0.811000 -2.800955 
-0.810000 -2.804611 
-0.809000 -2.808113 
-0.808000 -2.811459 
-0.807000 -2.814648 
-0.806000 -2.817680 
-0.805000 -2.820553 
-0.804000 -2.823266 
-0.803000 -2.825819 
-0.802000 -2.828210 
-0.801000 -2.830439 
-0.800000 -2.832504 
-0.799000 -2.834405 
-0.798000 -2.836141 
-0.797000 -2.837712 
-0.796000 -2.839115 
-0.795000 -2.840350 
-0.794000 -2.841418 
-0.793000 -2.842315 
-0.792000 -2.843043 
-0.791000 -2.843600 
-0.790000 -2.843986 
-0.789000 -2.844200 
-0.788000 -2.844240 
-0.787000 -2.844107 
-0.786000 -2.843800 
-0.785000 -2.843318 
-0.784000 -2.842660 
-0.783000 -2.841826 
-0.782000 -2.840816 
-0.781000 -2.839628 
-0.780000 -2.838263 
-0.779000 -2.836719 
-0.778000 -2.834997 
-0.777000 -2.833096 
-0.776000 -2.831015 
-0.775000 -2.828754 
-0.774000 -2.826312 
-0.773000 -2.823690 
-0.772000 -2.820887 
-0.771000 -2.817902 
-0.770000 -2.814736 
-0.769000 -2.811387 
-0.768000 -2.807857 
-0.767000 -2.804144 
-0.766000 -2.800248 
-0.765000 -2.796170 
-0.764000 -2.791908 
-0.763000 -2.787464 
-0.762000 -2.782837 
-0.761000 -2.778027 
-0.760000 -2.773033 
-0.759000 -2.767857 
-0.758000 -2.762497 
-0.757000 -2.756954 
-0.756000 -2.751228 
-0.755000 -2.745320 
-0.754000 -2.739229 
-0.753000 -2.732955 
-0.752000 -2.726499 
-0.751000 -2.719861 
-0.750000 -2.713041 
-0.749000 -2.706040 
-0.748000 -2.698857 
-0.747000 -2.691494 
-0.746000 -2.683950 
-0.745000 -2.676226 
-0.744000 -2.668322 
-0.743000 -2.660240 
-0.742000 -2.651978 
-0.741000 -2.643538 
-0.740000 -2.634921 
-0.739000 -2.626127 
-0.738000 -2.617156 
-0.737000 -2.608010 
-0.736000 -2.598688 
-0.735000 -2.589192 
-0.734000 -2.579522 
-0.733000 -2.569679 
-0.732000 -2.559664 
-0.731000 -2.549478 
-0.730000 -2.539121 
-0.729000 -2.528595 
-0.728000 -2.517899 
-0.727000 -2.507036 
-0.726000 -2.496006 
-0.725000 -2.484810 
-0.724000 -2.473449 
-0.723000 -2.461924 
-0.722000 -2.450236 
-0.721000 -2.438387 
-0.720000 -2.426376 
-0.719000 -2.414206 
-0.718000 -2.401878 
-0.717000 -2.389392 
-0.716000 -2.376751 
-0.715000 -2.363954 
-0.714000 -2.351004 
-0.713000 -2.337902 
-0.712000 -2.324649 
-0.711000 -2.311246 
-0.710000 -2.297695 
-0.709000 -2.283997 
-0.708000 -2.270153 
-0.707000 -2.256165 
-0.706000 -2.242034 
-0.705000 -2.227763 
-0.704000 -2.213351 
-0.703000 -2.198801 
-0.702000 -2.184114 
-0.701000 -2.169292 
-0.700000 -2.154337 
-0.699000 -2.139249 
-0.698000 -2.124031 
-0.697000 -2.108683 
-0.696000 -2.093209 
-0.695000 -2.077608 
-0.694000 -2.061884 
-0.693000 -2.046037 
-0.692000 -2.030070 
-0.691000 -2.013984 
-0.690000 -1.997780 
-0.689000 -1.981461 
-0.688000 -1.965027 
-0.687000 -1.948482 
-0.686000 -1.931827 
-0.685000 -1.915063 
-0.684000 -1.898192 
-0.683000 -1.881216 
-0.682000 -1.864137 
-0.681000 -1.846957 
-0.680000 -1.829677 
-0.679000 -1.812299 
-0.678000 -1.794826 
-0.677000 -1.777259 
-0.676000 -1.759599 
-0.675000 -1.741849 
-0.674000 -1.724011 
-0.673000 -1.706086 
-0.672000 -1.688076 
-0.671000 -1.669984 
-0.670000 -1.651810 
-0.669000 -1.633558 
-0.668000 -1.615228 
-0.667000 -1.596824 
-0.666000 -1.578345 
-0.665000 -1.559796 
-0.664000 -1.541176 
-0.663000 -1.522489 
-0.662000 -1.503736 
-0.661000 -1.484920 
-0.660000 -1.466041 
-0.659000 -1.447102 
-0.658000 -1.428105 
-0.657000 -1.409052 
-0.656000 -1.389944 
-0.655000 -1.370784 
-0.654000 -1.351573 
-0.653000 -1.332313 
-0.652000 -1.313006 
-0.651000 -1.293654 
-0.650000 -1.274259 
-0.649000 -1.254823 
-0.648000 -1.235347 
-0.647000 -1.215833 
-0.646000 -1.196284 
-0.645000 -1.176701 
-0.644000 -1.157085 
-0.643000 -1.137439 
-0.642000 -1.117765 
-0.641000 -1.098064 
-0.640000 -1.078337 
-0.639000 -1.058588 
-0.638000 -1.038817 
-0.637000 -1.019027 
-0.636000 -0.999218 
-0.635000 -0.979394 
-0.634000 -0.959555 
-0.633000 -0.939703 
-0.632000 -0.919841 
-0.631000 -0.899969 
-0.630000 -0.880089 
-0.629000 -0.860203 
-0.628000 -0.840313 
-0.627000 -0.820420 
-0.626000 -0.800527 
-0.625000 -0.780634 
-0.624000 -0.760743 
-0.623000 -0.740855 
-0.622000 -0.720973 
-0.621000 -0.701098 
-0.620000 -0.681232 
-0.619000 -0.661375 
-0.618000 -0.641530 
-0.617000 -0.621698 
-0.616000 -0.601881 
-0.615000 -0.582079 
-0.614000 -0.562295 
-0.613000 -0.542530 
-0.612000 -0.522785 
-0.611000 -0.503062 
-0.610000 -0.483362 
-0.609000 -0.463687 
-0.608000 -0.444037 
-0.607000 -0.424415 
-0.606000 -0.404822 
-0.605000 -0.385258 
-0.604000 -0.365725 
-0.603000 -0.346225 
-0.602000 -0.326759 
-0.601000 -0.307328 
-0.600000 -0.287933 
-0.599000 -0.268575 
-0.598000 -0.249257 
-0.597000 -0.229978 
-0.596000 -0.210740 
-0.595000 -0.191545 
-0.594000 -0.172393 
-0.593000 -0.153285 
-0.592000 -0.134223 
-0.591000 -0.115208 
-0.590000 -0.096241 
-0.589000 -0.077322 
-0.588000 -0.058453 
-0.587000 -0.039636 
-0.586000 -0.020870 
-0.585000 -0.002157 
-0.584000 0.016502 
-0.583000 0.035106 
-0.582000 0.053654 
-0.581000 0.072145 
-0.580000 0.090579 
-0.579000 0.108954 
-0.578000 0.127269 
-0.577000 0.145525 
-0.576000 0.163719 
-0.575000 0.181851 
-0.574000 0.199920 
-0.573000 0.217925 
-0.572000 0.235866 
-0.571000 0.253742 
-0.570000 0.271552 
-0.569000 0.289295 
-0.568000 0.306970 
-0.567000 0.324577 
-0.566000 0.342116 
-0.565000 0.359584 
-0.564000 0.376983 
-0.563000 0.394310 
-0.562000 0.411566 
-0.561000 0.428750 
-0.560000 0.445861 
-0.559000 0.462899 
-0.558000 0.479862 
-0.557000 0.496751 
-0.556000 0.513565 
-0.555000 0.530303 
-0.554000 0.546965 
-0.553000 0.563550 
-0.552000 0.580058 
-0.551000 0.596488 
-0.550000 0.612840 
-0.549000 0.629113 
-0.548000 0.645307 
-0.547000 0.661421 
-0.546000 0.677456 
-0.545000 0.693409 
-0.544000 0.709282 
-0.543000 0.725074 
-0.542000 0.740784 
-0.541000 0.756412 
-0.540000 0.771958 
-0.539000 0.787420 
-0.538000 0.802800 
-0.537000 0.818097 
-0.536000 0.833309 
-0.535000 0.848438 
-0.534000 0.863482 
-0.533000 0.878442 
-0.532000 0.893316 
-0.531000 0.908106 
-0.530000 0.922810 
-0.529000 0.937429 
-0.528000 0.951961 
-0.527000 0.966408 
-0.526000 0.980768 
-0.525000 0.995042 
-0.524000 1.009229 
-0.523000 1.023329 
-0.522000 1.037342 
-0.521000 1.051267 
-0.520000 1.065106 
-0.519000 1.078856 
-0.518000 1.092519 
-0.517000 1.106094 
-0.516000 1.119581 
-0.515000 1.132980 
-0.514000 1.146291 
-0.513000 1.159513 
-0.512000 1.172647 
-0.511000 1.185693 
-0.510000 1.198650 
-0.509000 1.211518 
-0.508000 1.224298 
-0.507000 1.236988 
-0.506000 1.249590 
-0.505000 1.262103 
-0.504000 1.274528 
-0.503000 1.286863 
-0.502000 1.299109 
-0.501000 1.311266 
-0.500000 1.323335 
-0.499000 1.335314 
-0.498000 1.347204 
-0.497000 1.359005 
-0.496000 1.370718 
-0.495000 1.382341 
-0.494000 1.393875 
-0.493000 1.405321 
-0.492000 1.416677 
-0.491000 1.427945 
-0.490000 1.439124 
-0.489000 1.450214 
-0.488000 1.461216 
-0.487000 1.472128 
-0.486000 1.482953 
-0.485000 1.493688 
-0.484000 1.504336 
-0.483000 1.514895 
-0.482000 1.525366 
-0.481000 1.535748 
-0.480000 1.546043 
-0.479000 1.556249 
-0.478000 1.566368 
-0.477000 1.576399 
-0.476000 1.586342 
-0.475000 1.596197 
-0.474000 1.605965 
-0.473000 1.615646 
-0.472000 1.625240 
-0.471000 1.634746 
-0.470000 1.644166 
-0.469000 1.653498 
-0.468000 1.662744 
-0.467000 1.671904 
-0.466000 1.680977 
-0.465000 1.689964 
-0.464000 1.698864 
-0.463000 1.707679 
-0.462000 1.716408 
-0.461000 1.725051 
-0.460000 1.733609 
-0.459000 1.742081 
-0.458000 1.750468 
-0.457000 1.758771 
-0.456000 1.766988 
-0.455000 1.775121 
-0.454000 1.783169 
-0.453000 1.791132 
-0.452000 1.799012 
-0.451000 1.806808 
-0.450000 1.814520 
-0.449000 1.822148 
-0.448000 1.829693 
-0.447000 1.837154 
-0.446000 1.844533 
-0.445000 1.851828 
-0.444000 1.859041 
-0.443000 1.866172 
-0.442000 1.873220 
-0.441000 1.880186 
-0.440000 1.887070 
-0.439000 1.893872 
-0.438000 1.900593 
-0.437000 1.907233 
-0.436000 1.913791 
-0.435000 1.920269 
-0.434000 1.926666 
-0.433000 1.932982 
-0.432000 1.939218 
-0.431000 1.945374 
-0.430000 1.951450 
-0.429000 1.957446 
-0.428000 1.963363 
-0.427000 1.969201 
-0.426000 1.974960 
-0.425000 1.980639 
-0.424000 1.986241 
-0.423000 1.991763 
-0.422000 1.997208 
-0.421000 2.002575 
-0.420000 2.007863 
-0.419000 2.013075 
-0.418000 2.018208 
-0.417000 2.023265 
-0.416000 2.028245 
-0.415000 2.033148 
-0.414000 2.037975 
-0.413000 2.042725 
-0.412000 2.047400 
-0.411000 2.051998 
-0.410000 2.056521 
-0.409000 2.060969 
-0.408000 2.065341 
-0.407000 2.069638 
-0.406000 2.073861 
-0.405000 2.078009 
-0.404000 2.082083 
-0.403000 2.086082 
-0.402000 2.090008 
-0.401000 2.093860 
-0.400000 2.097639 
-0.399000 2.101344 
-0.398000 2.104977 
-0.397000 2.108536 
-0.396000 2.112023 
-0.395000 2.115438 
-0.394000 2.118780 
-0.393000 2.122051 
-0.392000 2.125250 
-0.391000 2.128377 
-0.390000 2.131433 
-0.389000 2.134418 
-0.388000 2.137332 
-0.387000 2.140176 
-0.386000 2.142949 
-0.385000 2.145652 
-0.384000 2.148285 
-0.383000 2.150848 
-0.382000 2.153341 
-0.381000 2.155765 
-0.380000 2.158120 
-0.379000 2.160406 
-0.378000 2.162623 
-0.377000 2.164772 
-0.376000 2.166852 
-0.375000 2.168864 
-0.374000 2.170809 
-0.373000 2.172685 
-0.372000 2.174494 
-0.371000 2.176236 
-0.370000 2.177911 
-0.369000 2.179519 
-0.368000 2.181060 
-0.367000 2.182535 
-0.366000 2.183943 
-0.365000 2.185285 
-0.364000 2.186562 
-0.363000 2.187773 
-0.362000 2.188918 
-0.361000 2.189998 
-0.360000 2.191013 
-0.359000 2.191963 
-0.358000 2.192849 
-0.357000 2.193670 
-0.356000 2.194426 
-0.355000 2.195119 
-0.354000 2.195748 
-0.353000 2.196313 
-0.352000 2.196814 
-0.351000 2.197252 
-0.350000 2.197627 
-0.349000 2.197939 
-0.348000 2.198189 
-0.347000 2.198375 
-0.346000 2.198500 
-0.345000 2.198562 
-0.344000 2.198562 
-0.343000 2.198500 
-0.342000 2.198377 
-0.341000 2.198192 
-0.340000 2.197946 
-0.339000 2.197639 
-0.338000 2.197271 
-0.337000 2.196843 
-0.336000 2.196353 
-0.335000 2.195804 
-0.334000 2.195194 
-0.333000 2.194524 
-0.332000 2.193795 
-0.331000 2.193005 
-0.330000 2.192156 
-0.329000 2.191248 
-0.328000 2.190281 
-0.327000 2.189255 
-0.326000 2.188170 
-0.325000 2.187026 
-0.324000 2.185824 
-0.323000 2.184564 
-0.322000 2.183245 
-0.321000 2.181869 
-0.320000 2.180434 
-0.319000 2.178942 
-0.318000 2.177393 
-0.317000 2.175786 
-0.316000 2.174123 
-0.315000 2.172402 
-0.314000 2.170624 
-0.313000 2.168790 
-0.312000 2.166899 
-0.311000 2.164952 
-0.310000 2.162949 
-0.309000 2.160890 
-0.308000 2.158774 
-0.307000 2.156604 
-0.306000 2.154377 
-0.305000 2.152095 
-0.304000 2.149758 
-0.303000 2.147366 
-0.302000 2.144919 
-0.301000 2.142417 
-0.300000 2.139860 
-0.299000 2.137249 
-0.298000 2.134583 
-0.297000 2.131863 
-0.296000 2.129090 
-0.295000 2.126262 
-0.294000 2.123380 
-0.293000 2.120445 
-0.292000 2.117456 
-0.291000 2.114414 
-0.290000 2.111319 
-0.289000 2.108170 
-0.288000 2.104969 
-0.287000 2.101715 
-0.286000 2.098408 
-0.285000 2.095048 
-0.284000 2.091637 
-0.283000 2.088173 
-0.282000 2.084656 
-0.281000 2.081088 
-0.280000 2.077468 
-0.279000 2.073796 
-0.278000 2.070073 
-0.277000 2.066298 
-0.276000 2.062472 
-0.275000 2.058594 
-0.274000 2.054665 
-0.273000 2.050686 
-0.272000 2.046655 
-0.271000 2.042574 
-0.270000 2.038443 
-0.269000 2.034260 
-0.268000 2.030028 
-0.267000 2.025745 
-0.266000 2.021412 
-0.265000 2.017029 
-0.264000 2.012596 
-0.263000 2.008114 
-0.262000 2.003582 
-0.261000 1.999000 
-0.260000 1.994369 
-0.259000 1.989688 
-0.258000 1.984959 
-0.257000 1.980180 
-0.256000 1.975353 
-0.255000 1.970476 
-0.254000 1.965551 
-0.253000 1.960578 
-0.252000 1.955555 
-0.251000 1.950485 
-0.250000 1.945366 
-0.249000 1.940199 
-0.248000 1.934984 
-0.247000 1.929721 
-0.246000 1.924410 
-0.245000 1.919052 
-0.244000 1.913645 
-0.243000 1.908192 
-0.242000 1.902690 
-0.241000 1.897142 
-0.240000 1.891546 
-0.239000 1.885903 
-0.238000 1.880214 
-0.237000 1.874477 
-0.236000 1.868693 
-0.235000 1.862863 
-0.234000 1.856986 
-0.233000 1.851063 
-0.232000 1.845093 
-0.231000 1.839077 
-0.230000 1.833015 
-0.229000 1.826906 
-0.228000 1.820752 
-0.227000 1.814552 
-0.226000 1.808306 
-0.225000 1.802014 
-0.224000 1.795676 
-0.223000 1.789293 
-0.222000 1.782864 
-0.221000 1.776391 
-0.220000 1.769871 
-0.219000 1.763307 
-0.218000 1.756698 
-0.217000 1.750043 
-0.216000 1.743344 
-0.215000 1.736600 
-0.214000 1.729811 
-0.213000 1.722977 
-0.212000 1.716099 
-0.211000 1.709177 
-0.210000 1.702210 
-0.209000 1.695199 
-0.208000 1.688143 
-0.207000 1.681044 
-0.206000 1.673901 
-0.205000 1.666713 
-0.204000 1.659482 
-0.203000 1.652207 
-0.202000 1.644888 
-0.201000 1.637526 
-0.200000 1.630120 
-0.199000 1.622671 
-0.198000 1.615178 
-0.197000 1.607642 
-0.196000 1.600063 
-0.195000 1.592441 
-0.194000 1.584776 
-0.193000 1.577068 
-0.192000 1.569317 
-0.191000 1.561523 
-0.190000 1.553687 
-0.189000 1.545808 
-0.188000 1.537887 
-0.187000 1.529923 
-0.186000 1.521916 
-0.185000 1.513868 
-0.184000 1.505777 
-0.183000 1.497644 
-0.182000 1.489469 
-0.181000 1.481252 
-0.180000 1.472993 
-0.179000 1.464693 
-0.178000 1.456350 
-0.177000 1.447966 
-0.176000 1.439541 
-0.175000 1.431074 
-0.174000 1.422565 
-0.173000 1.414015 
-0.172000 1.405424 
-0.171000 1.396792 
-0.170000 1.388119 
-0.169000 1.379404 
-0.168000 1.370649 
-0.167000 1.361853 
-0.166000 1.353016 
-0.165000 1.344138 
-0.164000 1.335220 
-0.163000 1.326261 
-0.162000 1.317262 
-0.161000 1.308222 
-0.160000 1.299142 
-0.159000 1.290021 
-0.158000 1.280861 
-0.157000 1.271660 
-0.156000 1.262420 
-0.155000 1.253139 
-0.154000 1.243819 
-0.153000 1.234459 
-0.152000 1.225059 
-0.151000 1.215620 
-0.150000 1.206141 
-0.149000 1.196623 
-0.148000 1.187065 
-0.147000 1.177468 
-0.146000 1.167832 
-0.145000 1.158156 
-0.144000 1.148442 
-0.143000 1.138688 
-0.142000 1.128896 
-0.141000 1.119065 
-0.140000 1.109195 
-0.139000 1.099287 
-0.138000 1.089340 
-0.137000 1.079354 
-0.136000 1.069330 
-0.135000 1.059268 
-0.134000 1.049168 
-0.133000 1.039029 
-0.132000 1.028853 
-0.131000 1.018638 
-0.130000 1.008385 
-0.129000 0.998095 
-0.128000 0.987767 
-0.127000 0.977402 
-0.126000 0.966998 
-0.125000 0.956558 
-0.124000 0.946080 
-0.123000 0.935565 
-0.122000 0.925012 
-0.121000 0.914423 
-0.120000 0.903796 
-0.119000 0.893133 
-0.118000 0.882433 
-0.117000 0.871696 
-0.116000 0.860922 
-0.115000 0.850112 
-0.114000 0.839265 
-0.113000 0.828382 
-0.112000 0.817463 
-0.111000 0.806508 
-0.110000 0.795517 
-0.109000 0.784489 
-0.108000 0.773426 
-0.107000 0.762327 
-0.106000 0.751193 
-0.105000 0.740022 
-0.104000 0.728817 
-0.103000 0.717576 
-0.102000 0.706300 
-0.101000 0.694988 
-0.100000 0.683642 
-0.099000 0.672261 
-0.098000 0.660845 
-0.097000 0.649394 
-0.096000 0.637909 
-0.095000 0.626389 
-0.094000 0.614835 
-0.093000 0.603246 
-0.092000 0.591624 
-0.091000 0.579967 
-0.090000 0.568277 
-0.089000 0.556553 
-0.088000 0.544795 
-0.087000 0.533003 
-0.086000 0.521179 
-0.085000 0.509321 
-0.084000 0.497429 
-0.083000 0.485505 
-0.082000 0.473548 
-0.081000 0.461558 
-0.080000 0.449535 
-0.079000 0.437480 
-0.078000 0.425393 
-0.077000 0.413273 
-0.076000 0.401121 
-0.075000 0.388937 
-0.074000 0.376721 
-0.073000 0.364474 
-0.072000 0.352195 
-0.071000 0.339885 
-0.070000 0.327544 
-0.069000 0.315171 
-0.068000 0.302767 
-0.067000 0.290333 
-0.066000 0.277868 
-0.065000 0.265373 
-0.064000 0.252847 
-0.063000 0.240291 
-0.062000 0.227705 
-0.061000 0.215089 
-0.060000 0.202443 
-0.059000 0.189768 
-0.058000 0.177064 
-0.057000 0.164331 
-0.056000 0.151568 
-0.055000 0.138777 
-0.054000 0.125957 
-0.053000 0.113108 
-0.052000 0.100232 
-0.051000 0.087327 
-0.050000 0.074394 
-0.049000 0.061434 
-0.048000 0.048446 
-0.047000 0.035431 
-0.046000 0.022388 
-0.045000 0.009319 
-0.044000 -0.003777 
-0.043000 -0.016900 
-0.042000 -0.030049 
-0.041000 -0.043224 
-0.040000 -0.056424 
-0.039000 -0.069651 
-0.038000 -0.082903 
-0.037000 -0.096180 
-0.036000 -0.109483 
-0.035000 -0.122810 
-0.034000 -0.136162 
-0.033000 -0.149538 
-0.032000 -0.162938 
-0.031000 -0.176362 
-0.030000 -0.189809 
-0.029000 -0.203280 
-0.028000 -0.216774 
-0.027000 -0.230291 
-0.026000 -0.243831 
-0.025000 -0.257393 
-0.024000 -0.270977 
-0.023000 -0.284583 
-0.022000 -0.298211 
-0.021000 -0.311860 
-0.020000 -0.325530 
-0.019000 -0.339220 
-0.018000 -0.352932 
-0.017000 -0.366663 
-0.016000 -0.380414 
-0.015000 -0.394185 
-0.014000 -0.407975 
-0.013000 -0.421785 
-0.012000 -0.435613 
-0.011000 -0.449459 
-0.010000 -0.463324 
-0.009000 -0.477206 
-0.008000 -0.491106 
-0.007000 -0.505023 
-0.006000 -0.518957 
-0.005000 -0.532907 
-0.004000 -0.546874 
-0.003000 -0.560856 
-0.002000 -0.574854 
-0.001000 -0.588867 
-0.000000 -0.602895 
0.001000 -0.616938 
0.002000 -0.630994 
0.003000 -0.645064 
0.004000 -0.659148 
0.005000 -0.673244 
0.006000 -0.687353 
0.007000 -0.701474 
0.008000 -0.715607 
0.009000 -0.729752 
0.010000 -0.743908 
0.011000 -0.758074 
0.012000 -0.772250 
0.013000 -0.786437 
0.014000 -0.800633 
0.015000 -0.814837 
0.016000 -0.829051 
0.017000 -0.843272 
0.018000 -0.857501 
0.019000 -0.871738 
0.020000 -0.885981 
0.021000 -0.900231 
0.022000 -0.914486 
0.023000 -0.928747 
0.024000 -0.943013 
0.025000 -0.957283 
0.026000 -0.971558 
0.027000 -0.985836 
0.028000 -1.000117 
0.029000 -1.014401 
0.030000 -1.028686 
0.031000 -1.042974 
0.032000 -1.057262 
0.033000 -1.071551 
0.034000 -1.085839 
0.035000 -1.100128 
0.036000 -1.114415 
0.037000 -1.128700 
0.038000 -1.142984 
0.039000 -1.157264 
0.040000 -1.171542 
0.041000 -1.185815 
0.042000 -1.200084 
0.043000 -1.214348 
0.044000 -1.228607 
0.045000 -1.242859 
0.046000 -1.257104 
0.047000 -1.271342 
0.048000 -1.285572 
0.049000 -1.299794 
0.050000 -1.314006 
0.051000 -1.328208 
0.052000 -1.342400 
0.053000 -1.356580 
0.054000 -1.370749 
0.055000 -1.384905 
0.056000 -1.399048 
0.057000 -1.413178 
0.058000 -1.427293 
0.059000 -1.441392 
0.060000 -1.455476 
0.061000 -1.469543 
0.062000 -1.483593 
0.063000 -1.497624 
0.064000 -1.511637 
0.065000 -1.525631 
0.066000 -1.539604 
0.067000 -1.553557 
0.068000 -1.567487 
0.069000 -1.581396 
0.070000 -1.595281 
0.071000 -1.609142 
0.072000 -1.622978 
0.073000 -1.636788 
0.074000 -1.650573 
0.075000 -1.664330 
0.076000 -1.678059 
0.077000 -1.691759 
0.078000 -1.705430 
0.079000 -1.719070 
0.080000 -1.732679 
0.081000 -1.746256 
0.082000 -1.759800 
0.083000 -1.773310 
0.084000 -1.786785 
0.085000 -1.800224 
0.086000 -1.813628 
0.087000 -1.826993 
0.088000 -1.840321 
0.089000 -1.853609 
0.090000 -1.866857 
0.091000 -1.880064 
0.092000 -1.893229 
0.093000 -1.906351 
0.094000 -1.919430 
0.095000 -1.932463 
0.096000 -1.945451 
0.097000 -1.958392 
0.098000 -1.971285 
0.099000 -1.984130 
0.100000 -1.996925 
0.101000 -2.009669 
0.102000 -2.022362 
0.103000 -2.035002 
0.104000 -2.047588 
0.105000 -2.060120 
0.106000 -2.072596 
0.107000 -2.085015 
0.108000 -2.097376 
0.109000 -2.109678 
0.110000 -2.121921 
0.111000 -2.134102 
0.112000 -2.146222 
0.113000 -2.158278 
0.114000 -2.170270 
0.115000 -2.182196 
0.116000 -2.194056 
0.117000 -2.205849 
0.118000 -2.217573 
0.119000 -2.229227 
0.120000 -2.240810 
0.121000 -2.252322 
0.122000 -2.263760 
0.123000 -2.275124 
0.124000 -2.286412 
0.125000 -2.297624 
0.126000 -2.308759 
0.127000 -2.319814 
0.128000 -2.330789 
0.129000 -2.341683 
0.130000 -2.352495 
0.131000 -2.363223 
0.132000 -2.373866 
0.133000 -2.384424 
0.134000 -2.394894 
0.135000 -2.405276 
0.136000 -2.415568 
0.137000 -2.425770 
0.138000 -2.435880 
0.139000 -2.445896 
0.140000 -2.455819 
0.141000 -2.465645 
0.142000 -2.475375 
0.143000 -2.485007 
0.144000 -2.494540 
0.145000 -2.503972 
0.146000 -2.513302 
0.147000 -2.522530 
0.148000 -2.531653 
0.149000 -2.540671 
0.150000 -2.549583 
0.151000 -2.558386 
0.152000 -2.567081 
0.153000 -2.575665 
0.154000 -2.584137 
0.155000 -2.592497 
0.156000 -2.600743 
0.157000 -2.608873 
0.158000 -2.616887 
0.159000 -2.624784 
0.160000 -2.632561 
0.161000 -2.640218 
0.162000 -2.647754 
0.163000 -2.655167 
0.164000 -2.662457 
0.165000 -2.669621 
0.166000 -2.676659 
0.167000 -2.683569 
0.168000 -2.690351 
0.169000 -2.697003 
0.170000 -2.703523 
0.171000 -2.709912 
0.172000 -2.716167 
0.173000 -2.722287 
0.174000 -2.728272 
0.175000 -2.734119 
0.176000 -2.739828 
0.177000 -2.745398 
0.178000 -2.750827 
0.179000 -2.756115 
0.180000 -2.761260 
0.181000 -2.766261 
0.182000 -2.771117 
0.183000 -2.775826 
0.184000 -2.780389 
0.185000 -2.784803 
0.186000 -2.789068 
0.187000 -2.793182 
0.188000 -2.797145 
0.189000 -2.800955 
0.190000 -2.804611 
0.191000 -2.808113 
0.192000 -2.811459 
0.193000 -2.814648 
0.194000 -2.817680 
0.195000 -2.820553 
0.196000 -2.823266 
0.197000 -2.825819 
0.198000 -2.828210 
0.199000 -2.830439 
0.200000 -2.832504 
0.201000 -2.834405 
0.202000 -2.836141 
0.203000 -2.837712 
0.204000 -2.839115 
0.205000 -2.840350 
0.206000 -2.841418 
0.207000 -2.842315 
0.208000 -2.843043 
0.209000 -2.843600 
0.210000 -2.843986 
0.211000 -2.844200 
0.212000 -2.844240 
0.213000 -2.844107 
0.214000 -2.843800 
0.215000 -2.843318 
0.216000 -2.842660 
0.217000 -2.841826 
0.218000 -2.840816 
0.219000 -2.839628 
0.220000 -2.838263 
0.221000 -2.836719 
0.222000 -2.834997 
0.223000 -2.833096 
0.224000 -2.831015 
0.225000 -2.828754 
0.226000 -2.826312 
0.227000 -2.823690 
0.228000 -2.820887 
0.229000 -2.817902 
0.230000 -2.814736 
0.231000 -2.811387 
0.232000 -2.807857 
0.233000 -2.804144 
0.234000 -2.800248 
0.235000 -2.796170 
0.236000 -2.791908 
0.237000 -2.787464 
0.238000 -2.782837 
0.239000 -2.778027 
0.240000 -2.773033 
0.241000 -2.767857 
0.242000 -2.762497 
0.243000 -2.756954 
0.244000 -2.751228 
0.245000 -2.745320 
0.246000 -2.739229 
0.247000 -2.732955 
0.248000 -2.726499 
0.249000 -2.719861 
0.250000 -2.713041 
0.251000 -2.706040 
0.252000 -2.698857 
0.253000 -2.691494 
0.254000 -2.683950 
0.255000 -2.676226 
0.256000 -2.668322 
0.257000 -2.660240 
0.258000 -2.651978 
0.259000 -2.643538 
0.260000 -2.634921 
0.261000 -2.626127 
0.262000 -2.617156 
0.263000 -2.608010 
0.264000 -2.598688 
0.265000 -2.589192 
0.266000 -2.579522 
0.267000 -2.569679 
0.268000 -2.559664 
0.269000 -2.549478 
0.270000 -2.539121 
0.271000 -2.528595 
0.272000 -2.517899 
0.273000 -2.507036 
0.274000 -2.496006 
0.275000 -2.484810 
0.276000 -2.473449 
0.277000 -2.461924 
0.278000 -2.450236 
0.279000 -2.438387 
0.280000 -2.426376 
0.281000 -2.414206 
0.282000 -2.401878 
0.283000 -2.389392 
0.284000 -2.376751 
0.285000 -2.363954 
0.286000 -2.351004 
0.287000 -2.337902 
0.288000 -2.324649 
0.289000 -2.311246 
0.290000 -2.297695 
0.291000 -2.283997 
0.292000 -2.270153 
0.293000 -2.256165 
0.294000 -2.242034 
0.295000 -2.227763 
0.296000 -2.213351 
0.297000 -2.198801 
0.298000 -2.184114 
0.299000 -2.169292 
0.300000 -2.154337 
0.301000 -2.139249 
0.302000 -2.124031 
0.303000 -2.108683 
0.304000 -2.093209 
0.305000 -2.077608 
0.306000 -2.061884 
0.307000 -2.046037 
0.308000 -2.030070 
0.309000 -2.013984 
0.310000 -1.997780 
0.311000 -1.981461 
0.312000 -1.965027 
0.313000 -1.948482 
0.314000 -1.931827 
0.315000 -1.915063 
0.316000 -1.898192 
0.317000 -1.881216 
0.318000 -1.864137 
0.319000 -1.846957 
0.320000 -1.829677 
0.321000 -1.812299 
0.322000 -1.794826 
0.323000 -1.777259 
0.324000 -1.759599 
0.325000 -1.741849 
0.326000 -1.724011 
0.327000 -1.706086 
0.328000 -1.688076 
0.329000 -1.669984 
0.330000 -1.651810 
0.331000 -1.633558 
0.332000 -1.615228 
0.333000 -1.596824 
0.334000 -1.578345 
0.335000 -1.559796 
0.336000 -1.541176 
0.337000 -1.522489 
0.338000 -1.503736 
0.339000 -1.484920 
0.340000 -1.466041 
0.341000 -1.447102 
0.342000 -1.428105 
0.343000 -1.409052 
0.344000 -1.389944 
0.345000 -1.370784 
0.346000 -1.351573 
0.347000 -1.332313 
0.348000 -1.313006 
0.349000 -1.293654 
0.350000 -1.274259 
0.351000 -1.254823 
0.352000 -1.235347 
0.353000 -1.215833 
0.354000 -1.196284 
0.355000 -1.176701 
0.356000 -1.157085 
0.357000 -1.137439 
0.358000 -1.117765 
0.359000 -1.098064 
0.360000 -1.078337 
0.361000 -1.058588 
0.362000 -1.038817 
0.363000 -1.019027 
0.364000 -0.999218 
0.365000 -0.979394 
0.366000 -0.959555 
0.367000 -0.939703 
0.368000 -0.919841 
0.369000 -0.899969 
0.370000 -0.880089 
0.371000 -0.860203 
0.372000 -0.840313 
0.373000 -0.820420 
0.374000 -0.800527 
0.375000 -0.780634 
0.376000 -0.760743 
0.377000 -0.740855 
0.378000 -0.720973 
0.379000 -0.701098 
0.380000 -0.681232 
0.381000 -0.661375 
0.382000 -0.641530 
0.383000 -0.621698 
0.384000 -0.601881 
0.385000 -0.582079 
0.386000 -0.562295 
0.387000 -0.542530 
0.388000 -0.522785 
0.389000 -0.503062 
0.390000 -0.483362 
0.391000 -0.463687 
0.392000 -0.444037 
0.393000 -0.424415 
0.394000 -0.404822 
0.395000 -0.385258 
0.396000 -0.365725 
0.397000 -0.346225 
0.398000 -0.326759 
0.399000 -0.307328 
0.400000 -0.287933 
0.401000 -0.268575 
0.402000 -0.249257 
0.403000 -0.229978 
0.404000 -0.210740 
0.405000 -0.191545 
0.406000 -0.172393 
0.407000 -0.153285 
0.408000 -0.134223 
0.409000 -0.115208 
0.410000 -0.096241 
0.411000 -0.077322 
0.412000 -0.058453 
0.413000 -0.039636 
0.414000 -0.020870 
0.415000 -0.002157 
0.416000 0.016502 
0.417000 0.035106 
0.418000 0.053654 
0.419000 0.072145 
0.420000 0.090579 
0.421000 0.108954 
0.422000 0.127269 
0.423000 0.145525 
0.424000 0.163719 
0.425000 0.181851 
0.426000 0.199920 
0.427000 0.217925 
0.428000 0.235866 
0.429000 0.253742 
0.430000 0.271552 
0.431000 0.289295 
0.432000 0.306970 
0.433000 0.324577 
0.434000 0.342116 
0.435000 0.359584 
0.436000 0.376983 
0.437000 0.394310 
0.438000 0.411566 
0.439000 0.428750 
0.440000 0.445861 
0.441000 0.462899 
0.442000 0.479862 
0.443000 0.496751 
0.444000 0.513565 
0.445000 0.530303 
0.446000 0.546965 
0.447000 0.563550 
0.448000 0.580058 
0.449000 0.596488 
0.450000 0.612840 
0.451000 0.629113 
0.452000 0.645307 
0.453000 0.661421 
0.454000 0.677456 
0.455000 0.693409 
0.456000 0.709282 
0.457000 0.725074 
0.458000 0.740784 
0.459000 0.756412 
0.460000 0.771958 
0.461000 0.787420 
0.462000 0.802800 
0.463000 0.818097 
0.464000 0.833309 
0.465000 0.848438 
0.466000 0.863482 
0.467000 0.878442 
0.468000 0.893316 
0.469000 0.908106 
0.470000 0.922810 
0.471000 0.937429 
0.472000 0.951961 
0.473000 0.966408 
0.474000 0.980768 
0.475000 0.995042 
0.476000 1.009229 
0.477000 1.023329 
0.478000 1.037342 
0.479000 1.051267 
0.480000 1.065106 
0.481000 1.078856 
0.482000 1.092519 
0.483000 1.106094 
0.484000 1.119581 
0.485000 1.132980 
0.486000 1.146291 
0.487000 1.159513 
0.488000 1.172647 
0.489000 1.185693 
0.490000 1.198650 
0.491000 1.211518 
0.492000 1.224298 
0.493000 1.236988 
0.494000 1.249590 
0.495000 1.262103 
0.496000 1.274528 
0.497000 1.286863 
0.498000 1.299109 
0.499000 1.311266 
0.500000 1.323335 
0.501000 1.335314 
0.502000 1.347204 
0.503000 1.359005 
0.504000 1.370718 
0.505000 1.382341 
0.506000 1.393875 
0.507000 1.405321 
0.508000 1.416677 
0.509000 1.427945 
0.510000 1.439124 
0.511000 1.450214 
0.512000 1.461216 
0.513000 1.472128 
0.514000 1.482953 
0.515000 1.493688 
0.516000 1.504336 
0.517000 1.514895 
0.518000 1.525366 
0.519000 1.535748 
0.520000 1.546043 
0.521000 1.556249 
0.522000 1.566368 
0.523000 1.576399 
0.524000 1.586342 
0.525000 1.596197 
0.526000 1.605965 
0.527000 1.615646 
0.528000 1.625240 
0.529000 1.634746 
0.530000 1.644166 
0.531000 1.653498 
0.532000 1.662744 
0.533000 1.671904 
0.534000 1.680977 
0.535000 1.689964 
0.536000 1.698864 
0.537000 1.707679 
0.538000 1.716408 
0.539000 1.725051 
0.540000 1.733609 
0.541000 1.742081 
0.542000 1.750468 
0.543000 1.758771 
0.544000 1.766988 
0.545000 1.775121 
0.546000 1.783169 
0.547000 1.791132 
0.548000 1.799012 
0.549000 1.806808 
0.550000 1.814520 
0.551000 1.822148 
0.552000 1.829693 
0.553000 1.837154 
0.554000 1.844533 
0.555000 1.851828 
0.556000 1.859041 
0.557000 1.866172 
0.558000 1.873220 
0.559000 1.880186 
0.560000 1.887070 
0.561000 1.893872 
0.562000 1.900593 
0.563000 1.907233 
0.564000 1.913791 
0.565000 1.920269 
0.566000 1.926666 
0.567000 1.932982 
0.568000 1.939218 
0.569000 1.945374 
0.570000 1.951450 
0.571000 1.957446 
0.572000 1.963363 
0.573000 1.969201 
0.574000 1.974960 
0.575000 1.980639 
0.576000 1.986241 
0.577000 1.991763 
0.578000 1.997208 
0.579000 2.002575 
0.580000 2.007863 
0.581000 2.013075 
0.582000 2.018208 
0.583000 2.023265 
0.584000 2.028245 
0.585000 2.033148 
0.586000 2.037975 
0.587000 2.042725 
0.588000 2.047400 
0.589000 2.051998 
0.590000 2.056521 
0.591000 2.060969 
0.592000 2.065341 
0.593000 2.069638 
0.594000 2.073861 
0.595000 2.078009 
0.596000 2.082083 
0.597000 2.086082 
0.598000 2.090008 
0.599000 2.093860 
0.600000 2.097639 
0.601000 2.101344 
0.602000 2.104977 
0.603000 2.108536 
0.604000 2.112023 
0.605000 2.115438 
0.606000 2.118780 
0.607000 2.122051 
0.608000 2.125250 
0.609000 2.128377 
0.610000 2.131433 
0.611000 2.134418 
0.612000 2.137332 
0.613000 2.140176 
0.614000 2.142949 
0.615000 2.145652 
0.616000 2.148285 
0.617000 2.150848 
0.618000 2.153341 
0.619000 2.155765 
0.620000 2.158120 
0.621000 2.160406 
0.622000 2.162623 
0.623000 2.164772 
0.624000 2.166852 
0.625000 2.168864 
0.626000 2.170809 
0.627000 2.172685 
0.628000 2.174494 
0.629000 2.176236 
0.630000 2.177911 
0.631000 2.179519 
0.632000 2.181060 
0.633000 2.182535 
0.634000 2.183943 
0.635000 2.185285 
0.636000 2.186562 
0.637000 2.187773 
0.638000 2.188918 
0.639000 2.189998 
0.640000 2.191013 
0.641000 2.191963 
0.642000 2.192849 
0.643000 2.193670 
0.644000 2.194426 
0.645000 2.195119 
0.646000 2.195748 
0.647000 2.196313 
0.648000 2.196814 
0.649000 2.197252 
0.650000 2.197627 
0.651000 2.197939 
0.652000 2.198189 
0.653000 2.198375 
0.654000 2.198500 
0.655000 2.198562 
0.656000 2.198562 
0.657000 2.198500 
0.658000 2.198377 
0.659000 2.198192 
0.660000 2.197946 
0.661000 2.197639 
0.662000 2.197271 
0.663000 2.196843 
0.664000 2.196353 
0.665000 2.195804 
0.666000 2.195194 
0.667000 2.194524 
0.668000 2.193795 
0.669000 2.193005 
0.670000 2.192156 
0.671000 2.191248 
0.672000 2.190281 
0.673000 2.189255 
0.674000 2.188170 
0.675000 2.187026 
0.676000 2.185824 
0.677000 2.184564 
0.678000 2.183245 
0.679000 2.181869 
0.680000 2.180434 
0.681000 2.178942 
0.682000 2.177393 
0.683000 2.175786 
0.684000 2.174123 
0.685000 2.172402 
0.686000 2.170624 
0.687000 2.168790 
0.688000 2.166899 
0.689000 2.164952 
0.690000 2.162949 
0.691000 2.160890 
0.692000 2.158774 
0.693000 2.156604 
0.694000 2.154377 
0.695000 2.152095 
0.696000 2.149758 
0.697000 2.147366 
0.698000 2.144919 
0.699000 2.142417 
0.700000 2.139860 
0.701000 2.137249 
0.702000 2.134583 
0.703000 2.131863 
0.704000 2.129090 
0.705000 2.126262 
0.706000 2.123380 
0.707000 2.120445 
0.708000 2.117456 
0.709000 2.114414 
0.710000 2.111319 
0.711000 2.108170 
0.712000 2.104969 
0.713000 2.101715 
0.714000 2.098408 
0.715000 2.095048 
0.716000 2.091637 
0.717000 2.088173 
0.718000 2.084656 
0.719000 2.081088 
0.720000 2.077468 
0.721000 2.073796 
0.722000 2.070073 
0.723000 2.066298 
0.724000 2.062472 
0.725000 2.058594 
0.726000 2.054665 
0.727000 2.050686 
0.728000 2.046655 
0.729000 2.042574 
0.730000 2.038443 
0.731000 2.034260 
0.732000 2.030028 
0.733000 2.025745 
0.734000 2.021412 
0.735000 2.017029 
0.736000 2.012596 
0.737000 2.008114 
0.738000 2.003582 
0.739000 1.999000 
0.740000 1.994369 
0.741000 1.989688 
0.742000 1.984959 
0.743000 1.980180 
0.744000 1.975353 
0.745000 1.970476 
0.746000 1.965551 
0.747000 1.960578 
0.748000 1.955555 
0.749000 1.950485 
0.750000 1.945366 
0.751000 1.940199 
0.752000 1.934984 
0.753000 1.929721 
0.754000 1.924410 
0.755000 1.919052 
0.756000 1.913645 
0.757000 1.908192 
0.758000 1.902690 
0.759000 1.897142 
0.760000 1.891546 
0.761000 1.885903 
0.762000 1.880214 
0.763000 1.874477 
0.764000 1.868693 
0.765000 1.862863 
0.766000 1.856986 
0.767000 1.851063 
0.768000 1.845093 
0.769000 1.839077 
0.770000 1.833015 
0.771000 1.826906 
0.772000 1.820752 
0.773000 1.814552 
0.774000 1.808306 
0.775000 1.802014 
0.776000 1.795676 
0.777000 1.789293 
0.778000 1.782864 
0.779000 1.776391 
0.780000 1.769871 
0.781000 1.763307 
0.782000 1.756698 
0.783000 1.750043 
0.784000 1.743344 
0.785000 1.736600 
0.786000 1.729811 
0.787000 1.722977 
0.788000 1.716099 
0.789000 1.709177 
0.790000 1.702210 
0.791000 1.695199 
0.792000 1.688143 
0.793000 1.681044 
0.794000 1.673901 
0.795000 1.666713 
0.796000 1.659482 
0.797000 1.652207 
0.798000 1.644888 
0.799000 1.637526 
0.800000 1.630120 
0.801000 1.622671 
0.802000 1.615178 
0.803000 1.607642 
0.804000 1.600063 
0.805000 1.592441 
0.806000 1.584776 
0.807000 1.577068 
0.808000 1.569317 
0.809000 1.561523 
0.810000 1.553687 
0.811000 1.545808 
0.812000 1.537887 
0.813000 1.529923 
0.814000 1.521916 
0.815000 1.513868 
0.816000 1.505777 
0.817000 1.497644 
0.818000 1.489469 
0.819000 1.481252 
0.820000 1.472993 
0.821000 1.464693 
0.822000 1.456350 
0.823000 1.447966 
0.824000 1.439541 
0.825000 1.431074 
0.826000 1.422565 
0.827000 1.414015 
0.828000 1.405424 
0.829000 1.396792 
0.830000 1.388119 
0.831000 1.379404 
0.832000 1.370649 
0.833000 1.361853 
0.834000 1.353016 
0.835000 1.344138 
0.836000 1.335220 
0.837000 1.326261 
0.838000 1.317262 
0.839000 1.308222 
0.840000 1.299142 
0.841000 1.290021 
0.842000 1.280861 
0.843000 1.271660 
0.844000 1.262420 
0.845000 1.253139 
0.846000 1.243819 
0.847000 1.234459 
0.848000 1.225059 
0.849000 1.215620 
0.850000 1.206141 
0.851000 1.196623 
0.852000 1.187065 
0.853000 1.177468 
0.854000 1.167832 
0.855000 1.158156 
0.856000 1.148442 
0.857000 1.138688 
0.858000 1.128896 
0.859000 1.119065 
0.860000 1.109195 
0.861000 1.099287 
0.862000 1.089340 
0.863000 1.079354 
0.864000 1.069330 
0.865000 1.059268 
0.866000 1.049168 
0.867000 1.039029 
0.868000 1.028853 
0.869000 1.018638 
0.870000 1.008385 
0.871000 0.998095 
0.872000 0.987767 
0.873000 0.977402 
0.874000 0.966998 
0.875000 0.956558 
0.876000 0.946080 
0.877000 0.935565 
0.878000 0.925012 
0.879000 0.914423 
0.880000 0.903796 
0.881000 0.893133 
0.882000 0.882433 
0.883000 0.871696 
0.884000 0.860922 
0.885000 0.850112 
0.886000 0.839265 
0.887000 0.828382 
0.888000 0.817463 
0.889000 0.806508 
0.890000 0.795517 
0.891000 0.784489 
0.892000 0.773426 
0.893000 0.762327 
0.894000 0.751193 
0.895000 0.740022 
0.896000 0.728817 
0.897000 0.717576 
0.898000 0.706300 
0.899000 0.694988 
0.900000 0.683642 
0.901000 0.672261 
0.902000 0.660845 
0.903000 0.649394 
0.904000 0.637909 
0.905000 0.626389 
0.906000 0.614835 
0.907000 0.603246 
0.908000 0.591624 
0.909000 0.579967 
0.910000 0.568277 
0.911000 0.556553 
0.912000 0.544795 
0.913000 0.533003 
0.914000 0.521179 
0.915000 0.509321 
0.916000 0.497429 
0.917000 0.485505 
0.918000 0.473548 
0.919000 0.461558 
0.920000 0.449535 
0.921000 0.437480 
0.922000 0.425393 
0.923000 0.413273 
0.924000 0.401121 
0.925000 0.388937 
0.926000 0.376721 
0.927000 0.364474 
0.928000 0.352195 
0.929000 0.339885 
0.930000 0.327544 
0.931000 0.315171 
0.932000 0.302767 
0.933000 0.290333 
0.934000 0.277868 
0.935000 0.265373 
0.936000 0.252847 
0.937000 0.240291 
0.938000 0.227705 
0.939000 0.215089 
0.940000 0.202443 
0.941000 0.189768 
0.942000 0.177064 
0.943000 0.164331 
0.944000 0.151568 
0.945000 0.138777 
0.946000 0.125957 
0.947000 0.113108 
0.948000 0.100232 
0.949000 0.087327 
0.950000 0.074394 
0.951000 0.061434 
0.952000 0.048446 
0.953000 0.035431 
0.954000 0.022388 
0.955000 0.009319 
0.956000 -0.003777 
0.957000 -0.016900 
0.958000 -0.030049 
0.959000 -0.043224 
0.960000 -0.056424 
0.961000 -0.069651 
0.962000 -0.082903 
0.963000 -0.096180 
0.964000 -0.109483 
0.965000 -0.122810 
0.966000 -0.136162 
0.967000 -0.149538 
0.968000 -0.162938 
0.969000 -0.176362 
0.970000 -0.189809 
0.971000 -0.203280 
0.972000 -0.216774 
0.973000 -0.230291 
0.974000 -0.243831 
0.975000 -0.257393 
0.976000 -0.270977 
0.977000 -0.284583 
0.978000 -0.298211 
0.979000 -0.311860 
0.980000 -0.325530 
0.981000 -0.339220 
0.982000 -0.352932 
0.983000 -0.366663 
0.984000 -0.380414 
0.985000 -0.394185 
0.986000 -0.407975 
0.987000 -0.421785 
0.988000 -0.435613 
0.989000 -0.449459 
0.990000 -0.463324 
0.991000 -0.477206 
0.992000 -0.491106 
0.993000 -0.505023 
0.994000 -0.518957 
0.995000 -0.532907 
0.996000 -0.546874 
0.997000 -0.560856 
0.998000 -0.574854 
0.999000 -0.588867 
1.000000 -0.602895 
1.001000 -0.616938 
1.002000 -0.630994 
1.003000 -0.645064 
1.004000 -0.659148 
1.005000 -0.673244 
1.006000 -0.687353 
1.007000 -0.701474 
1.008000 -0.715607 
1.009000 -0.729752 
1.010000 -0.743908 
1.011000 -0.758074 
1.012000 -0.772250 
1.013000 -0.786437 
1.014000 -0.800633 
1.015000 -0.814837 
1.016000 -0.829051 
1.017000 -0.843272 
1.018000 -0.857501 
1.019000 -0.871738 
1.020000 -0.885981 
1.021000 -0.900231 
1.022000 -0.914486 
1.023000 -0.928747 
1.024000 -0.943013 
1.025000 -0.957283 
1.026000 -0.971558 
1.027000 -0.985836 
1.028000 -1.000117 
1.029000 -1.014401 
1.030000 -1.028686 
1.031000 -1.042974 
1.032000 -1.057262 
1.033000 -1.071551 
1.034000 -1.085839 
1.035000 -1.100128 
1.036000 -1.114415 
1.037000 -1.128700 
1.038000 -1.142984 
1.039000 -1.157264 
1.040000 -1.171542 
1.041000 -1.185815 
1.042000 -1.200084 
1.043000 -1.214348 
1.044000 -1.228607 
1.045000 -1.242859 
1.046000 -1.257104 
1.047000 -1.271342 
1.048000 -1.285572 
1.049000 -1.299794 
1.050000 -1.314006 
1.051000 -1.328208 
1.052000 -1.342400 
1.053000 -1.356580 
1.054000 -1.370749 
1.055000 -1.384905 
1.056000 -1.399048 
1.057000 -1.413178 
1.058000 -1.427293 
1.059000 -1.441392 
1.060000 -1.455476 
1.061000 -1.469543 
1.062000 -1.483593 
1.063000 -1.497624 
1.064000 -1.511637 
1.065000 -1.525631 
1.066000 -1.539604 
1.067000 -1.553557 
1.068000 -1.567487 
1.069000 -1.581396 
1.070000 -1.595281 
1.071000 -1.609142 
1.072000 -1.622978 
1.073000 -1.636788 
1.074000 -1.650573 
1.075000 -1.664330 
1.076000 -1.678059 
1.077000 -1.691759 
1.078000 -1.705430 
1.079000 -1.719070 
1.080000 -1.732679 
1.081000 -1.746256 
1.082000 -1.759800 
1.083000 -1.773310 
1.084000 -1.786785 
1.085000 -1.800224 
1.086000 -1.813628 
1.087000 -1.826993 
1.088000 -1.840321 
1.089000 -1.853609 
1.090000 -1.866857 
1.091000 -1.880064 
1.092000 -1.893229 
1.093000 -1.906351 
1.094000 -1.919430 
1.095000 -1.932463 
1.096000 -1.945451 
1.097000 -1.958392 
1.098000 -1.971285 
1.099000 -1.984130 
1.100000 -1.996925 
1.101000 -2.009669 
1.102000 -2.022362 
1.103000 -2.035002 
1.104000 -2.047588 
1.105000 -2.060120 
1.106000 -2.072596 
1.107000 -2.085015 
1.108000 -2.097376 
1.109000 -2.109678 
1.110000 -2.121921 
1.111000 -2.134102 
1.112000 -2.146222 
1.113000 -2.158278 
1.114000 -2.170270 
1.115000 -2.182196 
1.116000 -2.194056 
1.117000 -2.205849 
1.118000 -2.217573 
1.119000 -2.229227 
1.120000 -2.240810 
1.121000 -2.252322 
1.122000 -2.263760 
1.123000 -2.275124 
1.124000 -2.286412 
1.125000 -2.297624 
1.126000 -2.308759 
1.127000 -2.319814 
1.128000 -2.330789 
1.129000 -2.341683 
1.130000 -2.352495 
1.131000 -2.363223 
1.132000 -2.373866 
1.133000 -2.384424 
1.134000 -2.394894 
1.135000 -2.405276 
1.136000 -2.415568 
1.137000 -2.425770 
1.138000 -2.435880 
1.139000 -2.445896 
1.140000 -2.455819 
1.141000 -2.465645 
1.142000 -2.475375 
1.143000 -2.485007 
1.144000 -2.494540 
1.145000 -2.503972 
1.146000 -2.513302 
1.147000 -2.522530 
1.148000 -2.531653 
1.149000 -2.540671 
1.150000 -2.549583 
1.151000 -2.558386 
1.152000 -2.567081 
1.153000 -2.575665 
1.154000 -2.584137 
1.155000 -2.592497 
1.156000 -2.600743 
1.157000 -2.608873 
1.158000 -2.616887 
1.159000 -2.624784 
1.160000 -2.632561 
1.161000 -2.640218 
1.162000 -2.647754 
1.163000 -2.655167 
1.164000 -2.662457 
1.165000 -2.669621 
1.166000 -2.676659 
1.167000 -2.683569 
1.168000 -2.690351 
1.169000 -2.697003 
1.170000 -2.703523 
1.171000 -2.709912 
1.172000 -2.716167 
1.173000 -2.722287 
1.174000 -2.728272 
1.175000 -2.734119 
1.176000 -2.739828 
1.177000 -2.745398 
1.178000 -2.750827 
1.179000 -2.756115 
1.180000 -2.761260 
1.181000 -2.766261 
1.182000 -2.771117 
1.183000 -2.775826 
1.184000 -2.780389 
1.185000 -2.784803 
1.186000 -2.789068 
1.187000 -2.793182 
1.188000 -2.797145 
1.189000 -2.800955 
1.190000 -2.804611 
1.191000 -2.808113 
1.192000 -2.811459 
1.193000 -2.814648 
1.194000 -2.817680 
1.195000 -2.820553 
1.196000 -2.823266 
1.197000 -2.825819 
1.198000 -2.828210 
1.199000 -2.830439 
1.200000 -2.832504 
1.201000 -2.834405 
1.202000 -2.836141 
1.203000 -2.837712 
1.204000 -2.839115 
1.205000 -2.840350 
1.206000 -2.841418 
1.207000 -2.842315 
1.208000 -2.843043 
1.209000 -2.843600 
1.210000 -2.843986 
1.211000 -2.844200 
1.212000 -2.844240 
1.213000 -2.844107 
1.214000 -2.843800 
1.215000 -2.843318 
1.216000 -2.842660 
1.217000 -2.841826 
1.218000 -2.840816 
1.219000 -2.839628 
1.220000 -2.838263 
1.221000 -2.836719 
1.222000 -2.834997 
1.223000 -2.833096 
1.224000 -2.831015 
1.225000 -2.828754 
1.226000 -2.826312 
1.227000 -2.823690 
1.228000 -2.820887 
1.229000 -2.817902 
1.230000 -2.814736 
1.231000 -2.811387 
1.232000 -2.807857 
1.233000 -2.804144 
1.234000 -2.800248 
1.235000 -2.796170 
1.236000 -2.791908 
1.237000 -2.787464 
1.238000 -2.782837 
1.239000 -2.778027 
1.240000 -2.773033 
1.241000 -2.767857 
1.242000 -2.762497 
1.243000 -2.756954 
1.244000 -2.751228 
1.245000 -2.745320 
1.246000 -2.739229 
1.247000 -2.732955 
1.248000 -2.726499 
1.249000 -2.719861 
1.250000 -2.713041 
1.251000 -2.706040 
1.252000 -2.698857 
1.253000 -2.691494 
1.254000 -2.683950 
1.255000 -2.676226 
1.256000 -2.668322 
1.257000 -2.660240 
1.258000 -2.651978 
1.259000 -2.643538 
1.260000 -2.634921 
1.261000 -2.626127 
1.262000 -2.617156 
1.263000 -2.608010 
1.264000 -2.598688 
1.265000 -2.589192 
1.266000 -2.579522 
1.267000 -2.569679 
1.268000 -2.559664 
1.269000 -2.549478 
1.270000 -2.539121 
1.271000 -2.528595 
1.272000 -2.517899 
1.273000 -2.507036 
1.274000 -2.496006 
1.275000 -2.484810 
1.276000 -2.473449 
1.277000 -2.461924 
1.278000 -2.450236 
1.279000 -2.438387 
1.280000 -2.426376 
1.281000 -2.414206 
1.282000 -2.401878 
1.283000 -2.389392 
1.284000 -2.376751 
1.285000 -2.363954 
1.286000 -2.351004 
1.287000 -2.337902 
1.288000 -2.324649 
1.289000 -2.311246 
1.290000 -2.297695 
1.291000 -2.283997 
1.292000 -2.270153 
1.293000 -2.256165 
1.294000 -2.242034 
1.295000 -2.227763 
1.296000 -2.213351 
1.297000 -2.198801 
1.298000 -2.184114 
1.299000 -2.169292 
1.300000 -2.154337 
1.301000 -2.139249 
1.302000 -2.124031 
1.303000 -2.108683 
1.304000 -2.093209 
1.305000 -2.077608 
1.306000 -2.061884 
1.307000 -2.046037 
1.308000 -2.030070 
1.309000 -2.013984 
1.310000 -1.997780 
1.311000 -1.981461 
1.312000 -1.965027 
1.313000 -1.948482 
1.314000 -1.931827 
1.315000 -1.915063 
1.316000 -1.898192 
1.317000 -1.881216 
1.318000 -1.864137 
1.319000 -1.846957 
1.320000 -1.829677 
1.321000 -1.812299 
1.322000 -1.794826 
1.323000 -1.777259 
1.324000 -1.759599 
1.325000 -1.741849 
1.326000 -1.724011 
1.327000 -1.706086 
1.328000 -1.688076 
1.329000 -1.669984 
1.330000 -1.651810 
1.331000 -1.633558 
1.332000 -1.615228 
1.333000 -1.596824 
1.334000 -1.578345 
1.335000 -1.559796 
1.336000 -1.541176 
1.337000 -1.522489 
1.338000 -1.503736 
1.339000 -1.484920 
1.340000 -1.466041 
1.341000 -1.447102 
1.342000 -1.428105 
1.343000 -1.409052 
1.344000 -1.389944 
1.345000 -1.370784 
1.346000 -1.351573 
1.347000 -1.332313 
1.348000 -1.313006 
1.349000 -1.293654 
1.350000 -1.274259 
1.351000 -1.254823 
1.352000 -1.235347 
1.353000 -1.215833 
1.354000 -1.196284 
1.355000 -1.176701 
1.356000 -1.157085 
1.357000 -1.137439 
1.358000 -1.117765 
1.359000 -1.098064 
1.360000 -1.078337 
1.361000 -1.058588 
1.362000 -1.038817 
1.363000 -1.019027 
1.364000 -0.999218 
1.365000 -0.979394 
1.366000 -0.959555 
1.367000 -0.939703 
1.368000 -0.919841 
1.369000 -0.899969 
1.370000 -0.880089 
1.371000 -0.860203 
1.372000 -0.840313 
1.373000 -0.820420 
1.374000 -0.800527 
1.375000 -0.780634 
1.376000 -0.760743 
1.377000 -0.740855 
1.378000 -0.720973 
1.379000 -0.701098 
1.380000 -0.681232 
1.381000 -0.661375 
1.382000 -0.641530 
1.383000 -0.621698 
1.384000 -0.601881 
1.385000 -0.582079 
1.386000 -0.562295 
1.387000 -0.542530 
1.388000 -0.522785 
1.389000 -0.503062 
1.390000 -0.483362 
1.391000 -0.463687 
1.392000 -0.444037 
1.393000 -0.424415 
1.394000 -0.404822 
1.395000 -0.385258 
1.396000 -0.365725 
1.397000 -0.346225 
1.398000 -0.326759 
1.399000 -0.307328 
1.400000 -0.287933 
1.401000 -0.268575 
1.402000 -0.249257 
1.403000 -0.229978 
1.404000 -0.210740 
1.405000 -0.191545 
1.406000 -0.172393 
1.407000 -0.153285 
1.408000 -0.134223 
1.409000 -0.115208 
1.410000 -0.096241 
1.411000 -0.077322 
1.412000 -0.058453 
1.413000 -0.039636 
1.414000 -0.020870 
1.415000 -0.002157 
1.416000 0.016502 
1.417000 0.035106 
1.418000 0.053654 
1.419000 0.072145 
1.420000 0.090579 
1.421000 0.108954 
1.422000 0.127269 
1.423000 0.145525 
1.424000 0.163719 
1.425000 0.181851 
1.426000 0.199920 
1.427000 0.217925 
1.428000 0.235866 
1.429000 0.253742 
1.430000 0.271552 
1.431000 0.289295 
1.432000 0.306970 
1.433000 0.324577 
1.434000 0.342116 
1.435000 0.359584 
1.436000 0.376983 
1.437000 0.394310 
1.438000 0.411566 
1.439000 0.428750 
1.440000 0.445861 
1.441000 0.462899 
1.442000 0.479862 
1.443000 0.496751 
1.444000 0.513565 
1.445000 0.530303 
1.446000 0.546965 
1.447000 0.563550 
1.448000 0.580058 
1.449000 0.596488 
1.450000 0.612840 
1.451000 0.629113 
1.452000 0.645307 
1.453000 0.661421 
1.454000 0.677456 
1.455000 0.693409 
1.456000 0.709282 
1.457000 0.725074 
1.458000 0.740784 
1.459000 0.756412 
1.460000 0.771958 
1.461000 0.787420 
1.462000 0.802800 
1.463000 0.818097 
1.464000 0.833309 
1.465000 0.848438 
1.466000 0.863482 
1.467000 0.878442 
1.468000 0.893316 
1.469000 0.908106 
1.470000 0.922810 
1.471000 0.937429 
1.472000 0.951961 
1.473000 0.966408 
1.474000 0.980768 
1.475000 0.995042 
1.476000 1.009229 
1.477000 1.023329 
1.478000 1.037342 
1.479000 1.051267 
1.480000 1.065106 
1.481000 1.078856 
1.482000 1.092519 
1.483000 1.106094 
1.484000 1.119581 
1.485000 1.132980 
1.486000 1.146291 
1.487000 1.159513 
1.488000 1.172647 
1.489000 1.185693 
1.490000 1.198650 
1.491000 1.211518 
1.492000 1.224298 
1.493000 1.236988 
1.494000 1.249590 
1.495000 1.262103 
1.496000 1.274528 
1.497000 1.286863 
1.498000 1.299109 
1.499000 1.311266 
