# time Tc_folded Tref_folded model model_err 
59329.481866 0.000000 0.000000    -0.027042     0.241508 
59329.519476 0.000000 0.000000    -0.021766     0.241410 
59329.557086 0.000000 0.000000    -0.016355     0.241299 
59329.594696 0.000000 0.000000    -0.010813     0.241174 
59329.632306 0.000000 0.000000    -0.005148     0.241036 
59329.669917 0.000000 0.000000     0.000636     0.240884 
59329.707527 0.000000 0.000000     0.006533     0.240720 
59329.745137 0.000000 0.000000     0.012535     0.240543 
59329.782747 0.000000 0.000000     0.018638     0.240353 
59329.820357 0.000000 0.000000     0.024834     0.240151 
59329.857967 0.000000 0.000000     0.031116     0.239937 
59329.895578 0.000000 0.000000     0.037478     0.239712 
59329.933188 0.000000 0.000000     0.043913     0.239475 
59329.970798 0.000000 0.000000     0.050413     0.239228 
59330.008408 0.000000 0.000000     0.056972     0.238970 
59330.046018 0.000000 0.000000     0.063581     0.238702 
59330.083628 0.000000 0.000000     0.070233     0.238425 
59330.121238 0.000000 0.000000     0.076921     0.238139 
59330.158849 0.000000 0.000000     0.083637     0.237845 
59330.196459 0.000000 0.000000     0.090373     0.237543 
59330.234069 0.000000 0.000000     0.097122     0.237233 
59330.271679 0.000000 0.000000     0.103875     0.236917 
59330.309289 0.000000 0.000000     0.110624     0.236594 
59330.346899 0.000000 0.000000     0.117361     0.236266 
59330.384510 0.000000 0.000000     0.124079     0.235933 
59330.422120 0.000000 0.000000     0.130770     0.235596 
59330.459730 0.000000 0.000000     0.137425     0.235254 
59330.497340 0.000000 0.000000     0.144036     0.234909 
59330.534950 0.000000 0.000000     0.150595     0.234562 
59330.572560 0.000000 0.000000     0.157095     0.234212 
59330.610170 0.000000 0.000000     0.163527     0.233861 
59330.647781 0.000000 0.000000     0.169884     0.233510 
59330.685391 0.000000 0.000000     0.176157     0.233158 
59330.723001 0.000000 0.000000     0.182340     0.232806 
59330.760611 0.000000 0.000000     0.188423     0.232455 
59330.798221 0.000000 0.000000     0.194401     0.232105 
59330.835831 0.000000 0.000000     0.200264     0.231757 
59330.873442 0.000000 0.000000     0.206006     0.231412 
59330.911052 0.000000 0.000000     0.211620     0.231070 
59330.948662 0.000000 0.000000     0.217098     0.230731 
59330.986272 0.000000 0.000000     0.222434     0.230396 
59331.023882 0.000000 0.000000     0.227620     0.230065 
59331.061492 0.000000 0.000000     0.232651     0.229739 
59331.099102 0.000000 0.000000     0.237519     0.229419 
59331.136713 0.000000 0.000000     0.242218     0.229104 
59331.174323 0.000000 0.000000     0.246743     0.228795 
59331.211933 0.000000 0.000000     0.251086     0.228492 
59331.249543 0.000000 0.000000     0.255243     0.228197 
59331.287153 0.000000 0.000000     0.259208     0.227908 
59331.324763 0.000000 0.000000     0.262976     0.227626 
59331.362374 0.000000 0.000000     0.266541     0.227352 
59331.399984 0.000000 0.000000     0.269900     0.227085 
59331.437594 0.000000 0.000000     0.273046     0.226827 
59331.475204 0.000000 0.000000     0.275976     0.226576 
59331.512814 0.000000 0.000000     0.278687     0.226334 
59331.550424 0.000000 0.000000     0.281173     0.226100 
59331.588035 0.000000 0.000000     0.283431     0.225875 
59331.625645 0.000000 0.000000     0.285459     0.225657 
59331.663255 0.000000 0.000000     0.287253     0.225449 
59331.700865 0.000000 0.000000     0.288810     0.225249 
59331.738475 0.000000 0.000000     0.290128     0.225057 
59331.776085 0.000000 0.000000     0.291205     0.224874 
59331.813695 0.000000 0.000000     0.292039     0.224699 
59331.851306 0.000000 0.000000     0.292628     0.224532 
59331.888916 0.000000 0.000000     0.292970     0.224374 
59331.926526 0.000000 0.000000     0.293066     0.224223 
59331.964136 0.000000 0.000000     0.292914     0.224081 
59332.001746 0.000000 0.000000     0.292514     0.223945 
59332.039356 0.000000 0.000000     0.291865     0.223818 
59332.076967 0.000000 0.000000     0.290968     0.223697 
59332.114577 0.000000 0.000000     0.289824     0.223583 
59332.152187 0.000000 0.000000     0.288432     0.223476 
59332.189797 0.000000 0.000000     0.286795     0.223375 
59332.227407 0.000000 0.000000     0.284912     0.223280 
59332.265017 0.000000 0.000000     0.282787     0.223190 
59332.302627 0.000000 0.000000     0.280421     0.223106 
59332.340238 0.000000 0.000000     0.277816     0.223026 
59332.377848 0.000000 0.000000     0.274975     0.222951 
59332.415458 0.000000 0.000000     0.271901     0.222880 
59332.453068 0.000000 0.000000     0.268595     0.222813 
59332.490678 0.000000 0.000000     0.265063     0.222748 
59332.528288 0.000000 0.000000     0.261307     0.222687 
59332.565899 0.000000 0.000000     0.257331     0.222628 
59332.603509 0.000000 0.000000     0.253140     0.222570 
59332.641119 0.000000 0.000000     0.248737     0.222514 
59332.678729 0.000000 0.000000     0.244128     0.222459 
59332.716339 0.000000 0.000000     0.239317     0.222404 
59332.753949 0.000000 0.000000     0.234310     0.222349 
59332.791559 0.000000 0.000000     0.229111     0.222294 
59332.829170 0.000000 0.000000     0.223726     0.222238 
59332.866780 0.000000 0.000000     0.218161     0.222180 
59332.904390 0.000000 0.000000     0.212421     0.222120 
59332.942000 0.000000 0.000000     0.206514     0.222058 
59332.979610 0.000000 0.000000     0.200445     0.221994 
59333.017220 0.000000 0.000000     0.194221     0.221926 
59333.054831 0.000000 0.000000     0.187848     0.221854 
59333.092441 0.000000 0.000000     0.181333     0.221779 
59333.130051 0.000000 0.000000     0.174684     0.221699 
59333.167661 0.000000 0.000000     0.167907     0.221614 
59333.205271 0.000000 0.000000     0.161010     0.221525 
59333.242881 0.000000 0.000000     0.154000     0.221430 
59333.280492 0.000000 0.000000     0.146884     0.221329 
59333.318102 0.000000 0.000000     0.139670     0.221223 
59333.355712 0.000000 0.000000     0.132367     0.221110 
59333.393322 0.000000 0.000000     0.124981     0.220991 
59333.430932 0.000000 0.000000     0.117520     0.220866 
59333.468542 0.000000 0.000000     0.109993     0.220734 
59333.506152 0.000000 0.000000     0.102407     0.220596 
59333.543763 0.000000 0.000000     0.094771     0.220451 
59333.581373 0.000000 0.000000     0.087092     0.220300 
59333.618983 0.000000 0.000000     0.079379     0.220142 
59333.656593 0.000000 0.000000     0.071639     0.219977 
59333.694203 0.000000 0.000000     0.063881     0.219807 
59333.731813 0.000000 0.000000     0.056113     0.219630 
59333.769424 0.000000 0.000000     0.048342     0.219448 
59333.807034 0.000000 0.000000     0.040577     0.219260 
59333.844644 0.000000 0.000000     0.032826     0.219067 
59333.882254 0.000000 0.000000     0.025097     0.218869 
59333.919864 0.000000 0.000000     0.017398     0.218668 
59333.957474 0.000000 0.000000     0.009735     0.218462 
59333.995084 0.000000 0.000000     0.002118     0.218254 
59334.032695 0.000000 0.000000    -0.005446     0.218043 
59334.070305 0.000000 0.000000    -0.012950     0.217831 
59334.107915 0.000000 0.000000    -0.020387     0.217618 
59334.145525 0.000000 0.000000    -0.027748     0.217404 
59334.183135 0.000000 0.000000    -0.035027     0.217192 
59334.220745 0.000000 0.000000    -0.042217     0.216981 
59334.258356 0.000000 0.000000    -0.049311     0.216772 
59334.295966 0.000000 0.000000    -0.056302     0.216568 
59334.333576 0.000000 0.000000    -0.063184     0.216368 
59334.371186 0.000000 0.000000    -0.069950     0.216173 
59334.408796 0.000000 0.000000    -0.076594     0.215986 
59334.446406 0.000000 0.000000    -0.083110     0.215807 
59334.484016 0.000000 0.000000    -0.089491     0.215637 
59334.521627 0.000000 0.000000    -0.095734     0.215477 
59334.559237 0.000000 0.000000    -0.101831     0.215329 
59334.596847 0.000000 0.000000    -0.107777     0.215193 
59334.634457 0.000000 0.000000    -0.113568     0.215071 
59334.672067 0.000000 0.000000    -0.119199     0.214964 
59334.709677 0.000000 0.000000    -0.124666     0.214874 
59334.747288 0.000000 0.000000    -0.129963     0.214800 
59334.784898 0.000000 0.000000    -0.135086     0.214745 
59334.822508 0.000000 0.000000    -0.140033     0.214710 
59334.860118 0.000000 0.000000    -0.144798     0.214694 
59334.897728 0.000000 0.000000    -0.149380     0.214700 
59334.935338 0.000000 0.000000    -0.153774     0.214728 
59334.972949 0.000000 0.000000    -0.157977     0.214778 
59335.010559 0.000000 0.000000    -0.161988     0.214852 
59335.048169 0.000000 0.000000    -0.165803     0.214950 
59335.085779 0.000000 0.000000    -0.169421     0.215072 
59335.123389 0.000000 0.000000    -0.172839     0.215218 
59335.160999 0.000000 0.000000    -0.176056     0.215390 
59335.198609 0.000000 0.000000    -0.179071     0.215587 
59335.236220 0.000000 0.000000    -0.181882     0.215808 
59335.273830 0.000000 0.000000    -0.184489     0.216055 
59335.311440 0.000000 0.000000    -0.186891     0.216326 
59335.349050 0.000000 0.000000    -0.189088     0.216622 
59335.386660 0.000000 0.000000    -0.191079     0.216941 
59335.424270 0.000000 0.000000    -0.192865     0.217284 
59335.461881 0.000000 0.000000    -0.194446     0.217649 
59335.499491 0.000000 0.000000    -0.195823     0.218036 
59335.537101 0.000000 0.000000    -0.196996     0.218444 
59335.574711 0.000000 0.000000    -0.197968     0.218871 
59335.612321 0.000000 0.000000    -0.198739     0.219317 
59335.649931 0.000000 0.000000    -0.199311     0.219781 
59335.687541 0.000000 0.000000    -0.199685     0.220261 
59335.725152 0.000000 0.000000    -0.199865     0.220756 
59335.762762 0.000000 0.000000    -0.199851     0.221264 
59335.800372 0.000000 0.000000    -0.199648     0.221784 
59335.837982 0.000000 0.000000    -0.199257     0.222315 
59335.875592 0.000000 0.000000    -0.198681     0.222856 
59335.913202 0.000000 0.000000    -0.197923     0.223404 
59335.950813 0.000000 0.000000    -0.196988     0.223957 
59335.988423 0.000000 0.000000    -0.195878     0.224516 
59336.026033 0.000000 0.000000    -0.194597     0.225078 
59336.063643 0.000000 0.000000    -0.193149     0.225641 
59336.101253 0.000000 0.000000    -0.191537     0.226204 
59336.138863 0.000000 0.000000    -0.189767     0.226765 
59336.176473 0.000000 0.000000    -0.187843     0.227324 
59336.214084 0.000000 0.000000    -0.185768     0.227878 
59336.251694 0.000000 0.000000    -0.183549     0.228427 
59336.289304 0.000000 0.000000    -0.181188     0.228969 
59336.326914 0.000000 0.000000    -0.178692     0.229502 
59336.364524 0.000000 0.000000    -0.176065     0.230026 
59336.402134 0.000000 0.000000    -0.173313     0.230540 
59336.439745 0.000000 0.000000    -0.170440     0.231041 
59336.477355 0.000000 0.000000    -0.167452     0.231531 
59336.514965 0.000000 0.000000    -0.164354     0.232006 
59336.552575 0.000000 0.000000    -0.161152     0.232468 
59336.590185 0.000000 0.000000    -0.157851     0.232914 
59336.627795 0.000000 0.000000    -0.154456     0.233345 
59336.665406 0.000000 0.000000    -0.150974     0.233759 
59336.703016 0.000000 0.000000    -0.147410     0.234156 
59336.740626 0.000000 0.000000    -0.143769     0.234536 
59336.778236 0.000000 0.000000    -0.140058     0.234899 
59336.815846 0.000000 0.000000    -0.136281     0.235243 
59336.853456 0.000000 0.000000    -0.132445     0.235570 
59336.891066 0.000000 0.000000    -0.128555     0.235879 
59336.928677 0.000000 0.000000    -0.124617     0.236171 
59336.966287 0.000000 0.000000    -0.120637     0.236444 
59337.003897 0.000000 0.000000    -0.116620     0.236700 
59337.041507 0.000000 0.000000    -0.112571     0.236939 
59337.079117 0.000000 0.000000    -0.108497     0.237162 
59337.116727 0.000000 0.000000    -0.104403     0.237368 
59337.154338 0.000000 0.000000    -0.100293     0.237559 
59337.191948 0.000000 0.000000    -0.096174     0.237735 
59337.229558 0.000000 0.000000    -0.092051     0.237897 
59337.267168 0.000000 0.000000    -0.087928     0.238047 
59337.304778 0.000000 0.000000    -0.083812     0.238184 
59337.342388 0.000000 0.000000    -0.079706     0.238311 
59337.379998 0.000000 0.000000    -0.075616     0.238427 
59337.417609 0.000000 0.000000    -0.071546     0.238535 
59337.455219 0.000000 0.000000    -0.067502     0.238636 
59337.492829 0.000000 0.000000    -0.063487     0.238731 
59337.530439 0.000000 0.000000    -0.059506     0.238821 
59337.568049 0.000000 0.000000    -0.055563     0.238908 
59337.605659 0.000000 0.000000    -0.051663     0.238994 
59337.643270 0.000000 0.000000    -0.047809     0.239079 
59337.680880 0.000000 0.000000    -0.044005     0.239166 
59337.718490 0.000000 0.000000    -0.040255     0.239256 
59337.756100 0.000000 0.000000    -0.036563     0.239350 
59337.793710 0.000000 0.000000    -0.032930     0.239451 
59337.831320 0.000000 0.000000    -0.029362     0.239560 
59337.868930 0.000000 0.000000    -0.025861     0.239677 
59337.906541 0.000000 0.000000    -0.022429     0.239806 
59337.944151 0.000000 0.000000    -0.019069     0.239947 
59337.981761 0.000000 0.000000    -0.015785     0.240101 
59338.019371 0.000000 0.000000    -0.012577     0.240270 
59338.056981 0.000000 0.000000    -0.009449     0.240455 
59338.094591 0.000000 0.000000    -0.006402     0.240658 
59338.132202 0.000000 0.000000    -0.003438     0.240879 
59338.169812 0.000000 0.000000    -0.000558     0.241120 
59338.207422 0.000000 0.000000     0.002235     0.241380 
59338.245032 0.000000 0.000000     0.004941     0.241661 
59338.282642 0.000000 0.000000     0.007559     0.241964 
59338.320252 0.000000 0.000000     0.010088     0.242288 
59338.357863 0.000000 0.000000     0.012527     0.242635 
59338.395473 0.000000 0.000000     0.014876     0.243003 
59338.433083 0.000000 0.000000     0.017134     0.243394 
59338.470693 0.000000 0.000000     0.019301     0.243806 
59338.508303 0.000000 0.000000     0.021377     0.244240 
59338.545913 0.000000 0.000000     0.023362     0.244695 
59338.583523 0.000000 0.000000     0.025258     0.245171 
59338.621134 0.000000 0.000000     0.027063     0.245666 
59338.658744 0.000000 0.000000     0.028779     0.246179 
59338.696354 0.000000 0.000000     0.030407     0.246710 
59338.733964 0.000000 0.000000     0.031948     0.247258 
59338.771574 0.000000 0.000000     0.033402     0.247820 
59338.809184 0.000000 0.000000     0.034771     0.248397 
59338.846795 0.000000 0.000000     0.036057     0.248985 
59338.884405 0.000000 0.000000     0.037261     0.249584 
59338.922015 0.000000 0.000000     0.038385     0.250191 
59338.959625 0.000000 0.000000     0.039430     0.250806 
59338.997235 0.000000 0.000000     0.040399     0.251426 
59339.034845 0.000000 0.000000     0.041294     0.252049 
59339.072455 0.000000 0.000000     0.042116     0.252673 
59339.110066 0.000000 0.000000     0.042868     0.253298 
59339.147676 0.000000 0.000000     0.043552     0.253919 
59339.185286 0.000000 0.000000     0.044171     0.254537 
59339.222896 0.000000 0.000000     0.044728     0.255148 
59339.260506 0.000000 0.000000     0.045224     0.255751 
59339.298116 0.000000 0.000000     0.045663     0.256343 
59339.335727 0.000000 0.000000     0.046048     0.256924 
59339.373337 0.000000 0.000000     0.046380     0.257491 
59339.410947 0.000000 0.000000     0.046664     0.258042 
59339.448557 0.000000 0.000000     0.046902     0.258576 
59339.486167 0.000000 0.000000     0.047097     0.259090 
59339.523777 0.000000 0.000000     0.047252     0.259584 
59339.561387 0.000000 0.000000     0.047370     0.260056 
59339.598998 0.000000 0.000000     0.047454     0.260504 
59339.636608 0.000000 0.000000     0.047507     0.260926 
59339.674218 0.000000 0.000000     0.047532     0.261323 
59339.711828 0.000000 0.000000     0.047533     0.261691 
59339.749438 0.000000 0.000000     0.047512     0.262031 
59339.787048 0.000000 0.000000     0.047472     0.262340 
59339.824659 0.000000 0.000000     0.047417     0.262619 
59339.862269 0.000000 0.000000     0.047348     0.262866 
59339.899879 0.000000 0.000000     0.047271     0.263081 
59339.937489 0.000000 0.000000     0.047186     0.263262 
59339.975099 0.000000 0.000000     0.047098     0.263410 
59340.012709 0.000000 0.000000     0.047008     0.263524 
59340.050320 0.000000 0.000000     0.046921     0.263604 
59340.087930 0.000000 0.000000     0.046837     0.263649 
59340.125540 0.000000 0.000000     0.046761     0.263660 
59340.163150 0.000000 0.000000     0.046694     0.263636 
59340.200760 0.000000 0.000000     0.046640     0.263578 
59340.238370 0.000000 0.000000     0.046599     0.263486 
59340.275980 0.000000 0.000000     0.046576     0.263361 
59340.313591 0.000000 0.000000     0.046571     0.263203 
59340.351201 0.000000 0.000000     0.046588     0.263014 
59340.388811 0.000000 0.000000     0.046627     0.262793 
59340.426421 0.000000 0.000000     0.046692     0.262542 
59340.464031 0.000000 0.000000     0.046783     0.262263 
59340.501641 0.000000 0.000000     0.046902     0.261956 
59340.539252 0.000000 0.000000     0.047051     0.261623 
59340.576862 0.000000 0.000000     0.047232     0.261266 
59340.614472 0.000000 0.000000     0.047445     0.260887 
59340.652082 0.000000 0.000000     0.047692     0.260488 
59340.689692 0.000000 0.000000     0.047973     0.260071 
59340.727302 0.000000 0.000000     0.048291     0.259638 
59340.764912 0.000000 0.000000     0.048644     0.259191 
59340.802523 0.000000 0.000000     0.049035     0.258734 
59340.840133 0.000000 0.000000     0.049463     0.258269 
59340.877743 0.000000 0.000000     0.049929     0.257800 
59340.915353 0.000000 0.000000     0.050433     0.257328 
59340.952963 0.000000 0.000000     0.050975     0.256858 
59340.990573 0.000000 0.000000     0.051555     0.256393 
59341.028184 0.000000 0.000000     0.052173     0.255935 
59341.065794 0.000000 0.000000     0.052828     0.255490 
59341.103404 0.000000 0.000000     0.053521     0.255059 
59341.141014 0.000000 0.000000     0.054249     0.254647 
59341.178624 0.000000 0.000000     0.055013     0.254258 
59341.216234 0.000000 0.000000     0.055811     0.253895 
59341.253844 0.000000 0.000000     0.056643     0.253562 
59341.291455 0.000000 0.000000     0.057508     0.253262 
59341.329065 0.000000 0.000000     0.058403     0.252998 
59341.366675 0.000000 0.000000     0.059328     0.252775 
59341.404285 0.000000 0.000000     0.060280     0.252596 
59341.441895 0.000000 0.000000     0.061259     0.252463 
59341.479505 0.000000 0.000000     0.062263     0.252379 
59341.517116 0.000000 0.000000     0.063289     0.252347 
59341.554726 0.000000 0.000000     0.064335     0.252369 
59341.592336 0.000000 0.000000     0.065400     0.252448 
59341.629946 0.000000 0.000000     0.066481     0.252585 
59341.667556 0.000000 0.000000     0.067575     0.252780 
59341.705166 0.000000 0.000000     0.068680     0.253036 
59341.742777 0.000000 0.000000     0.069794     0.253353 
59341.780387 0.000000 0.000000     0.070915     0.253731 
59341.817997 0.000000 0.000000     0.072038     0.254170 
59341.855607 0.000000 0.000000     0.073162     0.254669 
59341.893217 0.000000 0.000000     0.074284     0.255227 
59341.930827 0.000000 0.000000     0.075400     0.255844 
59341.968437 0.000000 0.000000     0.076508     0.256517 
59342.006048 0.000000 0.000000     0.077605     0.257244 
59342.043658 0.000000 0.000000     0.078687     0.258024 
59342.081268 0.000000 0.000000     0.079751     0.258853 
59342.118878 0.000000 0.000000     0.080795     0.259729 
59342.156488 0.000000 0.000000     0.081816     0.260648 
59342.194098 0.000000 0.000000     0.082809     0.261608 
59342.231709 0.000000 0.000000     0.083771     0.262605 
59342.269319 0.000000 0.000000     0.084700     0.263635 
59342.306929 0.000000 0.000000     0.085592     0.264695 
59342.344539 0.000000 0.000000     0.086445     0.265782 
59342.382149 0.000000 0.000000     0.087254     0.266890 
59342.419759 0.000000 0.000000     0.088016     0.268017 
59342.457369 0.000000 0.000000     0.088729     0.269159 
59342.494980 0.000000 0.000000     0.089389     0.270312 
59342.532590 0.000000 0.000000     0.089993     0.271472 
59342.570200 0.000000 0.000000     0.090538     0.272635 
59342.607810 0.000000 0.000000     0.091021     0.273799 
59342.645420 0.000000 0.000000     0.091439     0.274958 
59342.683030 0.000000 0.000000     0.091789     0.276111 
59342.720641 0.000000 0.000000     0.092068     0.277254 
59342.758251 0.000000 0.000000     0.092274     0.278383 
59342.795861 0.000000 0.000000     0.092403     0.279495 
59342.833471 0.000000 0.000000     0.092454     0.280588 
59342.871081 0.000000 0.000000     0.092424     0.281658 
59342.908691 0.000000 0.000000     0.092310     0.282704 
59342.946301 0.000000 0.000000     0.092110     0.283721 
59342.983912 0.000000 0.000000     0.091822     0.284709 
59343.021522 0.000000 0.000000     0.091443     0.285664 
59343.059132 0.000000 0.000000     0.090973     0.286584 
59343.096742 0.000000 0.000000     0.090409     0.287468 
59343.134352 0.000000 0.000000     0.089749     0.288313 
59343.171962 0.000000 0.000000     0.088991     0.289117 
59343.209573 0.000000 0.000000     0.088135     0.289880 
59343.247183 0.000000 0.000000     0.087179     0.290598 
59343.284793 0.000000 0.000000     0.086122     0.291271 
59343.322403 0.000000 0.000000     0.084963     0.291898 
59343.360013 0.000000 0.000000     0.083701     0.292477 
59343.397623 0.000000 0.000000     0.082336     0.293008 
59343.435234 0.000000 0.000000     0.080866     0.293488 
59343.472844 0.000000 0.000000     0.079292     0.293917 
59343.510454 0.000000 0.000000     0.077613     0.294295 
59343.548064 0.000000 0.000000     0.075830     0.294621 
59343.585674 0.000000 0.000000     0.073942     0.294894 
59343.623284 0.000000 0.000000     0.071950     0.295113 
59343.660894 0.000000 0.000000     0.069854     0.295279 
59343.698505 0.000000 0.000000     0.067655     0.295390 
59343.736115 0.000000 0.000000     0.065353     0.295448 
59343.773725 0.000000 0.000000     0.062950     0.295451 
59343.811335 0.000000 0.000000     0.060447     0.295399 
59343.848945 0.000000 0.000000     0.057845     0.295293 
59343.886555 0.000000 0.000000     0.055146     0.295133 
59343.924166 0.000000 0.000000     0.052351     0.294919 
59343.961776 0.000000 0.000000     0.049462     0.294651 
59343.999386 0.000000 0.000000     0.046481     0.294330 
59344.036996 0.000000 0.000000     0.043411     0.293956 
59344.074606 0.000000 0.000000     0.040253     0.293530 
59344.112216 0.000000 0.000000     0.037010     0.293053 
59344.149826 0.000000 0.000000     0.033685     0.292525 
59344.187437 0.000000 0.000000     0.030280     0.291947 
59344.225047 0.000000 0.000000     0.026799     0.291321 
59344.262657 0.000000 0.000000     0.023244     0.290646 
59344.300267 0.000000 0.000000     0.019619     0.289925 
59344.337877 0.000000 0.000000     0.015927     0.289159 
59344.375487 0.000000 0.000000     0.012172     0.288348 
59344.413098 0.000000 0.000000     0.008357     0.287495 
59344.450708 0.000000 0.000000     0.004486     0.286601 
59344.488318 0.000000 0.000000     0.000562     0.285667 
59344.525928 0.000000 0.000000    -0.003409     0.284695 
59344.563538 0.000000 0.000000    -0.007424     0.283687 
59344.601148 0.000000 0.000000    -0.011479     0.282645 
59344.638758 0.000000 0.000000    -0.015569     0.281571 
59344.676369 0.000000 0.000000    -0.019690     0.280466 
59344.713979 0.000000 0.000000    -0.023838     0.279334 
59344.751589 0.000000 0.000000    -0.028008     0.278176 
59344.789199 0.000000 0.000000    -0.032195     0.276995 
59344.826809 0.000000 0.000000    -0.036395     0.275792 
59344.864419 0.000000 0.000000    -0.040603     0.274572 
59344.902030 0.000000 0.000000    -0.044813     0.273335 
59344.939640 0.000000 0.000000    -0.049022     0.272085 
59344.977250 0.000000 0.000000    -0.053224     0.270826 
59345.014860 0.000000 0.000000    -0.057414     0.269558 
59345.052470 0.000000 0.000000    -0.061588     0.268286 
59345.090080 0.000000 0.000000    -0.065740     0.267012 
59345.127691 0.000000 0.000000    -0.069865     0.265740 
59345.165301 0.000000 0.000000    -0.073959     0.264472 
59345.202911 0.000000 0.000000    -0.078015     0.263211 
59345.240521 0.000000 0.000000    -0.082031     0.261961 
59345.278131 0.000000 0.000000    -0.085999     0.260724 
59345.315741 0.000000 0.000000    -0.089917     0.259504 
59345.353351 0.000000 0.000000    -0.093777     0.258303 
59345.390962 0.000000 0.000000    -0.097577     0.257124 
59345.428572 0.000000 0.000000    -0.101311     0.255971 
59345.466182 0.000000 0.000000    -0.104974     0.254846 
59345.503792 0.000000 0.000000    -0.108561     0.253752 
59345.541402 0.000000 0.000000    -0.112069     0.252691 
59345.579012 0.000000 0.000000    -0.115492     0.251665 
59345.616623 0.000000 0.000000    -0.118827     0.250678 
59345.654233 0.000000 0.000000    -0.122068     0.249730 
59345.691843 0.000000 0.000000    -0.125212     0.248824 
59345.729453 0.000000 0.000000    -0.128255     0.247962 
59345.767063 0.000000 0.000000    -0.131192     0.247144 
59345.804673 0.000000 0.000000    -0.134020     0.246372 
59345.842283 0.000000 0.000000    -0.136734     0.245647 
59345.879894 0.000000 0.000000    -0.139333     0.244969 
59345.917504 0.000000 0.000000    -0.141811     0.244339 
59345.955114 0.000000 0.000000    -0.144166     0.243757 
59345.992724 0.000000 0.000000    -0.146395     0.243222 
59346.030334 0.000000 0.000000    -0.148494     0.242735 
59346.067944 0.000000 0.000000    -0.150462     0.242294 
59346.105555 0.000000 0.000000    -0.152294     0.241898 
59346.143165 0.000000 0.000000    -0.153989     0.241547 
59346.180775 0.000000 0.000000    -0.155545     0.241239 
59346.218385 0.000000 0.000000    -0.156959     0.240972 
59346.255995 0.000000 0.000000    -0.158229     0.240745 
59346.293605 0.000000 0.000000    -0.159355     0.240556 
59346.331215 0.000000 0.000000    -0.160333     0.240402 
59346.368826 0.000000 0.000000    -0.161164     0.240281 
59346.406436 0.000000 0.000000    -0.161845     0.240191 
59346.444046 0.000000 0.000000    -0.162376     0.240130 
59346.481656 0.000000 0.000000    -0.162757     0.240095 
59346.519266 0.000000 0.000000    -0.162986     0.240084 
59346.556876 0.000000 0.000000    -0.163064     0.240094 
59346.594487 0.000000 0.000000    -0.162990     0.240123 
59346.632097 0.000000 0.000000    -0.162765     0.240168 
59346.669707 0.000000 0.000000    -0.162389     0.240228 
59346.707317 0.000000 0.000000    -0.161862     0.240299 
59346.744927 0.000000 0.000000    -0.161185     0.240379 
59346.782537 0.000000 0.000000    -0.160359     0.240467 
59346.820148 0.000000 0.000000    -0.159386     0.240560 
59346.857758 0.000000 0.000000    -0.158267     0.240657 
59346.895368 0.000000 0.000000    -0.157003     0.240755 
59346.932978 0.000000 0.000000    -0.155597     0.240852 
59346.970588 0.000000 0.000000    -0.154050     0.240947 
59347.008198 0.000000 0.000000    -0.152364     0.241039 
59347.045808 0.000000 0.000000    -0.150543     0.241126 
59347.083419 0.000000 0.000000    -0.148588     0.241207 
59347.121029 0.000000 0.000000    -0.146503     0.241281 
59347.158639 0.000000 0.000000    -0.144290     0.241347 
59347.196249 0.000000 0.000000    -0.141953     0.241403 
59347.233859 0.000000 0.000000    -0.139495     0.241451 
59347.271469 0.000000 0.000000    -0.136920     0.241487 
59347.309080 0.000000 0.000000    -0.134231     0.241513 
59347.346690 0.000000 0.000000    -0.131433     0.241528 
59347.384300 0.000000 0.000000    -0.128529     0.241532 
59347.421910 0.000000 0.000000    -0.125523     0.241524 
59347.459520 0.000000 0.000000    -0.122421     0.241505 
59347.497130 0.000000 0.000000    -0.119226     0.241475 
59347.534740 0.000000 0.000000    -0.115944     0.241433 
59347.572351 0.000000 0.000000    -0.112578     0.241381 
59347.609961 0.000000 0.000000    -0.109135     0.241318 
59347.647571 0.000000 0.000000    -0.105618     0.241246 
59347.685181 0.000000 0.000000    -0.102034     0.241164 
59347.722791 0.000000 0.000000    -0.098387     0.241073 
59347.760401 0.000000 0.000000    -0.094683     0.240975 
59347.798012 0.000000 0.000000    -0.090927     0.240869 
59347.835622 0.000000 0.000000    -0.087125     0.240756 
59347.873232 0.000000 0.000000    -0.083282     0.240638 
59347.910842 0.000000 0.000000    -0.079404     0.240515 
59347.948452 0.000000 0.000000    -0.075497     0.240388 
59347.986062 0.000000 0.000000    -0.071566     0.240259 
59348.023672 0.000000 0.000000    -0.067617     0.240127 
59348.061283 0.000000 0.000000    -0.063656     0.239994 
59348.098893 0.000000 0.000000    -0.059689     0.239861 
59348.136503 0.000000 0.000000    -0.055722     0.239729 
59348.174113 0.000000 0.000000    -0.051760     0.239599 
59348.211723 0.000000 0.000000    -0.047810     0.239471 
59348.249333 0.000000 0.000000    -0.043877     0.239346 
59348.286944 0.000000 0.000000    -0.039967     0.239227 
59348.324554 0.000000 0.000000    -0.036086     0.239112 
59348.362164 0.000000 0.000000    -0.032239     0.239003 
59348.399774 0.000000 0.000000    -0.028433     0.238900 
59348.437384 0.000000 0.000000    -0.024672     0.238805 
59348.474994 0.000000 0.000000    -0.020963     0.238717 
59348.512605 0.000000 0.000000    -0.017310     0.238638 
59348.550215 0.000000 0.000000    -0.013720     0.238568 
59348.587825 0.000000 0.000000    -0.010197     0.238506 
59348.625435 0.000000 0.000000    -0.006747     0.238454 
59348.663045 0.000000 0.000000    -0.003374     0.238411 
59348.700655 0.000000 0.000000    -0.000085     0.238378 
59348.738265 0.000000 0.000000     0.003118     0.238355 
59348.775876 0.000000 0.000000     0.006227     0.238341 
59348.813486 0.000000 0.000000     0.009241     0.238337 
59348.851096 0.000000 0.000000     0.012153     0.238342 
59348.888706 0.000000 0.000000     0.014959     0.238356 
59348.926316 0.000000 0.000000     0.017657     0.238379 
59348.963926 0.000000 0.000000     0.020240     0.238411 
59349.001537 0.000000 0.000000     0.022707     0.238450 
59349.039147 0.000000 0.000000     0.025053     0.238497 
59349.076757 0.000000 0.000000     0.027275     0.238551 
59349.114367 0.000000 0.000000     0.029370     0.238610 
59349.151977 0.000000 0.000000     0.031335     0.238676 
59349.189587 0.000000 0.000000     0.033167     0.238746 
59349.227197 0.000000 0.000000     0.034863     0.238821 
59349.264808 0.000000 0.000000     0.036421     0.238899 
59349.302418 0.000000 0.000000     0.037840     0.238979 
59349.340028 0.000000 0.000000     0.039117     0.239062 
59349.377638 0.000000 0.000000     0.040251     0.239146 
59349.415248 0.000000 0.000000     0.041239     0.239229 
59349.452858 0.000000 0.000000     0.042082     0.239313 
59349.490469 0.000000 0.000000     0.042778     0.239395 
59349.528079 0.000000 0.000000     0.043326     0.239476 
59349.565689 0.000000 0.000000     0.043725     0.239553 
59349.603299 0.000000 0.000000     0.043977     0.239627 
59349.640909 0.000000 0.000000     0.044079     0.239698 
59349.678519 0.000000 0.000000     0.044034     0.239763 
59349.716129 0.000000 0.000000     0.043841     0.239823 
59349.753740 0.000000 0.000000     0.043500     0.239878 
59349.791350 0.000000 0.000000     0.043014     0.239925 
59349.828960 0.000000 0.000000     0.042383     0.239967 
59349.866570 0.000000 0.000000     0.041608     0.240000 
59349.904180 0.000000 0.000000     0.040692     0.240027 
59349.941790 0.000000 0.000000     0.039636     0.240045 
59349.979401 0.000000 0.000000     0.038442     0.240055 
59350.017011 0.000000 0.000000     0.037114     0.240057 
59350.054621 0.000000 0.000000     0.035652     0.240050 
59350.092231 0.000000 0.000000     0.034061     0.240035 
59350.129841 0.000000 0.000000     0.032343     0.240011 
59350.167451 0.000000 0.000000     0.030501     0.239979 
59350.205062 0.000000 0.000000     0.028540     0.239938 
59350.242672 0.000000 0.000000     0.026463     0.239889 
59350.280282 0.000000 0.000000     0.024273     0.239832 
59350.317892 0.000000 0.000000     0.021975     0.239768 
59350.355502 0.000000 0.000000     0.019574     0.239695 
59350.393112 0.000000 0.000000     0.017073     0.239616 
59350.430722 0.000000 0.000000     0.014477     0.239531 
59350.468333 0.000000 0.000000     0.011791     0.239439 
59350.505943 0.000000 0.000000     0.009021     0.239342 
59350.543553 0.000000 0.000000     0.006171     0.239239 
59350.581163 0.000000 0.000000     0.003247     0.239133 
59350.618773 0.000000 0.000000     0.000254     0.239022 
59350.656383 0.000000 0.000000    -0.002802     0.238909 
59350.693994 0.000000 0.000000    -0.005915     0.238793 
59350.731604 0.000000 0.000000    -0.009080     0.238675 
59350.769214 0.000000 0.000000    -0.012291     0.238557 
59350.806824 0.000000 0.000000    -0.015541     0.238439 
59350.844434 0.000000 0.000000    -0.018824     0.238321 
59350.882044 0.000000 0.000000    -0.022135     0.238205 
59350.919654 0.000000 0.000000    -0.025466     0.238090 
59350.957265 0.000000 0.000000    -0.028811     0.237979 
59350.994875 0.000000 0.000000    -0.032164     0.237872 
59351.032485 0.000000 0.000000    -0.035519     0.237769 
59351.070095 0.000000 0.000000    -0.038868     0.237671 
59351.107705 0.000000 0.000000    -0.042205     0.237579 
59351.145315 0.000000 0.000000    -0.045524     0.237494 
59351.182926 0.000000 0.000000    -0.048818     0.237416 
59351.220536 0.000000 0.000000    -0.052080     0.237346 
59351.258146 0.000000 0.000000    -0.055303     0.237284 
59351.295756 0.000000 0.000000    -0.058482     0.237231 
59351.333366 0.000000 0.000000    -0.061609     0.237187 
59351.370976 0.000000 0.000000    -0.064679     0.237153 
59351.408586 0.000000 0.000000    -0.067684     0.237129 
59351.446197 0.000000 0.000000    -0.070618     0.237115 
59351.483807 0.000000 0.000000    -0.073475     0.237111 
59351.521417 0.000000 0.000000    -0.076249     0.237119 
59351.559027 0.000000 0.000000    -0.078933     0.237136 
59351.596637 0.000000 0.000000    -0.081521     0.237165 
59351.634247 0.000000 0.000000    -0.084009     0.237204 
59351.671858 0.000000 0.000000    -0.086388     0.237254 
59351.709468 0.000000 0.000000    -0.088655     0.237314 
59351.747078 0.000000 0.000000    -0.090803     0.237385 
59351.784688 0.000000 0.000000    -0.092827     0.237465 
59351.822298 0.000000 0.000000    -0.094721     0.237555 
59351.859908 0.000000 0.000000    -0.096482     0.237653 
59351.897519 0.000000 0.000000    -0.098103     0.237760 
59351.935129 0.000000 0.000000    -0.099579     0.237875 
59351.972739 0.000000 0.000000    -0.100908     0.237998 
59352.010349 0.000000 0.000000    -0.102083     0.238127 
59352.047959 0.000000 0.000000    -0.103101     0.238263 
59352.085569 0.000000 0.000000    -0.103958     0.238404 
59352.123179 0.000000 0.000000    -0.104650     0.238549 
59352.160790 0.000000 0.000000    -0.105173     0.238699 
59352.198400 0.000000 0.000000    -0.105525     0.238851 
59352.236010 0.000000 0.000000    -0.105702     0.239006 
59352.273620 0.000000 0.000000    -0.105702     0.239163 
59352.311230 0.000000 0.000000    -0.105521     0.239320 
59352.348840 0.000000 0.000000    -0.105158     0.239477 
59352.386451 0.000000 0.000000    -0.104611     0.239634 
59352.424061 0.000000 0.000000    -0.103877     0.239788 
59352.461671 0.000000 0.000000    -0.102955     0.239940 
59352.499281 0.000000 0.000000    -0.101844     0.240089 
59352.536891 0.000000 0.000000    -0.100543     0.240233 
59352.574501 0.000000 0.000000    -0.099051     0.240372 
59352.612111 0.000000 0.000000    -0.097368     0.240506 
59352.649722 0.000000 0.000000    -0.095493     0.240633 
59352.687332 0.000000 0.000000    -0.093426     0.240753 
59352.724942 0.000000 0.000000    -0.091168     0.240865 
59352.762552 0.000000 0.000000    -0.088720     0.240969 
59352.800162 0.000000 0.000000    -0.086082     0.241064 
59352.837772 0.000000 0.000000    -0.083255     0.241148 
59352.875383 0.000000 0.000000    -0.080242     0.241223 
59352.912993 0.000000 0.000000    -0.077043     0.241287 
59352.950603 0.000000 0.000000    -0.073661     0.241340 
59352.988213 0.000000 0.000000    -0.070098     0.241381 
59353.025823 0.000000 0.000000    -0.066356     0.241410 
59353.063433 0.000000 0.000000    -0.062439     0.241427 
59353.101043 0.000000 0.000000    -0.058349     0.241431 
59353.138654 0.000000 0.000000    -0.054090     0.241423 
59353.176264 0.000000 0.000000    -0.049666     0.241401 
59353.213874 0.000000 0.000000    -0.045079     0.241365 
59353.251484 0.000000 0.000000    -0.040335     0.241317 
59353.289094 0.000000 0.000000    -0.035438     0.241255 
59353.326704 0.000000 0.000000    -0.030393     0.241179 
59353.364315 0.000000 0.000000    -0.025203     0.241089 
59353.401925 0.000000 0.000000    -0.019874     0.240987 
59353.439535 0.000000 0.000000    -0.014413     0.240870 
59353.477145 0.000000 0.000000    -0.008823     0.240740 
59353.514755 0.000000 0.000000    -0.003110     0.240597 
59353.552365 0.000000 0.000000     0.002718     0.240441 
59353.589976 0.000000 0.000000     0.008657     0.240272 
59353.627586 0.000000 0.000000     0.014700     0.240090 
59353.665196 0.000000 0.000000     0.020841     0.239896 
59353.702806 0.000000 0.000000     0.027072     0.239690 
59353.740416 0.000000 0.000000     0.033388     0.239472 
59353.778026 0.000000 0.000000     0.039781     0.239242 
59353.815636 0.000000 0.000000     0.046244     0.239002 
59353.853247 0.000000 0.000000     0.052770     0.238752 
59353.890857 0.000000 0.000000     0.059352     0.238491 
59353.928467 0.000000 0.000000     0.065981     0.238221 
59353.966077 0.000000 0.000000     0.072652     0.237941 
59354.003687 0.000000 0.000000     0.079355     0.237653 
59354.041297 0.000000 0.000000     0.086083     0.237357 
59354.078908 0.000000 0.000000     0.092829     0.237053 
59354.116518 0.000000 0.000000     0.099584     0.236743 
59354.154128 0.000000 0.000000     0.106341     0.236425 
59354.191738 0.000000 0.000000     0.113091     0.236102 
59354.229348 0.000000 0.000000     0.119827     0.235774 
59354.266958 0.000000 0.000000     0.126540     0.235441 
59354.304568 0.000000 0.000000     0.133223     0.235104 
59354.342179 0.000000 0.000000     0.139867     0.234764 
59354.379789 0.000000 0.000000     0.146465     0.234420 
59354.417399 0.000000 0.000000     0.153008     0.234075 
59354.455009 0.000000 0.000000     0.159488     0.233727 
59354.492619 0.000000 0.000000     0.165898     0.233379 
59354.530229 0.000000 0.000000     0.172230     0.233030 
59354.567840 0.000000 0.000000     0.178476     0.232681 
59354.605450 0.000000 0.000000     0.184627     0.232332 
59354.643060 0.000000 0.000000     0.190677     0.231985 
59354.680670 0.000000 0.000000     0.196618     0.231639 
59354.718280 0.000000 0.000000     0.202442     0.231296 
59354.755890 0.000000 0.000000     0.208143     0.230956 
59354.793500 0.000000 0.000000     0.213712     0.230618 
59354.831111 0.000000 0.000000     0.219143     0.230285 
59354.868721 0.000000 0.000000     0.224429     0.229955 
59354.906331 0.000000 0.000000     0.229564     0.229631 
59354.943941 0.000000 0.000000     0.234540     0.229311 
59354.981551 0.000000 0.000000     0.239351     0.228997 
59355.019161 0.000000 0.000000     0.243990     0.228688 
59355.056772 0.000000 0.000000     0.248453     0.228386 
59355.094382 0.000000 0.000000     0.252733     0.228090 
59355.131992 0.000000 0.000000     0.256824     0.227802 
59355.169602 0.000000 0.000000     0.260721     0.227520 
59355.207212 0.000000 0.000000     0.264418     0.227245 
59355.244822 0.000000 0.000000     0.267912     0.226979 
59355.282433 0.000000 0.000000     0.271196     0.226720 
59355.320043 0.000000 0.000000     0.274267     0.226468 
59355.357653 0.000000 0.000000     0.277120     0.226225 
59355.395263 0.000000 0.000000     0.279751     0.225991 
59355.432873 0.000000 0.000000     0.282157     0.225764 
59355.470483 0.000000 0.000000     0.284334     0.225546 
59355.508093 0.000000 0.000000     0.286279     0.225336 
59355.545704 0.000000 0.000000     0.287989     0.225135 
59355.583314 0.000000 0.000000     0.289461     0.224942 
59355.620924 0.000000 0.000000     0.290692     0.224758 
59355.658534 0.000000 0.000000     0.291682     0.224581 
59355.696144 0.000000 0.000000     0.292428     0.224413 
59355.733754 0.000000 0.000000     0.292928     0.224253 
59355.771365 0.000000 0.000000     0.293182     0.224101 
59355.808975 0.000000 0.000000     0.293188     0.223957 
59355.846585 0.000000 0.000000     0.292946     0.223821 
59355.884195 0.000000 0.000000     0.292455     0.223691 
59355.921805 0.000000 0.000000     0.291716     0.223569 
59355.959415 0.000000 0.000000     0.290728     0.223454 
59355.997025 0.000000 0.000000     0.289493     0.223345 
59356.034636 0.000000 0.000000     0.288011     0.223243 
59356.072246 0.000000 0.000000     0.286283     0.223146 
59356.109856 0.000000 0.000000     0.284312     0.223056 
59356.147466 0.000000 0.000000     0.282097     0.222970 
59356.185076 0.000000 0.000000     0.279642     0.222890 
59356.222686 0.000000 0.000000     0.276949     0.222814 
59356.260297 0.000000 0.000000     0.274021     0.222742 
59356.297907 0.000000 0.000000     0.270860     0.222674 
59356.335517 0.000000 0.000000     0.267469     0.222609 
59356.373127 0.000000 0.000000     0.263853     0.222547 
59356.410737 0.000000 0.000000     0.260014     0.222488 
59356.448347 0.000000 0.000000     0.255956     0.222430 
59356.485957 0.000000 0.000000     0.251684     0.222374 
59356.523568 0.000000 0.000000     0.247203     0.222320 
59356.561178 0.000000 0.000000     0.242516     0.222266 
59356.598788 0.000000 0.000000     0.237629     0.222212 
59356.636398 0.000000 0.000000     0.232548     0.222157 
59356.674008 0.000000 0.000000     0.227276     0.222102 
59356.711618 0.000000 0.000000     0.221821     0.222046 
59356.749229 0.000000 0.000000     0.216188     0.221988 
59356.786839 0.000000 0.000000     0.210382     0.221929 
59356.824449 0.000000 0.000000     0.204411     0.221866 
59356.862059 0.000000 0.000000     0.198280     0.221801 
59356.899669 0.000000 0.000000     0.191995     0.221732 
59356.937279 0.000000 0.000000     0.185565     0.221660 
59356.974890 0.000000 0.000000     0.178996     0.221583 
59357.012500 0.000000 0.000000     0.172294     0.221502 
59357.050110 0.000000 0.000000     0.165467     0.221416 
59357.087720 0.000000 0.000000     0.158522     0.221325 
59357.125330 0.000000 0.000000     0.151467     0.221229 
59357.162940 0.000000 0.000000     0.144309     0.221127 
59357.200550 0.000000 0.000000     0.137056     0.221019 
59357.238161 0.000000 0.000000     0.129715     0.220905 
59357.275771 0.000000 0.000000     0.122295     0.220785 
59357.313381 0.000000 0.000000     0.114803     0.220659 
59357.350991 0.000000 0.000000     0.107247     0.220526 
59357.388601 0.000000 0.000000     0.099636     0.220387 
59357.426211 0.000000 0.000000     0.091977     0.220241 
59357.463822 0.000000 0.000000     0.084278     0.220089 
59357.501432 0.000000 0.000000     0.076547     0.219930 
59357.539042 0.000000 0.000000     0.068793     0.219765 
59357.576652 0.000000 0.000000     0.061024     0.219595 
59357.614262 0.000000 0.000000     0.053247     0.219418 
59357.651872 0.000000 0.000000     0.045471     0.219236 
59357.689482 0.000000 0.000000     0.037704     0.219049 
59357.727093 0.000000 0.000000     0.029953     0.218857 
59357.764703 0.000000 0.000000     0.022227     0.218661 
59357.802313 0.000000 0.000000     0.014533     0.218461 
59357.839923 0.000000 0.000000     0.006880     0.218258 
59357.877533 0.000000 0.000000    -0.000726     0.218052 
59357.915143 0.000000 0.000000    -0.008276     0.217845 
59357.952754 0.000000 0.000000    -0.015763     0.217636 
59357.990364 0.000000 0.000000    -0.023180     0.217427 
59358.027974 0.000000 0.000000    -0.030519     0.217218 
59358.065584 0.000000 0.000000    -0.037773     0.217011 
59358.103194 0.000000 0.000000    -0.044936     0.216806 
59358.140804 0.000000 0.000000    -0.052000     0.216604 
59358.178414 0.000000 0.000000    -0.058958     0.216406 
59358.216025 0.000000 0.000000    -0.065805     0.216214 
59358.253635 0.000000 0.000000    -0.072533     0.216028 
59358.291245 0.000000 0.000000    -0.079138     0.215849 
59358.328855 0.000000 0.000000    -0.085611     0.215680 
59358.366465 0.000000 0.000000    -0.091949     0.215520 
59358.404075 0.000000 0.000000    -0.098145     0.215370 
59358.441686 0.000000 0.000000    -0.104194     0.215234 
59358.479296 0.000000 0.000000    -0.110090     0.215110 
59358.516906 0.000000 0.000000    -0.115829     0.215001 
59358.554516 0.000000 0.000000    -0.121406     0.214907 
59358.592126 0.000000 0.000000    -0.126817     0.214830 
59358.629736 0.000000 0.000000    -0.132057     0.214771 
59358.667347 0.000000 0.000000    -0.137121     0.214731 
59358.704957 0.000000 0.000000    -0.142007     0.214710 
59358.742567 0.000000 0.000000    -0.146711     0.214711 
59358.780177 0.000000 0.000000    -0.151229     0.214732 
59358.817787 0.000000 0.000000    -0.155559     0.214777 
59358.855397 0.000000 0.000000    -0.159697     0.214844 
59358.893007 0.000000 0.000000    -0.163641     0.214934 
59358.930618 0.000000 0.000000    -0.167389     0.215049 
59358.968228 0.000000 0.000000    -0.170938     0.215189 
59359.005838 0.000000 0.000000    -0.174287     0.215353 
59359.043448 0.000000 0.000000    -0.177434     0.215542 
59359.081058 0.000000 0.000000    -0.180378     0.215756 
59359.118668 0.000000 0.000000    -0.183118     0.215995 
59359.156279 0.000000 0.000000    -0.185654     0.216259 
59359.193889 0.000000 0.000000    -0.187984     0.216547 
59359.231499 0.000000 0.000000    -0.190108     0.216859 
59359.269109 0.000000 0.000000    -0.192027     0.217195 
59359.306719 0.000000 0.000000    -0.193740     0.217554 
59359.344329 0.000000 0.000000    -0.195249     0.217935 
59359.381939 0.000000 0.000000    -0.196554     0.218337 
59359.419550 0.000000 0.000000    -0.197655     0.218759 
59359.457160 0.000000 0.000000    -0.198555     0.219201 
59359.494770 0.000000 0.000000    -0.199255     0.219660 
59359.532380 0.000000 0.000000    -0.199756     0.220137 
59359.569990 0.000000 0.000000    -0.200060     0.220629 
59359.607600 0.000000 0.000000    -0.200170     0.221135 
59359.645211 0.000000 0.000000    -0.200087     0.221655 
59359.682821 0.000000 0.000000    -0.199815     0.222185 
59359.720431 0.000000 0.000000    -0.199356     0.222726 
59359.758041 0.000000 0.000000    -0.198714     0.223275 
59359.795651 0.000000 0.000000    -0.197891     0.223831 
59359.833261 0.000000 0.000000    -0.196891     0.224392 
59359.870871 0.000000 0.000000    -0.195718     0.224957 
59359.908482 0.000000 0.000000    -0.194374     0.225524 
59359.946092 0.000000 0.000000    -0.192865     0.226092 
59359.983702 0.000000 0.000000    -0.191195     0.226660 
59360.021312 0.000000 0.000000    -0.189366     0.227225 
59360.058922 0.000000 0.000000    -0.187385     0.227787 
59360.096532 0.000000 0.000000    -0.185255     0.228344 
59360.134143 0.000000 0.000000    -0.182982     0.228895 
59360.171753 0.000000 0.000000    -0.180569     0.229438 
59360.209363 0.000000 0.000000    -0.178023     0.229972 
59360.246973 0.000000 0.000000    -0.175347     0.230496 
59360.284583 0.000000 0.000000    -0.172547     0.231009 
59360.322193 0.000000 0.000000    -0.169629     0.231510 
59360.359804 0.000000 0.000000    -0.166597     0.231998 
59360.397414 0.000000 0.000000    -0.163458     0.232472 
59360.435024 0.000000 0.000000    -0.160216     0.232932 
59360.472634 0.000000 0.000000    -0.156877     0.233376 
59360.510244 0.000000 0.000000    -0.153446     0.233804 
59360.547854 0.000000 0.000000    -0.149930     0.234215 
59360.585464 0.000000 0.000000    -0.146333     0.234609 
59360.623075 0.000000 0.000000    -0.142662     0.234986 
59360.660685 0.000000 0.000000    -0.138922     0.235345 
59360.698295 0.000000 0.000000    -0.135119     0.235687 
59360.735905 0.000000 0.000000    -0.131258     0.236010 
59360.773515 0.000000 0.000000    -0.127346     0.236315 
59360.811125 0.000000 0.000000    -0.123388     0.236603 
59360.848736 0.000000 0.000000    -0.119389     0.236873 
59360.886346 0.000000 0.000000    -0.115355     0.237125 
59360.923956 0.000000 0.000000    -0.111291     0.237361 
59360.961566 0.000000 0.000000    -0.107204     0.237580 
59360.999176 0.000000 0.000000    -0.103099     0.237783 
59361.036786 0.000000 0.000000    -0.098980     0.237971 
59361.074396 0.000000 0.000000    -0.094854     0.238145 
59361.112007 0.000000 0.000000    -0.090725     0.238305 
59361.149617 0.000000 0.000000    -0.086599     0.238452 
59361.187227 0.000000 0.000000    -0.082481     0.238587 
59361.224837 0.000000 0.000000    -0.078375     0.238712 
59361.262447 0.000000 0.000000    -0.074287     0.238828 
59361.300057 0.000000 0.000000    -0.070220     0.238935 
59361.337668 0.000000 0.000000    -0.066181     0.239035 
59361.375278 0.000000 0.000000    -0.062173     0.239130 
59361.412888 0.000000 0.000000    -0.058200     0.239221 
59361.450498 0.000000 0.000000    -0.054267     0.239308 
59361.488108 0.000000 0.000000    -0.050378     0.239395 
59361.525718 0.000000 0.000000    -0.046537     0.239482 
59361.563328 0.000000 0.000000    -0.042747     0.239571 
59361.600939 0.000000 0.000000    -0.039012     0.239664 
59361.638549 0.000000 0.000000    -0.035336     0.239761 
59361.676159 0.000000 0.000000    -0.031721     0.239865 
59361.713769 0.000000 0.000000    -0.028172     0.239978 
59361.751379 0.000000 0.000000    -0.024690     0.240100 
59361.788989 0.000000 0.000000    -0.021280     0.240233 
59361.826600 0.000000 0.000000    -0.017942     0.240378 
59361.864210 0.000000 0.000000    -0.014680     0.240538 
59361.901820 0.000000 0.000000    -0.011497     0.240712 
59361.939430 0.000000 0.000000    -0.008393     0.240903 
