# time Tc_folded Tref_folded model model_err 
59329.481866 0.000000 0.000000     4.706655     1.058635 
59329.519476 0.000000 0.000000     4.729047     1.056335 
59329.557086 0.000000 0.000000     4.751623     1.054018 
59329.594696 0.000000 0.000000     4.774381     1.051685 
59329.632306 0.000000 0.000000     4.797317     1.049336 
59329.669917 0.000000 0.000000     4.820427     1.046970 
59329.707527 0.000000 0.000000     4.843709     1.044588 
59329.745137 0.000000 0.000000     4.867158     1.042190 
59329.782747 0.000000 0.000000     4.890771     1.039777 
59329.820357 0.000000 0.000000     4.914545     1.037348 
59329.857967 0.000000 0.000000     4.938475     1.034903 
59329.895578 0.000000 0.000000     4.962558     1.032444 
59329.933188 0.000000 0.000000     4.986791     1.029969 
59329.970798 0.000000 0.000000     5.011170     1.027479 
59330.008408 0.000000 0.000000     5.035690     1.024975 
59330.046018 0.000000 0.000000     5.060349     1.022456 
59330.083628 0.000000 0.000000     5.085142     1.019922 
59330.121238 0.000000 0.000000     5.110066     1.017375 
59330.158849 0.000000 0.000000     5.135116     1.014813 
59330.196459 0.000000 0.000000     5.160289     1.012238 
59330.234069 0.000000 0.000000     5.185581     1.009649 
59330.271679 0.000000 0.000000     5.210988     1.007047 
59330.309289 0.000000 0.000000     5.236506     1.004432 
59330.346899 0.000000 0.000000     5.262131     1.001804 
59330.384510 0.000000 0.000000     5.287860     0.999163 
59330.422120 0.000000 0.000000     5.313687     0.996510 
59330.459730 0.000000 0.000000     5.339610     0.993845 
59330.497340 0.000000 0.000000     5.365624     0.991168 
59330.534950 0.000000 0.000000     5.391725     0.988479 
59330.572560 0.000000 0.000000     5.417908     0.985778 
59330.610170 0.000000 0.000000     5.444171     0.983067 
59330.647781 0.000000 0.000000     5.470509     0.980344 
59330.685391 0.000000 0.000000     5.496918     0.977611 
59330.723001 0.000000 0.000000     5.523393     0.974868 
59330.760611 0.000000 0.000000     5.549931     0.972114 
59330.798221 0.000000 0.000000     5.576527     0.969351 
59330.835831 0.000000 0.000000     5.603178     0.966578 
59330.873442 0.000000 0.000000     5.629879     0.963796 
59330.911052 0.000000 0.000000     5.656626     0.961005 
59330.948662 0.000000 0.000000     5.683415     0.958205 
59330.986272 0.000000 0.000000     5.710242     0.955397 
59331.023882 0.000000 0.000000     5.737102     0.952581 
59331.061492 0.000000 0.000000     5.763993     0.949757 
59331.099102 0.000000 0.000000     5.790908     0.946926 
59331.136713 0.000000 0.000000     5.817845     0.944088 
59331.174323 0.000000 0.000000     5.844799     0.941243 
59331.211933 0.000000 0.000000     5.871766     0.938392 
59331.249543 0.000000 0.000000     5.898742     0.935534 
59331.287153 0.000000 0.000000     5.925723     0.932671 
59331.324763 0.000000 0.000000     5.952705     0.929803 
59331.362374 0.000000 0.000000     5.979683     0.926930 
59331.399984 0.000000 0.000000     6.006653     0.924052 
59331.437594 0.000000 0.000000     6.033612     0.921170 
59331.475204 0.000000 0.000000     6.060555     0.918284 
59331.512814 0.000000 0.000000     6.087479     0.915395 
59331.550424 0.000000 0.000000     6.114378     0.912503 
59331.588035 0.000000 0.000000     6.141250     0.909608 
59331.625645 0.000000 0.000000     6.168089     0.906710 
59331.663255 0.000000 0.000000     6.194893     0.903811 
59331.700865 0.000000 0.000000     6.221657     0.900911 
59331.738475 0.000000 0.000000     6.248377     0.898009 
59331.776085 0.000000 0.000000     6.275049     0.895107 
59331.813695 0.000000 0.000000     6.301669     0.892204 
59331.851306 0.000000 0.000000     6.328233     0.889302 
59331.888916 0.000000 0.000000     6.354738     0.886401 
59331.926526 0.000000 0.000000     6.381179     0.883501 
59331.964136 0.000000 0.000000     6.407553     0.880602 
59332.001746 0.000000 0.000000     6.433856     0.877706 
59332.039356 0.000000 0.000000     6.460083     0.874812 
59332.076967 0.000000 0.000000     6.486231     0.871921 
59332.114577 0.000000 0.000000     6.512297     0.869033 
59332.152187 0.000000 0.000000     6.538277     0.866150 
59332.189797 0.000000 0.000000     6.564166     0.863270 
59332.227407 0.000000 0.000000     6.589962     0.860396 
59332.265017 0.000000 0.000000     6.615660     0.857527 
59332.302627 0.000000 0.000000     6.641257     0.854664 
59332.340238 0.000000 0.000000     6.666750     0.851808 
59332.377848 0.000000 0.000000     6.692134     0.848958 
59332.415458 0.000000 0.000000     6.717407     0.846116 
59332.453068 0.000000 0.000000     6.742564     0.843282 
59332.490678 0.000000 0.000000     6.767603     0.840456 
59332.528288 0.000000 0.000000     6.792519     0.837639 
59332.565899 0.000000 0.000000     6.817310     0.834832 
59332.603509 0.000000 0.000000     6.841973     0.832035 
59332.641119 0.000000 0.000000     6.866503     0.829248 
59332.678729 0.000000 0.000000     6.890897     0.826473 
59332.716339 0.000000 0.000000     6.915153     0.823709 
59332.753949 0.000000 0.000000     6.939268     0.820957 
59332.791559 0.000000 0.000000     6.963237     0.818218 
59332.829170 0.000000 0.000000     6.987057     0.815492 
59332.866780 0.000000 0.000000     7.010727     0.812781 
59332.904390 0.000000 0.000000     7.034243     0.810083 
59332.942000 0.000000 0.000000     7.057601     0.807400 
59332.979610 0.000000 0.000000     7.080799     0.804733 
59333.017220 0.000000 0.000000     7.103834     0.802082 
59333.054831 0.000000 0.000000     7.126702     0.799448 
59333.092441 0.000000 0.000000     7.149403     0.796830 
59333.130051 0.000000 0.000000     7.171931     0.794231 
59333.167661 0.000000 0.000000     7.194286     0.791649 
59333.205271 0.000000 0.000000     7.216463     0.789086 
59333.242881 0.000000 0.000000     7.238461     0.786543 
59333.280492 0.000000 0.000000     7.260277     0.784019 
59333.318102 0.000000 0.000000     7.281908     0.781516 
59333.355712 0.000000 0.000000     7.303352     0.779034 
59333.393322 0.000000 0.000000     7.324606     0.776573 
59333.430932 0.000000 0.000000     7.345669     0.774134 
59333.468542 0.000000 0.000000     7.366537     0.771717 
59333.506152 0.000000 0.000000     7.387209     0.769324 
59333.543763 0.000000 0.000000     7.407682     0.766954 
59333.581373 0.000000 0.000000     7.427954     0.764608 
59333.618983 0.000000 0.000000     7.448023     0.762287 
59333.656593 0.000000 0.000000     7.467888     0.759991 
59333.694203 0.000000 0.000000     7.487545     0.757720 
59333.731813 0.000000 0.000000     7.506992     0.755475 
59333.769424 0.000000 0.000000     7.526229     0.753257 
59333.807034 0.000000 0.000000     7.545254     0.751065 
59333.844644 0.000000 0.000000     7.564063     0.748901 
59333.882254 0.000000 0.000000     7.582657     0.746765 
59333.919864 0.000000 0.000000     7.601032     0.744656 
59333.957474 0.000000 0.000000     7.619188     0.742577 
59333.995084 0.000000 0.000000     7.637123     0.740526 
59334.032695 0.000000 0.000000     7.654835     0.738505 
59334.070305 0.000000 0.000000     7.672322     0.736513 
59334.107915 0.000000 0.000000     7.689585     0.734552 
59334.145525 0.000000 0.000000     7.706620     0.732621 
59334.183135 0.000000 0.000000     7.723428     0.730720 
59334.220745 0.000000 0.000000     7.740005     0.728851 
59334.258356 0.000000 0.000000     7.756353     0.727013 
59334.295966 0.000000 0.000000     7.772469     0.725207 
59334.333576 0.000000 0.000000     7.788352     0.723432 
59334.371186 0.000000 0.000000     7.804002     0.721690 
59334.408796 0.000000 0.000000     7.819417     0.719980 
59334.446406 0.000000 0.000000     7.834596     0.718303 
59334.484016 0.000000 0.000000     7.849539     0.716658 
59334.521627 0.000000 0.000000     7.864246     0.715047 
59334.559237 0.000000 0.000000     7.878714     0.713468 
59334.596847 0.000000 0.000000     7.892944     0.711923 
59334.634457 0.000000 0.000000     7.906936     0.710410 
59334.672067 0.000000 0.000000     7.920687     0.708932 
59334.709677 0.000000 0.000000     7.934199     0.707487 
59334.747288 0.000000 0.000000     7.947471     0.706075 
59334.784898 0.000000 0.000000     7.960502     0.704697 
59334.822508 0.000000 0.000000     7.973292     0.703353 
59334.860118 0.000000 0.000000     7.985841     0.702042 
59334.897728 0.000000 0.000000     7.998149     0.700764 
59334.935338 0.000000 0.000000     8.010215     0.699521 
59334.972949 0.000000 0.000000     8.022040     0.698310 
59335.010559 0.000000 0.000000     8.033624     0.697134 
59335.048169 0.000000 0.000000     8.044966     0.695990 
59335.085779 0.000000 0.000000     8.056066     0.694879 
59335.123389 0.000000 0.000000     8.066926     0.693802 
59335.160999 0.000000 0.000000     8.077545     0.692757 
59335.198609 0.000000 0.000000     8.087924     0.691746 
59335.236220 0.000000 0.000000     8.098062     0.690766 
59335.273830 0.000000 0.000000     8.107960     0.689819 
59335.311440 0.000000 0.000000     8.117620     0.688904 
59335.349050 0.000000 0.000000     8.127040     0.688021 
59335.386660 0.000000 0.000000     8.136223     0.687170 
59335.424270 0.000000 0.000000     8.145167     0.686350 
59335.461881 0.000000 0.000000     8.153875     0.685560 
59335.499491 0.000000 0.000000     8.162347     0.684802 
59335.537101 0.000000 0.000000     8.170584     0.684074 
59335.574711 0.000000 0.000000     8.178586     0.683376 
59335.612321 0.000000 0.000000     8.186355     0.682708 
59335.649931 0.000000 0.000000     8.193891     0.682070 
59335.687541 0.000000 0.000000     8.201196     0.681460 
59335.725152 0.000000 0.000000     8.208270     0.680879 
59335.762762 0.000000 0.000000     8.215115     0.680327 
59335.800372 0.000000 0.000000     8.221732     0.679802 
59335.837982 0.000000 0.000000     8.228122     0.679305 
59335.875592 0.000000 0.000000     8.234286     0.678835 
59335.913202 0.000000 0.000000     8.240226     0.678392 
59335.950813 0.000000 0.000000     8.245943     0.677975 
59335.988423 0.000000 0.000000     8.251439     0.677584 
59336.026033 0.000000 0.000000     8.256715     0.677219 
59336.063643 0.000000 0.000000     8.261772     0.676878 
59336.101253 0.000000 0.000000     8.266612     0.676562 
59336.138863 0.000000 0.000000     8.271237     0.676271 
59336.176473 0.000000 0.000000     8.275648     0.676003 
59336.214084 0.000000 0.000000     8.279847     0.675758 
59336.251694 0.000000 0.000000     8.283836     0.675537 
59336.289304 0.000000 0.000000     8.287617     0.675337 
59336.326914 0.000000 0.000000     8.291192     0.675160 
59336.364524 0.000000 0.000000     8.294561     0.675004 
59336.402134 0.000000 0.000000     8.297729     0.674869 
59336.439745 0.000000 0.000000     8.300695     0.674755 
59336.477355 0.000000 0.000000     8.303463     0.674661 
59336.514965 0.000000 0.000000     8.306034     0.674587 
59336.552575 0.000000 0.000000     8.308411     0.674532 
59336.590185 0.000000 0.000000     8.310595     0.674496 
59336.627795 0.000000 0.000000     8.312589     0.674478 
59336.665406 0.000000 0.000000     8.314395     0.674478 
59336.703016 0.000000 0.000000     8.316016     0.674496 
59336.740626 0.000000 0.000000     8.317453     0.674531 
59336.778236 0.000000 0.000000     8.318709     0.674583 
59336.815846 0.000000 0.000000     8.319786     0.674652 
59336.853456 0.000000 0.000000     8.320687     0.674736 
59336.891066 0.000000 0.000000     8.321415     0.674835 
59336.928677 0.000000 0.000000     8.321970     0.674950 
59336.966287 0.000000 0.000000     8.322357     0.675080 
59337.003897 0.000000 0.000000     8.322578     0.675224 
59337.041507 0.000000 0.000000     8.322634     0.675382 
59337.079117 0.000000 0.000000     8.322530     0.675553 
59337.116727 0.000000 0.000000     8.322267     0.675738 
59337.154338 0.000000 0.000000     8.321847     0.675936 
59337.191948 0.000000 0.000000     8.321275     0.676146 
59337.229558 0.000000 0.000000     8.320552     0.676368 
59337.267168 0.000000 0.000000     8.319681     0.676603 
59337.304778 0.000000 0.000000     8.318665     0.676848 
59337.342388 0.000000 0.000000     8.317507     0.677105 
59337.379998 0.000000 0.000000     8.316209     0.677373 
59337.417609 0.000000 0.000000     8.314774     0.677651 
59337.455219 0.000000 0.000000     8.313206     0.677940 
59337.492829 0.000000 0.000000     8.311506     0.678238 
59337.530439 0.000000 0.000000     8.309679     0.678546 
59337.568049 0.000000 0.000000     8.307726     0.678864 
59337.605659 0.000000 0.000000     8.305651     0.679190 
59337.643270 0.000000 0.000000     8.303456     0.679525 
59337.680880 0.000000 0.000000     8.301145     0.679869 
59337.718490 0.000000 0.000000     8.298721     0.680221 
59337.756100 0.000000 0.000000     8.296186     0.680580 
59337.793710 0.000000 0.000000     8.293544     0.680948 
59337.831320 0.000000 0.000000     8.290797     0.681323 
59337.868930 0.000000 0.000000     8.287949     0.681705 
59337.906541 0.000000 0.000000     8.285003     0.682094 
59337.944151 0.000000 0.000000     8.281961     0.682490 
59337.981761 0.000000 0.000000     8.278826     0.682892 
59338.019371 0.000000 0.000000     8.275603     0.683301 
59338.056981 0.000000 0.000000     8.272293     0.683715 
59338.094591 0.000000 0.000000     8.268900     0.684136 
59338.132202 0.000000 0.000000     8.265427     0.684562 
59338.169812 0.000000 0.000000     8.261877     0.684993 
59338.207422 0.000000 0.000000     8.258253     0.685430 
59338.245032 0.000000 0.000000     8.254558     0.685871 
59338.282642 0.000000 0.000000     8.250796     0.686318 
59338.320252 0.000000 0.000000     8.246968     0.686769 
59338.357863 0.000000 0.000000     8.243080     0.687224 
59338.395473 0.000000 0.000000     8.239133     0.687684 
59338.433083 0.000000 0.000000     8.235130     0.688148 
59338.470693 0.000000 0.000000     8.231075     0.688615 
59338.508303 0.000000 0.000000     8.226971     0.689087 
59338.545913 0.000000 0.000000     8.222820     0.689561 
59338.583523 0.000000 0.000000     8.218627     0.690039 
59338.621134 0.000000 0.000000     8.214393     0.690521 
59338.658744 0.000000 0.000000     8.210123     0.691005 
59338.696354 0.000000 0.000000     8.205818     0.691492 
59338.733964 0.000000 0.000000     8.201483     0.691982 
59338.771574 0.000000 0.000000     8.197119     0.692474 
59338.809184 0.000000 0.000000     8.192731     0.692969 
59338.846795 0.000000 0.000000     8.188321     0.693466 
59338.884405 0.000000 0.000000     8.183892     0.693965 
59338.922015 0.000000 0.000000     8.179446     0.694466 
59338.959625 0.000000 0.000000     8.174988     0.694968 
59338.997235 0.000000 0.000000     8.170520     0.695472 
59339.034845 0.000000 0.000000     8.166045     0.695978 
59339.072455 0.000000 0.000000     8.161565     0.696485 
59339.110066 0.000000 0.000000     8.157084     0.696993 
59339.147676 0.000000 0.000000     8.152605     0.697502 
59339.185286 0.000000 0.000000     8.148130     0.698011 
59339.222896 0.000000 0.000000     8.143662     0.698522 
59339.260506 0.000000 0.000000     8.139205     0.699033 
59339.298116 0.000000 0.000000     8.134760     0.699544 
59339.335727 0.000000 0.000000     8.130331     0.700056 
59339.373337 0.000000 0.000000     8.125920     0.700568 
59339.410947 0.000000 0.000000     8.121530     0.701080 
59339.448557 0.000000 0.000000     8.117163     0.701591 
59339.486167 0.000000 0.000000     8.112824     0.702103 
59339.523777 0.000000 0.000000     8.108513     0.702614 
59339.561387 0.000000 0.000000     8.104234     0.703124 
59339.598998 0.000000 0.000000     8.099989     0.703633 
59339.636608 0.000000 0.000000     8.095780     0.704142 
59339.674218 0.000000 0.000000     8.091611     0.704650 
59339.711828 0.000000 0.000000     8.087484     0.705156 
59339.749438 0.000000 0.000000     8.083402     0.705662 
59339.787048 0.000000 0.000000     8.079365     0.706165 
59339.824659 0.000000 0.000000     8.075378     0.706667 
59339.862269 0.000000 0.000000     8.071443     0.707168 
59339.899879 0.000000 0.000000     8.067561     0.707667 
59339.937489 0.000000 0.000000     8.063735     0.708163 
59339.975099 0.000000 0.000000     8.059967     0.708658 
59340.012709 0.000000 0.000000     8.056261     0.709150 
59340.050320 0.000000 0.000000     8.052616     0.709639 
59340.087930 0.000000 0.000000     8.049037     0.710127 
59340.125540 0.000000 0.000000     8.045525     0.710611 
59340.163150 0.000000 0.000000     8.042081     0.711093 
59340.200760 0.000000 0.000000     8.038709     0.711571 
59340.238370 0.000000 0.000000     8.035410     0.712047 
59340.275980 0.000000 0.000000     8.032186     0.712519 
59340.313591 0.000000 0.000000     8.029040     0.712988 
59340.351201 0.000000 0.000000     8.025972     0.713453 
59340.388811 0.000000 0.000000     8.022984     0.713914 
59340.426421 0.000000 0.000000     8.020079     0.714372 
59340.464031 0.000000 0.000000     8.017259     0.714826 
59340.501641 0.000000 0.000000     8.014524     0.715275 
59340.539252 0.000000 0.000000     8.011877     0.715721 
59340.576862 0.000000 0.000000     8.009319     0.716162 
59340.614472 0.000000 0.000000     8.006852     0.716598 
59340.652082 0.000000 0.000000     8.004478     0.717030 
59340.689692 0.000000 0.000000     8.002197     0.717457 
59340.727302 0.000000 0.000000     8.000011     0.717879 
59340.764912 0.000000 0.000000     7.997922     0.718296 
59340.802523 0.000000 0.000000     7.995931     0.718708 
59340.840133 0.000000 0.000000     7.994040     0.719114 
59340.877743 0.000000 0.000000     7.992249     0.719515 
59340.915353 0.000000 0.000000     7.990560     0.719911 
59340.952963 0.000000 0.000000     7.988974     0.720300 
59340.990573 0.000000 0.000000     7.987491     0.720684 
59341.028184 0.000000 0.000000     7.986114     0.721062 
59341.065794 0.000000 0.000000     7.984843     0.721434 
59341.103404 0.000000 0.000000     7.983680     0.721799 
59341.141014 0.000000 0.000000     7.982624     0.722158 
59341.178624 0.000000 0.000000     7.981677     0.722511 
59341.216234 0.000000 0.000000     7.980840     0.722857 
59341.253844 0.000000 0.000000     7.980113     0.723196 
59341.291455 0.000000 0.000000     7.979498     0.723528 
59341.329065 0.000000 0.000000     7.978995     0.723853 
59341.366675 0.000000 0.000000     7.978604     0.724172 
59341.404285 0.000000 0.000000     7.978326     0.724483 
59341.441895 0.000000 0.000000     7.978162     0.724786 
59341.479505 0.000000 0.000000     7.978111     0.725082 
59341.517116 0.000000 0.000000     7.978176     0.725371 
59341.554726 0.000000 0.000000     7.978355     0.725652 
59341.592336 0.000000 0.000000     7.978649     0.725925 
59341.629946 0.000000 0.000000     7.979059     0.726191 
59341.667556 0.000000 0.000000     7.979585     0.726448 
59341.705166 0.000000 0.000000     7.980227     0.726697 
59341.742777 0.000000 0.000000     7.980984     0.726938 
59341.780387 0.000000 0.000000     7.981858     0.727171 
59341.817997 0.000000 0.000000     7.982847     0.727396 
59341.855607 0.000000 0.000000     7.983953     0.727612 
59341.893217 0.000000 0.000000     7.985175     0.727819 
59341.930827 0.000000 0.000000     7.986512     0.728018 
59341.968437 0.000000 0.000000     7.987966     0.728208 
59342.006048 0.000000 0.000000     7.989534     0.728389 
59342.043658 0.000000 0.000000     7.991218     0.728561 
59342.081268 0.000000 0.000000     7.993017     0.728724 
59342.118878 0.000000 0.000000     7.994930     0.728879 
59342.156488 0.000000 0.000000     7.996957     0.729024 
59342.194098 0.000000 0.000000     7.999097     0.729160 
59342.231709 0.000000 0.000000     8.001351     0.729286 
59342.269319 0.000000 0.000000     8.003717     0.729403 
59342.306929 0.000000 0.000000     8.006195     0.729511 
59342.344539 0.000000 0.000000     8.008783     0.729609 
59342.382149 0.000000 0.000000     8.011483     0.729698 
59342.419759 0.000000 0.000000     8.014292     0.729777 
59342.457369 0.000000 0.000000     8.017210     0.729847 
59342.494980 0.000000 0.000000     8.020235     0.729907 
59342.532590 0.000000 0.000000     8.023368     0.729957 
59342.570200 0.000000 0.000000     8.026607     0.729997 
59342.607810 0.000000 0.000000     8.029951     0.730028 
59342.645420 0.000000 0.000000     8.033399     0.730049 
59342.683030 0.000000 0.000000     8.036950     0.730059 
59342.720641 0.000000 0.000000     8.040603     0.730060 
59342.758251 0.000000 0.000000     8.044356     0.730051 
59342.795861 0.000000 0.000000     8.048209     0.730032 
59342.833471 0.000000 0.000000     8.052160     0.730003 
59342.871081 0.000000 0.000000     8.056208     0.729963 
59342.908691 0.000000 0.000000     8.060351     0.729914 
59342.946301 0.000000 0.000000     8.064588     0.729855 
59342.983912 0.000000 0.000000     8.068918     0.729786 
59343.021522 0.000000 0.000000     8.073339     0.729706 
59343.059132 0.000000 0.000000     8.077849     0.729616 
59343.096742 0.000000 0.000000     8.082448     0.729517 
59343.134352 0.000000 0.000000     8.087133     0.729407 
59343.171962 0.000000 0.000000     8.091903     0.729287 
59343.209573 0.000000 0.000000     8.096755     0.729157 
59343.247183 0.000000 0.000000     8.101690     0.729017 
59343.284793 0.000000 0.000000     8.106703     0.728867 
59343.322403 0.000000 0.000000     8.111795     0.728707 
59343.360013 0.000000 0.000000     8.116963     0.728537 
59343.397623 0.000000 0.000000     8.122204     0.728357 
59343.435234 0.000000 0.000000     8.127518     0.728167 
59343.472844 0.000000 0.000000     8.132903     0.727967 
59343.510454 0.000000 0.000000     8.138355     0.727758 
59343.548064 0.000000 0.000000     8.143874     0.727538 
59343.585674 0.000000 0.000000     8.149457     0.727308 
59343.623284 0.000000 0.000000     8.155102     0.727069 
59343.660894 0.000000 0.000000     8.160808     0.726820 
59343.698505 0.000000 0.000000     8.166571     0.726562 
59343.736115 0.000000 0.000000     8.172390     0.726293 
59343.773725 0.000000 0.000000     8.178263     0.726016 
59343.811335 0.000000 0.000000     8.184187     0.725728 
59343.848945 0.000000 0.000000     8.190160     0.725432 
59343.886555 0.000000 0.000000     8.196180     0.725126 
59343.924166 0.000000 0.000000     8.202245     0.724810 
59343.961776 0.000000 0.000000     8.208351     0.724486 
59343.999386 0.000000 0.000000     8.214498     0.724152 
59344.036996 0.000000 0.000000     8.220682     0.723809 
59344.074606 0.000000 0.000000     8.226901     0.723457 
59344.112216 0.000000 0.000000     8.233153     0.723097 
59344.149826 0.000000 0.000000     8.239435     0.722727 
59344.187437 0.000000 0.000000     8.245745     0.722349 
59344.225047 0.000000 0.000000     8.252080     0.721963 
59344.262657 0.000000 0.000000     8.258438     0.721567 
59344.300267 0.000000 0.000000     8.264816     0.721164 
59344.337877 0.000000 0.000000     8.271212     0.720752 
59344.375487 0.000000 0.000000     8.277623     0.720332 
59344.413098 0.000000 0.000000     8.284047     0.719903 
59344.450708 0.000000 0.000000     8.290480     0.719467 
59344.488318 0.000000 0.000000     8.296921     0.719023 
59344.525928 0.000000 0.000000     8.303367     0.718571 
59344.563538 0.000000 0.000000     8.309815     0.718112 
59344.601148 0.000000 0.000000     8.316262     0.717645 
59344.638758 0.000000 0.000000     8.322706     0.717171 
59344.676369 0.000000 0.000000     8.329145     0.716690 
59344.713979 0.000000 0.000000     8.335575     0.716201 
59344.751589 0.000000 0.000000     8.341994     0.715706 
59344.789199 0.000000 0.000000     8.348399     0.715204 
59344.826809 0.000000 0.000000     8.354787     0.714695 
59344.864419 0.000000 0.000000     8.361156     0.714179 
59344.902030 0.000000 0.000000     8.367503     0.713658 
59344.939640 0.000000 0.000000     8.373826     0.713130 
59344.977250 0.000000 0.000000     8.380121     0.712596 
59345.014860 0.000000 0.000000     8.386386     0.712056 
59345.052470 0.000000 0.000000     8.392619     0.711510 
59345.090080 0.000000 0.000000     8.398816     0.710959 
59345.127691 0.000000 0.000000     8.404974     0.710402 
59345.165301 0.000000 0.000000     8.411092     0.709840 
59345.202911 0.000000 0.000000     8.417166     0.709273 
59345.240521 0.000000 0.000000     8.423194     0.708702 
59345.278131 0.000000 0.000000     8.429173     0.708125 
59345.315741 0.000000 0.000000     8.435100     0.707544 
59345.353351 0.000000 0.000000     8.440973     0.706958 
59345.390962 0.000000 0.000000     8.446788     0.706368 
59345.428572 0.000000 0.000000     8.452544     0.705774 
59345.466182 0.000000 0.000000     8.458237     0.705176 
59345.503792 0.000000 0.000000     8.463866     0.704575 
59345.541402 0.000000 0.000000     8.469426     0.703970 
59345.579012 0.000000 0.000000     8.474916     0.703362 
59345.616623 0.000000 0.000000     8.480333     0.702750 
59345.654233 0.000000 0.000000     8.485675     0.702136 
59345.691843 0.000000 0.000000     8.490938     0.701519 
59345.729453 0.000000 0.000000     8.496120     0.700899 
59345.767063 0.000000 0.000000     8.501219     0.700277 
59345.804673 0.000000 0.000000     8.506232     0.699653 
59345.842283 0.000000 0.000000     8.511157     0.699026 
59345.879894 0.000000 0.000000     8.515990     0.698398 
59345.917504 0.000000 0.000000     8.520730     0.697769 
59345.955114 0.000000 0.000000     8.525374     0.697138 
59345.992724 0.000000 0.000000     8.529920     0.696506 
59346.030334 0.000000 0.000000     8.534365     0.695872 
59346.067944 0.000000 0.000000     8.538707     0.695238 
59346.105555 0.000000 0.000000     8.542942     0.694604 
59346.143165 0.000000 0.000000     8.547070     0.693969 
59346.180775 0.000000 0.000000     8.551088     0.693333 
59346.218385 0.000000 0.000000     8.554993     0.692698 
59346.255995 0.000000 0.000000     8.558782     0.692063 
59346.293605 0.000000 0.000000     8.562455     0.691428 
59346.331215 0.000000 0.000000     8.566008     0.690794 
59346.368826 0.000000 0.000000     8.569440     0.690161 
59346.406436 0.000000 0.000000     8.572747     0.689528 
59346.444046 0.000000 0.000000     8.575929     0.688897 
59346.481656 0.000000 0.000000     8.578982     0.688267 
59346.519266 0.000000 0.000000     8.581905     0.687639 
59346.556876 0.000000 0.000000     8.584696     0.687013 
59346.594487 0.000000 0.000000     8.587353     0.686388 
59346.632097 0.000000 0.000000     8.589873     0.685766 
59346.669707 0.000000 0.000000     8.592255     0.685146 
59346.707317 0.000000 0.000000     8.594497     0.684528 
59346.744927 0.000000 0.000000     8.596597     0.683913 
59346.782537 0.000000 0.000000     8.598553     0.683301 
59346.820148 0.000000 0.000000     8.600364     0.682692 
59346.857758 0.000000 0.000000     8.602027     0.682087 
59346.895368 0.000000 0.000000     8.603540     0.681485 
59346.932978 0.000000 0.000000     8.604903     0.680886 
59346.970588 0.000000 0.000000     8.606114     0.680291 
59347.008198 0.000000 0.000000     8.607170     0.679701 
59347.045808 0.000000 0.000000     8.608071     0.679114 
59347.083419 0.000000 0.000000     8.608814     0.678532 
59347.121029 0.000000 0.000000     8.609399     0.677954 
59347.158639 0.000000 0.000000     8.609823     0.677381 
59347.196249 0.000000 0.000000     8.610086     0.676813 
59347.233859 0.000000 0.000000     8.610186     0.676250 
59347.271469 0.000000 0.000000     8.610122     0.675692 
59347.309080 0.000000 0.000000     8.609892     0.675140 
59347.346690 0.000000 0.000000     8.609496     0.674593 
59347.384300 0.000000 0.000000     8.608932     0.674051 
59347.421910 0.000000 0.000000     8.608198     0.673515 
59347.459520 0.000000 0.000000     8.607295     0.672985 
59347.497130 0.000000 0.000000     8.606221     0.672462 
59347.534740 0.000000 0.000000     8.604974     0.671944 
59347.572351 0.000000 0.000000     8.603554     0.671433 
59347.609961 0.000000 0.000000     8.601961     0.670928 
59347.647571 0.000000 0.000000     8.600192     0.670430 
59347.685181 0.000000 0.000000     8.598248     0.669939 
59347.722791 0.000000 0.000000     8.596128     0.669454 
59347.760401 0.000000 0.000000     8.593830     0.668976 
59347.798012 0.000000 0.000000     8.591355     0.668506 
59347.835622 0.000000 0.000000     8.588702     0.668042 
59347.873232 0.000000 0.000000     8.585870     0.667586 
59347.910842 0.000000 0.000000     8.582859     0.667138 
59347.948452 0.000000 0.000000     8.579668     0.666696 
59347.986062 0.000000 0.000000     8.576297     0.666263 
59348.023672 0.000000 0.000000     8.572745     0.665837 
59348.061283 0.000000 0.000000     8.569013     0.665419 
59348.098893 0.000000 0.000000     8.565100     0.665008 
59348.136503 0.000000 0.000000     8.561005     0.664606 
59348.174113 0.000000 0.000000     8.556730     0.664211 
59348.211723 0.000000 0.000000     8.552273     0.663824 
59348.249333 0.000000 0.000000     8.547635     0.663446 
59348.286944 0.000000 0.000000     8.542815     0.663076 
59348.324554 0.000000 0.000000     8.537815     0.662714 
59348.362164 0.000000 0.000000     8.532633     0.662360 
59348.399774 0.000000 0.000000     8.527271     0.662014 
59348.437384 0.000000 0.000000     8.521728     0.661677 
59348.474994 0.000000 0.000000     8.516005     0.661348 
59348.512605 0.000000 0.000000     8.510102     0.661028 
59348.550215 0.000000 0.000000     8.504019     0.660716 
59348.587825 0.000000 0.000000     8.497758     0.660412 
59348.625435 0.000000 0.000000     8.491318     0.660117 
59348.663045 0.000000 0.000000     8.484700     0.659830 
59348.700655 0.000000 0.000000     8.477905     0.659552 
59348.738265 0.000000 0.000000     8.470933     0.659283 
59348.775876 0.000000 0.000000     8.463786     0.659022 
59348.813486 0.000000 0.000000     8.456463     0.658769 
59348.851096 0.000000 0.000000     8.448967     0.658525 
59348.888706 0.000000 0.000000     8.441297     0.658289 
59348.926316 0.000000 0.000000     8.433455     0.658061 
59348.963926 0.000000 0.000000     8.425442     0.657843 
59349.001537 0.000000 0.000000     8.417259     0.657632 
59349.039147 0.000000 0.000000     8.408906     0.657430 
59349.076757 0.000000 0.000000     8.400386     0.657236 
59349.114367 0.000000 0.000000     8.391700     0.657050 
59349.151977 0.000000 0.000000     8.382847     0.656873 
59349.189587 0.000000 0.000000     8.373831     0.656703 
59349.227197 0.000000 0.000000     8.364653     0.656542 
59349.264808 0.000000 0.000000     8.355313     0.656389 
59349.302418 0.000000 0.000000     8.345814     0.656244 
59349.340028 0.000000 0.000000     8.336156     0.656107 
59349.377638 0.000000 0.000000     8.326342     0.655977 
59349.415248 0.000000 0.000000     8.316373     0.655856 
59349.452858 0.000000 0.000000     8.306251     0.655742 
59349.490469 0.000000 0.000000     8.295978     0.655636 
59349.528079 0.000000 0.000000     8.285555     0.655537 
59349.565689 0.000000 0.000000     8.274985     0.655446 
59349.603299 0.000000 0.000000     8.264269     0.655362 
59349.640909 0.000000 0.000000     8.253409     0.655285 
59349.678519 0.000000 0.000000     8.242407     0.655216 
59349.716129 0.000000 0.000000     8.231265     0.655153 
59349.753740 0.000000 0.000000     8.219986     0.655098 
59349.791350 0.000000 0.000000     8.208571     0.655049 
59349.828960 0.000000 0.000000     8.197023     0.655008 
59349.866570 0.000000 0.000000     8.185344     0.654972 
59349.904180 0.000000 0.000000     8.173536     0.654944 
59349.941790 0.000000 0.000000     8.161602     0.654921 
59349.979401 0.000000 0.000000     8.149543     0.654905 
59350.017011 0.000000 0.000000     8.137363     0.654895 
59350.054621 0.000000 0.000000     8.125064     0.654891 
59350.092231 0.000000 0.000000     8.112649     0.654893 
59350.129841 0.000000 0.000000     8.100119     0.654901 
59350.167451 0.000000 0.000000     8.087478     0.654914 
59350.205062 0.000000 0.000000     8.074728     0.654933 
59350.242672 0.000000 0.000000     8.061872     0.654957 
59350.280282 0.000000 0.000000     8.048913     0.654986 
59350.317892 0.000000 0.000000     8.035853     0.655021 
59350.355502 0.000000 0.000000     8.022695     0.655060 
59350.393112 0.000000 0.000000     8.009442     0.655104 
59350.430722 0.000000 0.000000     7.996097     0.655152 
59350.468333 0.000000 0.000000     7.982663     0.655206 
59350.505943 0.000000 0.000000     7.969143     0.655263 
59350.543553 0.000000 0.000000     7.955540     0.655324 
59350.581163 0.000000 0.000000     7.941857     0.655390 
59350.618773 0.000000 0.000000     7.928096     0.655459 
59350.656383 0.000000 0.000000     7.914262     0.655532 
59350.693994 0.000000 0.000000     7.900357     0.655609 
59350.731604 0.000000 0.000000     7.886384     0.655689 
59350.769214 0.000000 0.000000     7.872346     0.655772 
59350.806824 0.000000 0.000000     7.858248     0.655858 
59350.844434 0.000000 0.000000     7.844091     0.655947 
59350.882044 0.000000 0.000000     7.829880     0.656039 
59350.919654 0.000000 0.000000     7.815618     0.656134 
59350.957265 0.000000 0.000000     7.801307     0.656230 
59350.994875 0.000000 0.000000     7.786952     0.656329 
59351.032485 0.000000 0.000000     7.772556     0.656431 
59351.070095 0.000000 0.000000     7.758122     0.656534 
59351.107705 0.000000 0.000000     7.743653     0.656638 
59351.145315 0.000000 0.000000     7.729154     0.656745 
59351.182926 0.000000 0.000000     7.714628     0.656852 
59351.220536 0.000000 0.000000     7.700077     0.656961 
59351.258146 0.000000 0.000000     7.685507     0.657071 
59351.295756 0.000000 0.000000     7.670920     0.657182 
59351.333366 0.000000 0.000000     7.656319     0.657294 
59351.370976 0.000000 0.000000     7.641710     0.657406 
59351.408586 0.000000 0.000000     7.627094     0.657519 
59351.446197 0.000000 0.000000     7.612476     0.657632 
59351.483807 0.000000 0.000000     7.597860     0.657745 
59351.521417 0.000000 0.000000     7.583248     0.657859 
59351.559027 0.000000 0.000000     7.568646     0.657971 
59351.596637 0.000000 0.000000     7.554056     0.658084 
59351.634247 0.000000 0.000000     7.539482     0.658196 
59351.671858 0.000000 0.000000     7.524928     0.658307 
59351.709468 0.000000 0.000000     7.510398     0.658418 
59351.747078 0.000000 0.000000     7.495895     0.658527 
59351.784688 0.000000 0.000000     7.481424     0.658636 
59351.822298 0.000000 0.000000     7.466987     0.658743 
59351.859908 0.000000 0.000000     7.452589     0.658849 
59351.897519 0.000000 0.000000     7.438234     0.658953 
59351.935129 0.000000 0.000000     7.423925     0.659055 
59351.972739 0.000000 0.000000     7.409666     0.659156 
59352.010349 0.000000 0.000000     7.395460     0.659254 
59352.047959 0.000000 0.000000     7.381313     0.659351 
59352.085569 0.000000 0.000000     7.367227     0.659445 
59352.123179 0.000000 0.000000     7.353206     0.659537 
59352.160790 0.000000 0.000000     7.339254     0.659626 
59352.198400 0.000000 0.000000     7.325375     0.659713 
59352.236010 0.000000 0.000000     7.311573     0.659797 
59352.273620 0.000000 0.000000     7.297851     0.659877 
59352.311230 0.000000 0.000000     7.284213     0.659955 
59352.348840 0.000000 0.000000     7.270663     0.660030 
59352.386451 0.000000 0.000000     7.257205     0.660102 
59352.424061 0.000000 0.000000     7.243842     0.660170 
59352.461671 0.000000 0.000000     7.230579     0.660235 
59352.499281 0.000000 0.000000     7.217418     0.660296 
59352.536891 0.000000 0.000000     7.204365     0.660353 
59352.574501 0.000000 0.000000     7.191421     0.660407 
59352.612111 0.000000 0.000000     7.178592     0.660457 
59352.649722 0.000000 0.000000     7.165881     0.660503 
59352.687332 0.000000 0.000000     7.153291     0.660545 
59352.724942 0.000000 0.000000     7.140826     0.660583 
59352.762552 0.000000 0.000000     7.128491     0.660617 
59352.800162 0.000000 0.000000     7.116288     0.660646 
59352.837772 0.000000 0.000000     7.104220     0.660672 
59352.875383 0.000000 0.000000     7.092293     0.660693 
59352.912993 0.000000 0.000000     7.080509     0.660709 
59352.950603 0.000000 0.000000     7.068871     0.660722 
59352.988213 0.000000 0.000000     7.057384     0.660729 
59353.025823 0.000000 0.000000     7.046051     0.660733 
59353.063433 0.000000 0.000000     7.034876     0.660731 
59353.101043 0.000000 0.000000     7.023861     0.660726 
59353.138654 0.000000 0.000000     7.013010     0.660715 
59353.176264 0.000000 0.000000     7.002328     0.660700 
59353.213874 0.000000 0.000000     6.991816     0.660681 
59353.251484 0.000000 0.000000     6.981479     0.660657 
59353.289094 0.000000 0.000000     6.971319     0.660628 
59353.326704 0.000000 0.000000     6.961341     0.660595 
59353.364315 0.000000 0.000000     6.951547     0.660557 
59353.401925 0.000000 0.000000     6.941941     0.660515 
59353.439535 0.000000 0.000000     6.932525     0.660469 
59353.477145 0.000000 0.000000     6.923304     0.660418 
59353.514755 0.000000 0.000000     6.914279     0.660363 
59353.552365 0.000000 0.000000     6.905455     0.660303 
59353.589976 0.000000 0.000000     6.896834     0.660240 
59353.627586 0.000000 0.000000     6.888420     0.660172 
59353.665196 0.000000 0.000000     6.880215     0.660100 
59353.702806 0.000000 0.000000     6.872222     0.660025 
59353.740416 0.000000 0.000000     6.864444     0.659945 
59353.778026 0.000000 0.000000     6.856885     0.659862 
59353.815636 0.000000 0.000000     6.849546     0.659775 
59353.853247 0.000000 0.000000     6.842432     0.659685 
59353.890857 0.000000 0.000000     6.835543     0.659592 
59353.928467 0.000000 0.000000     6.828884     0.659495 
59353.966077 0.000000 0.000000     6.822457     0.659396 
59354.003687 0.000000 0.000000     6.816265     0.659294 
59354.041297 0.000000 0.000000     6.810309     0.659189 
59354.078908 0.000000 0.000000     6.804594     0.659082 
59354.116518 0.000000 0.000000     6.799120     0.658973 
59354.154128 0.000000 0.000000     6.793891     0.658862 
59354.191738 0.000000 0.000000     6.788909     0.658749 
59354.229348 0.000000 0.000000     6.784177     0.658635 
59354.266958 0.000000 0.000000     6.779696     0.658519 
59354.304568 0.000000 0.000000     6.775469     0.658403 
59354.342179 0.000000 0.000000     6.771498     0.658286 
59354.379789 0.000000 0.000000     6.767785     0.658169 
59354.417399 0.000000 0.000000     6.764333     0.658052 
59354.455009 0.000000 0.000000     6.761143     0.657935 
59354.492619 0.000000 0.000000     6.758218     0.657818 
59354.530229 0.000000 0.000000     6.755559     0.657703 
59354.567840 0.000000 0.000000     6.753168     0.657589 
59354.605450 0.000000 0.000000     6.751048     0.657477 
59354.643060 0.000000 0.000000     6.749199     0.657367 
59354.680670 0.000000 0.000000     6.747624     0.657259 
59354.718280 0.000000 0.000000     6.746324     0.657154 
59354.755890 0.000000 0.000000     6.745301     0.657053 
59354.793500 0.000000 0.000000     6.744557     0.656955 
59354.831111 0.000000 0.000000     6.744092     0.656862 
59354.868721 0.000000 0.000000     6.743909     0.656773 
59354.906331 0.000000 0.000000     6.744009     0.656689 
59354.943941 0.000000 0.000000     6.744393     0.656612 
59354.981551 0.000000 0.000000     6.745062     0.656540 
59355.019161 0.000000 0.000000     6.746018     0.656475 
59355.056772 0.000000 0.000000     6.747262     0.656417 
59355.094382 0.000000 0.000000     6.748795     0.656367 
59355.131992 0.000000 0.000000     6.750617     0.656325 
59355.169602 0.000000 0.000000     6.752731     0.656292 
59355.207212 0.000000 0.000000     6.755136     0.656268 
59355.244822 0.000000 0.000000     6.757834     0.656255 
59355.282433 0.000000 0.000000     6.760826     0.656252 
59355.320043 0.000000 0.000000     6.764111     0.656261 
59355.357653 0.000000 0.000000     6.767692     0.656281 
59355.395263 0.000000 0.000000     6.771568     0.656314 
59355.432873 0.000000 0.000000     6.775740     0.656359 
59355.470483 0.000000 0.000000     6.780209     0.656419 
59355.508093 0.000000 0.000000     6.784974     0.656493 
59355.545704 0.000000 0.000000     6.790037     0.656582 
59355.583314 0.000000 0.000000     6.795398     0.656687 
59355.620924 0.000000 0.000000     6.801056     0.656809 
59355.658534 0.000000 0.000000     6.807013     0.656947 
59355.696144 0.000000 0.000000     6.813268     0.657104 
59355.733754 0.000000 0.000000     6.819820     0.657279 
59355.771365 0.000000 0.000000     6.826671     0.657473 
59355.808975 0.000000 0.000000     6.833821     0.657687 
59355.846585 0.000000 0.000000     6.841268     0.657921 
59355.884195 0.000000 0.000000     6.849013     0.658177 
59355.921805 0.000000 0.000000     6.857055     0.658455 
59355.959415 0.000000 0.000000     6.865394     0.658756 
59355.997025 0.000000 0.000000     6.874031     0.659080 
59356.034636 0.000000 0.000000     6.882964     0.659429 
59356.072246 0.000000 0.000000     6.892192     0.659802 
59356.109856 0.000000 0.000000     6.901716     0.660201 
59356.147466 0.000000 0.000000     6.911534     0.660626 
59356.185076 0.000000 0.000000     6.921646     0.661078 
59356.222686 0.000000 0.000000     6.932052     0.661557 
59356.260297 0.000000 0.000000     6.942750     0.662065 
59356.297907 0.000000 0.000000     6.953739     0.662601 
59356.335517 0.000000 0.000000     6.965018     0.663167 
59356.373127 0.000000 0.000000     6.976587     0.663763 
59356.410737 0.000000 0.000000     6.988445     0.664390 
59356.448347 0.000000 0.000000     7.000589     0.665048 
59356.485957 0.000000 0.000000     7.013020     0.665738 
59356.523568 0.000000 0.000000     7.025735     0.666461 
59356.561178 0.000000 0.000000     7.038734     0.667216 
59356.598788 0.000000 0.000000     7.052015     0.668005 
59356.636398 0.000000 0.000000     7.065576     0.668828 
59356.674008 0.000000 0.000000     7.079417     0.669686 
59356.711618 0.000000 0.000000     7.093535     0.670579 
59356.749229 0.000000 0.000000     7.107930     0.671507 
59356.786839 0.000000 0.000000     7.122598     0.672471 
59356.824449 0.000000 0.000000     7.137539     0.673471 
59356.862059 0.000000 0.000000     7.152751     0.674507 
59356.899669 0.000000 0.000000     7.168232     0.675581 
59356.937279 0.000000 0.000000     7.183979     0.676692 
59356.974890 0.000000 0.000000     7.199992     0.677840 
59357.012500 0.000000 0.000000     7.216268     0.679026 
59357.050110 0.000000 0.000000     7.232805     0.680250 
59357.087720 0.000000 0.000000     7.249600     0.681512 
59357.125330 0.000000 0.000000     7.266652     0.682813 
59357.162940 0.000000 0.000000     7.283959     0.684152 
59357.200550 0.000000 0.000000     7.301518     0.685529 
59357.238161 0.000000 0.000000     7.319326     0.686945 
59357.275771 0.000000 0.000000     7.337382     0.688400 
59357.313381 0.000000 0.000000     7.355682     0.689894 
59357.350991 0.000000 0.000000     7.374226     0.691426 
59357.388601 0.000000 0.000000     7.393008     0.692996 
59357.426211 0.000000 0.000000     7.412029     0.694605 
59357.463822 0.000000 0.000000     7.431283     0.696253 
59357.501432 0.000000 0.000000     7.450770     0.697939 
59357.539042 0.000000 0.000000     7.470486     0.699663 
59357.576652 0.000000 0.000000     7.490428     0.701425 
59357.614262 0.000000 0.000000     7.510594     0.703224 
59357.651872 0.000000 0.000000     7.530980     0.705061 
59357.689482 0.000000 0.000000     7.551584     0.706936 
59357.727093 0.000000 0.000000     7.572403     0.708847 
59357.764703 0.000000 0.000000     7.593433     0.710794 
59357.802313 0.000000 0.000000     7.614672     0.712778 
59357.839923 0.000000 0.000000     7.636117     0.714797 
59357.877533 0.000000 0.000000     7.657764     0.716852 
59357.915143 0.000000 0.000000     7.679610     0.718942 
59357.952754 0.000000 0.000000     7.701652     0.721066 
59357.990364 0.000000 0.000000     7.723886     0.723224 
59358.027974 0.000000 0.000000     7.746310     0.725416 
59358.065584 0.000000 0.000000     7.768920     0.727641 
59358.103194 0.000000 0.000000     7.791712     0.729898 
59358.140804 0.000000 0.000000     7.814684     0.732188 
59358.178414 0.000000 0.000000     7.837831     0.734508 
59358.216025 0.000000 0.000000     7.861151     0.736860 
59358.253635 0.000000 0.000000     7.884639     0.739242 
59358.291245 0.000000 0.000000     7.908292     0.741653 
59358.328855 0.000000 0.000000     7.932107     0.744094 
59358.366465 0.000000 0.000000     7.956080     0.746563 
59358.404075 0.000000 0.000000     7.980207     0.749060 
59358.441686 0.000000 0.000000     8.004484     0.751584 
59358.479296 0.000000 0.000000     8.028909     0.754134 
59358.516906 0.000000 0.000000     8.053476     0.756711 
59358.554516 0.000000 0.000000     8.078183     0.759313 
59358.592126 0.000000 0.000000     8.103025     0.761939 
59358.629736 0.000000 0.000000     8.127999     0.764589 
59358.667347 0.000000 0.000000     8.153101     0.767262 
59358.704957 0.000000 0.000000     8.178326     0.769958 
59358.742567 0.000000 0.000000     8.203672     0.772676 
59358.780177 0.000000 0.000000     8.229134     0.775415 
59358.817787 0.000000 0.000000     8.254708     0.778174 
59358.855397 0.000000 0.000000     8.280391     0.780953 
59358.893007 0.000000 0.000000     8.306177     0.783751 
59358.930618 0.000000 0.000000     8.332064     0.786568 
59358.968228 0.000000 0.000000     8.358048     0.789402 
59359.005838 0.000000 0.000000     8.384123     0.792254 
59359.043448 0.000000 0.000000     8.410287     0.795122 
59359.081058 0.000000 0.000000     8.436535     0.798005 
59359.118668 0.000000 0.000000     8.462863     0.800904 
59359.156279 0.000000 0.000000     8.489267     0.803817 
59359.193889 0.000000 0.000000     8.515743     0.806744 
59359.231499 0.000000 0.000000     8.542287     0.809683 
59359.269109 0.000000 0.000000     8.568894     0.812636 
59359.306719 0.000000 0.000000     8.595561     0.815599 
59359.344329 0.000000 0.000000     8.622284     0.818575 
59359.381939 0.000000 0.000000     8.649058     0.821560 
59359.419550 0.000000 0.000000     8.675879     0.824555 
59359.457160 0.000000 0.000000     8.702744     0.827560 
59359.494770 0.000000 0.000000     8.729647     0.830573 
59359.532380 0.000000 0.000000     8.756585     0.833594 
59359.569990 0.000000 0.000000     8.783554     0.836623 
59359.607600 0.000000 0.000000     8.810549     0.839658 
59359.645211 0.000000 0.000000     8.837567     0.842700 
59359.682821 0.000000 0.000000     8.864602     0.845747 
59359.720431 0.000000 0.000000     8.891652     0.848800 
59359.758041 0.000000 0.000000     8.918712     0.851856 
59359.795651 0.000000 0.000000     8.945778     0.854917 
59359.833261 0.000000 0.000000     8.972845     0.857981 
59359.870871 0.000000 0.000000     8.999910     0.861048 
59359.908482 0.000000 0.000000     9.026968     0.864117 
59359.946092 0.000000 0.000000     9.054016     0.867188 
59359.983702 0.000000 0.000000     9.081049     0.870260 
59360.021312 0.000000 0.000000     9.108063     0.873333 
59360.058922 0.000000 0.000000     9.135055     0.876406 
59360.096532 0.000000 0.000000     9.162019     0.879479 
59360.134143 0.000000 0.000000     9.188952     0.882551 
59360.171753 0.000000 0.000000     9.215851     0.885622 
59360.209363 0.000000 0.000000     9.242710     0.888691 
59360.246973 0.000000 0.000000     9.269526     0.891759 
59360.284583 0.000000 0.000000     9.296296     0.894823 
59360.322193 0.000000 0.000000     9.323014     0.897884 
59360.359804 0.000000 0.000000     9.349677     0.900942 
59360.397414 0.000000 0.000000     9.376282     0.903996 
59360.435024 0.000000 0.000000     9.402824     0.907046 
59360.472634 0.000000 0.000000     9.429299     0.910091 
59360.510244 0.000000 0.000000     9.455704     0.913130 
59360.547854 0.000000 0.000000     9.482034     0.916164 
59360.585464 0.000000 0.000000     9.508287     0.919192 
59360.623075 0.000000 0.000000     9.534457     0.922214 
59360.660685 0.000000 0.000000     9.560542     0.925229 
59360.698295 0.000000 0.000000     9.586538     0.928237 
59360.735905 0.000000 0.000000     9.612440     0.931237 
59360.773515 0.000000 0.000000     9.638246     0.934230 
59360.811125 0.000000 0.000000     9.663951     0.937214 
59360.848736 0.000000 0.000000     9.689552     0.940190 
59360.886346 0.000000 0.000000     9.715046     0.943157 
59360.923956 0.000000 0.000000     9.740429     0.946114 
59360.961566 0.000000 0.000000     9.765697     0.949063 
59360.999176 0.000000 0.000000     9.790847     0.952001 
59361.036786 0.000000 0.000000     9.815875     0.954929 
59361.074396 0.000000 0.000000     9.840778     0.957847 
59361.112007 0.000000 0.000000     9.865553     0.960754 
59361.149617 0.000000 0.000000     9.890197     0.963650 
59361.187227 0.000000 0.000000     9.914705     0.966535 
59361.224837 0.000000 0.000000     9.939075     0.969408 
59361.262447 0.000000 0.000000     9.963304     0.972269 
59361.300057 0.000000 0.000000     9.987388     0.975119 
59361.337668 0.000000 0.000000    10.011324     0.977955 
59361.375278 0.000000 0.000000    10.035110     0.980780 
59361.412888 0.000000 0.000000    10.058741     0.983591 
59361.450498 0.000000 0.000000    10.082216     0.986389 
59361.488108 0.000000 0.000000    10.105530     0.989174 
59361.525718 0.000000 0.000000    10.128682     0.991945 
59361.563328 0.000000 0.000000    10.151669     0.994702 
59361.600939 0.000000 0.000000    10.174486     0.997446 
59361.638549 0.000000 0.000000    10.197133     1.000175 
59361.676159 0.000000 0.000000    10.219605     1.002890 
59361.713769 0.000000 0.000000    10.241900     1.005590 
59361.751379 0.000000 0.000000    10.264017     1.008275 
59361.788989 0.000000 0.000000    10.285951     1.010945 
59361.826600 0.000000 0.000000    10.307700     1.013600 
59361.864210 0.000000 0.000000    10.329263     1.016239 
59361.901820 0.000000 0.000000    10.350636     1.018863 
59361.939430 0.000000 0.000000    10.371817     1.021471 
