# time Tc_folded Tref_folded value value_err offset model full_model val_compare val_compare_err residuals residuals_err jitter jitter_flag offset_flag subset_flag 
59332.189797 0.000000 0.000000 2.969000 0.776000 -0.021223 0.474550 0.453327 2.990223 0.776000 2.515673 0.776000 1.892582  -1  -1  -1 
59332.197387 0.000000 0.000000 -1.440000 0.775000 -0.021223 0.477817 0.456594 -1.418777 0.775000 -1.896594 0.775000 1.892582  -1  -1  -1 
59332.200011 0.000000 0.000000 4.481000 0.776000 -0.021223 0.478943 0.457719 4.502223 0.776000 4.023281 0.776000 1.892582  -1  -1  -1 
59334.234566 0.000000 0.000000 -0.543000 0.775000 -0.021223 0.410895 0.389671 -0.521777 0.775000 -0.932671 0.775000 1.892582  -1  -1  -1 
59334.237103 0.000000 0.000000 0.259000 0.776000 -0.021223 0.409697 0.388474 0.280223 0.776000 -0.129474 0.776000 1.892582  -1  -1  -1 
59334.239600 0.000000 0.000000 0.419000 0.775000 -0.021223 0.408516 0.387293 0.440223 0.775000 0.031707 0.775000 1.892582  -1  -1  -1 
59335.326035 0.000000 0.000000 1.021000 0.776000 -0.021223 -0.159184 -0.180407 1.042223 0.776000 1.201407 0.776000 1.892582  -1  -1  -1 
59335.330868 0.000000 0.000000 -0.458000 0.775000 -0.021223 -0.161510 -0.182733 -0.436777 0.775000 -0.275267 0.775000 1.892582  -1  -1  -1 
59335.333272 0.000000 0.000000 0.032000 0.777000 -0.021223 -0.162665 -0.183888 0.053223 0.777000 0.215888 0.777000 1.892582  -1  -1  -1 
59336.173315 0.000000 0.000000 1.754000 0.775000 -0.021223 -0.453766 -0.474989 1.775223 0.775000 2.228989 0.775000 1.892582  -1  -1  -1 
59336.175692 0.000000 0.000000 1.041000 0.775000 -0.021223 -0.454208 -0.475431 1.062223 0.775000 1.516431 0.775000 1.892582  -1  -1  -1 
59336.181796 0.000000 0.000000 2.982000 0.776000 -0.021223 -0.455333 -0.476557 3.003223 0.776000 3.458557 0.776000 1.892582  -1  -1  -1 
59337.233449 0.000000 0.000000 -4.553000 0.776000 -0.021223 -0.427897 -0.449120 -4.531777 0.776000 -4.103880 0.776000 1.892582  -1  -1  -1 
59337.235931 0.000000 0.000000 0.485000 0.775000 -0.021223 -0.427386 -0.448610 0.506223 0.775000 0.933610 0.775000 1.892582  -1  -1  -1 
59337.244221 0.000000 0.000000 -1.253000 0.776000 -0.021223 -0.425669 -0.446892 -1.231777 0.776000 -0.806108 0.776000 1.892582  -1  -1  -1 
59338.188239 0.000000 0.000000 -0.828000 0.776000 -0.021223 -0.164266 -0.185489 -0.806777 0.776000 -0.642511 0.776000 1.892582  -1  -1  -1 
59338.190732 0.000000 0.000000 -2.309000 0.776000 -0.021223 -0.163532 -0.184755 -2.287777 0.776000 -2.124245 0.776000 1.892582  -1  -1  -1 
59338.193250 0.000000 0.000000 -1.060000 0.775000 -0.021223 -0.162790 -0.184013 -1.038777 0.775000 -0.875987 0.775000 1.892582  -1  -1  -1 
59339.264851 0.000000 0.000000 -2.902000 0.776000 -0.021223 0.066266 0.045043 -2.880777 0.776000 -2.947043 0.776000 1.892582  -1  -1  -1 
59339.274735 0.000000 0.000000 -0.806000 0.775000 -0.021223 0.067285 0.046062 -0.784777 0.775000 -0.852062 0.775000 1.892582  -1  -1  -1 
59339.345059 0.000000 0.000000 2.261000 0.777000 -0.021223 0.073893 0.052670 2.282223 0.777000 2.208330 0.777000 1.892582  -1  -1  -1 
59341.205674 0.000000 0.000000 1.219000 0.776000 -0.021223 0.014266 -0.006957 1.240223 0.776000 1.225957 0.776000 1.892582  -1  -1  -1 
59341.213678 0.000000 0.000000 1.820000 0.777000 -0.021223 0.014059 -0.007164 1.841223 0.777000 1.827164 0.777000 1.892582  -1  -1  -1 
59341.216302 0.000000 0.000000 1.194000 0.775000 -0.021223 0.013992 -0.007231 1.215223 0.775000 1.201231 0.775000 1.892582  -1  -1  -1 
59342.213085 0.000000 0.000000 -2.966000 0.775000 -0.021223 0.071841 0.050618 -2.944777 0.775000 -3.016618 0.775000 1.892582  -1  -1  -1 
59342.215868 0.000000 0.000000 -0.273000 0.777000 -0.021223 0.072238 0.051015 -0.251777 0.777000 -0.324015 0.777000 1.892582  -1  -1  -1 
59342.218582 0.000000 0.000000 0.443000 0.776000 -0.021223 0.072627 0.051404 0.464223 0.776000 0.391596 0.776000 1.892582  -1  -1  -1 
59345.350049 0.000000 0.000000 -1.684000 0.776000 -0.021223 0.119230 0.098006 -1.662777 0.776000 -1.782006 0.776000 1.892582  -1  -1  -1 
59345.352391 0.000000 0.000000 -2.926000 0.776000 -0.021223 0.118403 0.097180 -2.904777 0.776000 -3.023180 0.776000 1.892582  -1  -1  -1 
59345.358459 0.000000 0.000000 1.460000 0.776000 -0.021223 0.116257 0.095034 1.481223 0.776000 1.364966 0.776000 1.892582  -1  -1  -1 
59346.170515 0.000000 0.000000 0.586000 0.776000 -0.021223 -0.203366 -0.224589 0.607223 0.776000 0.810589 0.776000 1.892582  -1  -1  -1 
59346.172885 0.000000 0.000000 -1.415000 0.776000 -0.021223 -0.204299 -0.225523 -1.393777 0.776000 -1.189477 0.776000 1.892582  -1  -1  -1 
59346.177612 0.000000 0.000000 1.097000 0.776000 -0.021223 -0.206160 -0.227384 1.118223 0.776000 1.324384 0.776000 1.892582  -1  -1  -1 
59347.291118 0.000000 0.000000 -2.825000 0.776000 -0.021223 -0.506673 -0.527897 -2.803777 0.776000 -2.297103 0.776000 1.892582  -1  -1  -1 
59347.296123 0.000000 0.000000 -1.055000 0.776000 -0.021223 -0.507131 -0.528354 -1.033777 0.776000 -0.526646 0.776000 1.892582  -1  -1  -1 
59347.311002 0.000000 0.000000 -1.417000 0.776000 -0.021223 -0.508432 -0.529656 -1.395777 0.776000 -0.887344 0.776000 1.892582  -1  -1  -1 
59348.287651 0.000000 0.000000 -0.725000 0.775000 -0.021223 -0.411822 -0.433045 -0.703777 0.775000 -0.291955 0.775000 1.892582  -1  -1  -1 
59348.290178 0.000000 0.000000 -4.993000 0.776000 -0.021223 -0.411159 -0.432382 -4.971777 0.776000 -4.560618 0.776000 1.892582  -1  -1  -1 
59348.292681 0.000000 0.000000 1.917000 0.775000 -0.021223 -0.410501 -0.431724 1.938223 0.775000 2.348724 0.775000 1.892582  -1  -1  -1 
59349.121628 0.000000 0.000000 -1.039000 0.776000 -0.021223 -0.136217 -0.157440 -1.017777 0.776000 -0.881560 0.776000 1.892582  -1  -1  -1 
59349.126921 0.000000 0.000000 -2.378000 0.776000 -0.021223 -0.134342 -0.155565 -2.356777 0.776000 -2.222435 0.776000 1.892582  -1  -1  -1 
59349.129550 0.000000 0.000000 4.714000 0.776000 -0.021223 -0.133411 -0.154634 4.735223 0.776000 4.868634 0.776000 1.892582  -1  -1  -1 
59350.304057 0.000000 0.000000 -1.045000 0.775000 -0.021223 0.146628 0.125405 -1.023777 0.775000 -1.170405 0.775000 1.892582  -1  -1  -1 
59350.306325 0.000000 0.000000 1.178000 0.776000 -0.021223 0.146760 0.125536 1.199223 0.776000 1.052464 0.776000 1.892582  -1  -1  -1 
59350.313185 0.000000 0.000000 2.846000 0.775000 -0.021223 0.147146 0.125922 2.867223 0.775000 2.720078 0.775000 1.892582  -1  -1  -1 
59351.202848 0.000000 0.000000 1.363000 0.776000 -0.021223 0.050959 0.029735 1.384223 0.776000 1.333265 0.776000 1.892582  -1  -1  -1 
59351.209430 0.000000 0.000000 -0.839000 0.776000 -0.021223 0.049285 0.028062 -0.817777 0.776000 -0.867062 0.776000 1.892582  -1  -1  -1 
59351.214571 0.000000 0.000000 0.134000 0.776000 -0.021223 0.047971 0.026748 0.155223 0.776000 0.107252 0.776000 1.892582  -1  -1  -1 
59352.100400 0.000000 0.000000 2.061000 0.776000 -0.021223 -0.236450 -0.257673 2.082223 0.776000 2.318673 0.776000 1.892582  -1  -1  -1 
59352.102986 0.000000 0.000000 0.964000 0.777000 -0.021223 -0.237308 -0.258531 0.985223 0.777000 1.222531 0.777000 1.892582  -1  -1  -1 
59352.111932 0.000000 0.000000 2.745000 0.776000 -0.021223 -0.240271 -0.261495 2.766223 0.776000 3.006495 0.776000 1.892582  -1  -1  -1 
59353.256297 0.000000 0.000000 2.356000 0.776000 -0.021223 -0.451693 -0.472916 2.377223 0.776000 2.828916 0.776000 1.892582  -1  -1  -1 
59353.261287 0.000000 0.000000 -4.686000 0.776000 -0.021223 -0.451547 -0.472770 -4.664777 0.776000 -4.213230 0.776000 1.892582  -1  -1  -1 
59353.273571 0.000000 0.000000 0.991000 0.777000 -0.021223 -0.451140 -0.472364 1.012223 0.777000 1.463364 0.777000 1.892582  -1  -1  -1 
59354.281496 0.000000 0.000000 -2.249000 0.776000 -0.021223 -0.193991 -0.215214 -2.227777 0.776000 -2.033786 0.776000 1.892582  -1  -1  -1 
59354.290542 0.000000 0.000000 -0.974000 0.776000 -0.021223 -0.189940 -0.211163 -0.952777 0.776000 -0.762837 0.776000 1.892582  -1  -1  -1 
59354.297835 0.000000 0.000000 -0.950000 0.776000 -0.021223 -0.186657 -0.207880 -0.928777 0.776000 -0.742120 0.776000 1.892582  -1  -1  -1 
59355.149128 0.000000 0.000000 0.827000 0.776000 -0.021223 0.254964 0.233741 0.848223 0.776000 0.593259 0.776000 1.892582  -1  -1  -1 
59355.151962 0.000000 0.000000 1.039000 0.775000 -0.021223 0.256465 0.235242 1.060223 0.775000 0.803758 0.775000 1.892582  -1  -1  -1 
59355.159002 0.000000 0.000000 -1.362000 0.775000 -0.021223 0.260189 0.238966 -1.340777 0.775000 -1.600966 0.775000 1.892582  -1  -1  -1 
59356.201900 0.000000 0.000000 2.804000 0.776000 -0.021223 0.664279 0.643055 2.825223 0.776000 2.160945 0.776000 1.892582  -1  -1  -1 
59356.211845 0.000000 0.000000 -0.306000 0.776000 -0.021223 0.666038 0.644815 -0.284777 0.776000 -0.950815 0.776000 1.892582  -1  -1  -1 
59356.217239 0.000000 0.000000 -0.814000 0.776000 -0.021223 0.666972 0.645749 -0.792777 0.776000 -1.459749 0.776000 1.892582  -1  -1  -1 
59357.255224 0.000000 0.000000 -0.093000 0.776000 -0.021223 0.570560 0.549337 -0.071777 0.776000 -0.642337 0.776000 1.892582  -1  -1  -1 
59357.265503 0.000000 0.000000 0.551000 0.775000 -0.021223 0.567030 0.545807 0.572223 0.775000 0.005193 0.775000 1.892582  -1  -1  -1 
59357.277188 0.000000 0.000000 0.248000 0.775000 -0.021223 0.562966 0.541743 0.269223 0.775000 -0.293743 0.775000 1.892582  -1  -1  -1 
59358.119845 0.000000 0.000000 2.017000 0.777000 -0.021223 0.164758 0.143535 2.038223 0.777000 1.873465 0.777000 1.892582  -1  -1  -1 
59358.129676 0.000000 0.000000 -1.356000 0.776000 -0.021223 0.159410 0.138187 -1.334777 0.776000 -1.494187 0.776000 1.892582  -1  -1  -1 
59358.137335 0.000000 0.000000 1.898000 0.776000 -0.021223 0.155241 0.134018 1.919223 0.776000 1.763982 0.776000 1.892582  -1  -1  -1 
59359.215201 0.000000 0.000000 -1.437000 0.777000 -0.021223 -0.357833 -0.379056 -1.415777 0.777000 -1.057944 0.777000 1.892582  -1  -1  -1 
59359.265786 0.000000 0.000000 1.196000 0.775000 -0.021223 -0.374232 -0.395455 1.217223 0.775000 1.591455 0.775000 1.892582  -1  -1  -1 
59359.269109 0.000000 0.000000 -1.473000 0.776000 -0.021223 -0.375275 -0.396499 -1.451777 0.776000 -1.076501 0.776000 1.892582  -1  -1  -1 
