# time Tc_folded Tref_folded value value_err offset model full_model val_compare val_compare_err residuals residuals_err jitter jitter_flag offset_flag subset_flag 
59332.189797 0.000000 0.000000 1.675000 0.950000 2.352583 -3.100999 -0.748416 -0.677583 0.950000 2.423416 0.950000 2.674318  -1  -1  -1 
59332.197387 0.000000 0.000000 -1.558000 0.950000 2.352583 -3.093759 -0.741176 -3.910583 0.950000 -0.816824 0.950000 2.674318  -1  -1  -1 
59332.200011 0.000000 0.000000 -1.908000 0.950000 2.352583 -3.091258 -0.738675 -4.260583 0.950000 -1.169325 0.950000 2.674318  -1  -1  -1 
59334.234566 0.000000 0.000000 -1.325000 0.950000 2.352583 -1.585436 0.767147 -3.677583 0.950000 -2.092147 0.950000 2.674318  -1  -1  -1 
59334.237103 0.000000 0.000000 -3.108000 0.950000 2.352583 -1.584184 0.768399 -5.460583 0.950000 -3.876399 0.950000 2.674318  -1  -1  -1 
59334.239600 0.000000 0.000000 0.358000 0.950000 2.352583 -1.582953 0.769630 -1.994583 0.950000 -0.411630 0.950000 2.674318  -1  -1  -1 
59335.326035 0.000000 0.000000 5.192000 0.950000 2.352583 -1.202046 1.150538 2.839417 0.950000 4.041462 0.950000 2.674318  -1  -1  -1 
59335.330868 0.000000 0.000000 2.692000 0.950000 2.352583 -1.201028 1.151555 0.339417 0.950000 1.540445 0.950000 2.674318  -1  -1  -1 
59335.333272 0.000000 0.000000 5.458000 0.950000 2.352583 -1.200525 1.152058 3.105417 0.950000 4.305942 0.950000 2.674318  -1  -1  -1 
59336.173315 0.000000 0.000000 0.442000 0.950000 2.352583 -1.108249 1.244334 -1.910583 0.950000 -0.802334 0.950000 2.674318  -1  -1  -1 
59336.175692 0.000000 0.000000 2.908000 0.950000 2.352583 -1.108211 1.244372 0.555417 0.950000 1.663628 0.950000 2.674318  -1  -1  -1 
59336.181796 0.000000 0.000000 0.525000 0.950000 2.352583 -1.108119 1.244464 -1.827583 0.950000 -0.719464 0.950000 2.674318  -1  -1  -1 
59337.233449 0.000000 0.000000 2.325000 0.950000 2.352583 -1.194034 1.158549 -0.027583 0.950000 1.166451 0.950000 2.674318  -1  -1  -1 
59337.235931 0.000000 0.000000 2.625000 0.950000 2.352583 -1.194441 1.158142 0.272417 0.950000 1.466858 0.950000 2.674318  -1  -1  -1 
59337.244221 0.000000 0.000000 1.158000 0.950000 2.352583 -1.195808 1.156775 -1.194583 0.950000 0.001225 0.950000 2.674318  -1  -1  -1 
59338.188239 0.000000 0.000000 0.375000 0.950000 2.352583 -1.396542 0.956041 -1.977583 0.950000 -0.581041 0.950000 2.674318  -1  -1  -1 
59338.190732 0.000000 0.000000 -4.425000 0.950000 2.352583 -1.397158 0.955426 -6.777583 0.950000 -5.380426 0.950000 2.674318  -1  -1  -1 
59338.193250 0.000000 0.000000 1.892000 0.950000 2.352583 -1.397779 0.954804 -0.460583 0.950000 0.937196 0.950000 2.674318  -1  -1  -1 
59339.264851 0.000000 0.000000 -0.458000 0.950000 2.352583 -1.669666 0.682917 -2.810583 0.950000 -1.140917 0.950000 2.674318  -1  -1  -1 
59339.274735 0.000000 0.000000 -3.508000 0.950000 2.352583 -1.672078 0.680505 -5.860583 0.950000 -4.188505 0.950000 2.674318  -1  -1  -1 
59339.345059 0.000000 0.000000 2.008000 0.950000 2.352583 -1.689102 0.663481 -0.344583 0.950000 1.344519 0.950000 2.674318  -1  -1  -1 
59341.205674 0.000000 0.000000 -3.258000 0.950000 2.352583 -1.977935 0.374648 -5.610583 0.950000 -3.632648 0.950000 2.674318  -1  -1  -1 
59341.213678 0.000000 0.000000 -2.608000 0.950000 2.352583 -1.978267 0.374316 -4.960583 0.950000 -2.982316 0.950000 2.674318  -1  -1  -1 
59341.216302 0.000000 0.000000 -1.858000 0.950000 2.352583 -1.978374 0.374210 -4.210583 0.950000 -2.232210 0.950000 2.674318  -1  -1  -1 
59342.213085 0.000000 0.000000 0.758000 0.950000 2.352583 -1.946512 0.406071 -1.594583 0.950000 0.351929 0.950000 2.674318  -1  -1  -1 
59342.215868 0.000000 0.000000 0.658000 0.950000 2.352583 -1.946221 0.406362 -1.694583 0.950000 0.251638 0.950000 2.674318  -1  -1  -1 
59342.218582 0.000000 0.000000 0.225000 0.950000 2.352583 -1.945936 0.406647 -2.127583 0.950000 -0.181647 0.950000 2.674318  -1  -1  -1 
59345.350049 0.000000 0.000000 -0.342000 0.950000 2.352583 -1.130721 1.221862 -2.694583 0.950000 -1.563862 0.950000 2.674318  -1  -1  -1 
59345.352391 0.000000 0.000000 0.642000 0.950000 2.352583 -1.129967 1.222616 -1.710583 0.950000 -0.580616 0.950000 2.674318  -1  -1  -1 
59345.358459 0.000000 0.000000 1.758000 0.950000 2.352583 -1.128016 1.224568 -0.594583 0.950000 0.533432 0.950000 2.674318  -1  -1  -1 
59346.170515 0.000000 0.000000 4.775000 0.950000 2.352583 -0.883587 1.468997 2.422417 0.950000 3.306003 0.950000 2.674318  -1  -1  -1 
59346.172885 0.000000 0.000000 2.525000 0.950000 2.352583 -0.882940 1.469644 0.172417 0.950000 1.055356 0.950000 2.674318  -1  -1  -1 
59346.177612 0.000000 0.000000 3.358000 0.950000 2.352583 -0.881651 1.470932 1.005417 0.950000 1.887068 0.950000 2.674318  -1  -1  -1 
59347.291118 0.000000 0.000000 0.808000 0.950000 2.352583 -0.645091 1.707492 -1.544583 0.950000 -0.899492 0.950000 2.674318  -1  -1  -1 
59347.296123 0.000000 0.000000 0.992000 0.950000 2.352583 -0.644382 1.708201 -1.360583 0.950000 -0.716201 0.950000 2.674318  -1  -1  -1 
59347.311002 0.000000 0.000000 2.258000 0.950000 2.352583 -0.642297 1.710286 -0.094583 0.950000 0.547714 0.950000 2.674318  -1  -1  -1 
59348.287651 0.000000 0.000000 0.292000 0.950000 2.352583 -0.579624 1.772959 -2.060583 0.950000 -1.480959 0.950000 2.674318  -1  -1  -1 
59348.290178 0.000000 0.000000 -0.592000 0.950000 2.352583 -0.579660 1.772923 -2.944583 0.950000 -2.364923 0.950000 2.674318  -1  -1  -1 
59348.292681 0.000000 0.000000 -0.508000 0.950000 2.352583 -0.579698 1.772885 -2.860583 0.950000 -2.280885 0.950000 2.674318  -1  -1  -1 
59349.121628 0.000000 0.000000 -3.192000 0.950000 2.352583 -0.649258 1.703325 -5.544583 0.950000 -4.895325 0.950000 2.674318  -1  -1  -1 
59349.126921 0.000000 0.000000 -3.458000 0.950000 2.352583 -0.650065 1.702518 -5.810583 0.950000 -5.160518 0.950000 2.674318  -1  -1  -1 
59349.129550 0.000000 0.000000 -2.925000 0.950000 2.352583 -0.650467 1.702116 -5.277583 0.950000 -4.627116 0.950000 2.674318  -1  -1  -1 
59350.304057 0.000000 0.000000 3.708000 0.950000 2.352583 -0.933581 1.419002 1.355417 0.950000 2.288998 0.950000 2.674318  -1  -1  -1 
59350.306325 0.000000 0.000000 4.992000 0.950000 2.352583 -0.934308 1.418276 2.639417 0.950000 3.573724 0.950000 2.674318  -1  -1  -1 
59350.313185 0.000000 0.000000 6.025000 0.950000 2.352583 -0.936510 1.416074 3.672417 0.950000 4.608926 0.950000 2.674318  -1  -1  -1 
59351.202848 0.000000 0.000000 -4.958000 0.950000 2.352583 -1.261743 1.090840 -7.310583 0.950000 -6.048840 0.950000 2.674318  -1  -1  -1 
59351.209430 0.000000 0.000000 -2.025000 0.950000 2.352583 -1.264386 1.088197 -4.377583 0.950000 -3.113197 0.950000 2.674318  -1  -1  -1 
59351.214571 0.000000 0.000000 -3.758000 0.950000 2.352583 -1.266452 1.086131 -6.110583 0.950000 -4.844131 0.950000 2.674318  -1  -1  -1 
59352.100400 0.000000 0.000000 5.958000 0.950000 2.352583 -1.637074 0.715509 3.605417 0.950000 5.242491 0.950000 2.674318  -1  -1  -1 
59352.102986 0.000000 0.000000 5.275000 0.950000 2.352583 -1.638171 0.714412 2.922417 0.950000 4.560588 0.950000 2.674318  -1  -1  -1 
59352.111932 0.000000 0.000000 6.125000 0.950000 2.352583 -1.641968 0.710615 3.772417 0.950000 5.414385 0.950000 2.674318  -1  -1  -1 
59353.256297 0.000000 0.000000 -1.308000 0.950000 2.352583 -2.099049 0.253534 -3.660583 0.950000 -1.561534 0.950000 2.674318  -1  -1  -1 
59353.261287 0.000000 0.000000 -0.958000 0.950000 2.352583 -2.100825 0.251759 -3.310583 0.950000 -1.209759 0.950000 2.674318  -1  -1  -1 
59353.273571 0.000000 0.000000 -1.225000 0.950000 2.352583 -2.105184 0.247399 -3.577583 0.950000 -1.472399 0.950000 2.674318  -1  -1  -1 
59354.281496 0.000000 0.000000 -0.525000 0.950000 2.352583 -2.393049 -0.040466 -2.877583 0.950000 -0.484534 0.950000 2.674318  -1  -1  -1 
59354.290542 0.000000 0.000000 -1.975000 0.950000 2.352583 -2.394887 -0.042304 -4.327583 0.950000 -1.932696 0.950000 2.674318  -1  -1  -1 
59354.297835 0.000000 0.000000 -0.975000 0.950000 2.352583 -2.396358 -0.043775 -3.327583 0.950000 -0.931225 0.950000 2.674318  -1  -1  -1 
59355.149128 0.000000 0.000000 -1.425000 0.950000 2.352583 -2.492963 -0.140380 -3.777583 0.950000 -1.284620 0.950000 2.674318  -1  -1  -1 
59355.151962 0.000000 0.000000 -2.458000 0.950000 2.352583 -2.493016 -0.140433 -4.810583 0.950000 -2.317567 0.950000 2.674318  -1  -1  -1 
59355.159002 0.000000 0.000000 -2.108000 0.950000 2.352583 -2.493138 -0.140555 -4.460583 0.950000 -1.967445 0.950000 2.674318  -1  -1  -1 
59356.201900 0.000000 0.000000 -6.158000 0.950000 2.352583 -2.373647 -0.021064 -8.510583 0.950000 -6.136936 0.950000 2.674318  -1  -1  -1 
59356.211845 0.000000 0.000000 -0.492000 0.950000 2.352583 -2.371133 -0.018550 -2.844583 0.950000 -0.473450 0.950000 2.674318  -1  -1  -1 
59356.217239 0.000000 0.000000 -3.842000 0.950000 2.352583 -2.369758 -0.017175 -6.194583 0.950000 -3.824825 0.950000 2.674318  -1  -1  -1 
59357.255224 0.000000 0.000000 -7.992000 0.950000 2.352583 -1.957833 0.394750 -10.344583 0.950000 -8.386750 0.950000 2.674318  -1  -1  -1 
59357.265503 0.000000 0.000000 -3.458000 0.950000 2.352583 -1.952296 0.400287 -5.810583 0.950000 -3.858287 0.950000 2.674318  -1  -1  -1 
59357.277188 0.000000 0.000000 -4.008000 0.950000 2.352583 -1.945968 0.406615 -6.360583 0.950000 -4.414615 0.950000 2.674318  -1  -1  -1 
59358.119845 0.000000 0.000000 -0.758000 0.950000 2.352583 -1.397330 0.955253 -3.110583 0.950000 -1.713253 0.950000 2.674318  -1  -1  -1 
59358.129676 0.000000 0.000000 1.958000 0.950000 2.352583 -1.389902 0.962681 -0.394583 0.950000 0.995319 0.950000 2.674318  -1  -1  -1 
59358.137335 0.000000 0.000000 -0.225000 0.950000 2.352583 -1.384099 0.968484 -2.577583 0.950000 -1.193484 0.950000 2.674318  -1  -1  -1 
59359.215201 0.000000 0.000000 6.592000 0.950000 2.352583 -0.445155 1.907429 4.239417 0.950000 4.684571 0.950000 2.674318  -1  -1  -1 
59359.265786 0.000000 0.000000 4.908000 0.950000 2.352583 -0.395882 1.956701 2.555417 0.950000 2.951299 0.950000 2.674318  -1  -1  -1 
59359.269109 0.000000 0.000000 4.892000 0.950000 2.352583 -0.392631 1.959952 2.539417 0.950000 2.932048 0.950000 2.674318  -1  -1  -1 
