# time Tc_folded Tref_folded model model_err 
59329.481866 0.000000 0.000000     4.486305     0.860109 
59329.519476 0.000000 0.000000     4.456728     0.857136 
59329.557086 0.000000 0.000000     4.427045     0.854146 
59329.594696 0.000000 0.000000     4.397259     0.851139 
59329.632306 0.000000 0.000000     4.367376     0.848116 
59329.669917 0.000000 0.000000     4.337399     0.845075 
59329.707527 0.000000 0.000000     4.307332     0.842019 
59329.745137 0.000000 0.000000     4.277179     0.838946 
59329.782747 0.000000 0.000000     4.246944     0.835857 
59329.820357 0.000000 0.000000     4.216630     0.832753 
59329.857967 0.000000 0.000000     4.186243     0.829634 
59329.895578 0.000000 0.000000     4.155785     0.826500 
59329.933188 0.000000 0.000000     4.125262     0.823351 
59329.970798 0.000000 0.000000     4.094677     0.820188 
59330.008408 0.000000 0.000000     4.064033     0.817011 
59330.046018 0.000000 0.000000     4.033337     0.813820 
59330.083628 0.000000 0.000000     4.002590     0.810616 
59330.121238 0.000000 0.000000     3.971798     0.807399 
59330.158849 0.000000 0.000000     3.940965     0.804169 
59330.196459 0.000000 0.000000     3.910095     0.800926 
59330.234069 0.000000 0.000000     3.879191     0.797672 
59330.271679 0.000000 0.000000     3.848259     0.794406 
59330.309289 0.000000 0.000000     3.817301     0.791128 
59330.346899 0.000000 0.000000     3.786323     0.787840 
59330.384510 0.000000 0.000000     3.755329     0.784541 
59330.422120 0.000000 0.000000     3.724322     0.781231 
59330.459730 0.000000 0.000000     3.693307     0.777912 
59330.497340 0.000000 0.000000     3.662288     0.774584 
59330.534950 0.000000 0.000000     3.631269     0.771246 
59330.572560 0.000000 0.000000     3.600255     0.767900 
59330.610170 0.000000 0.000000     3.569249     0.764546 
59330.647781 0.000000 0.000000     3.538256     0.761184 
59330.685391 0.000000 0.000000     3.507279     0.757815 
59330.723001 0.000000 0.000000     3.476324     0.754439 
59330.760611 0.000000 0.000000     3.445393     0.751057 
59330.798221 0.000000 0.000000     3.414492     0.747669 
59330.835831 0.000000 0.000000     3.383624     0.744275 
59330.873442 0.000000 0.000000     3.352794     0.740877 
59330.911052 0.000000 0.000000     3.322006     0.737474 
59330.948662 0.000000 0.000000     3.291263     0.734067 
59330.986272 0.000000 0.000000     3.260570     0.730657 
59331.023882 0.000000 0.000000     3.229931     0.727244 
59331.061492 0.000000 0.000000     3.199350     0.723828 
59331.099102 0.000000 0.000000     3.168831     0.720411 
59331.136713 0.000000 0.000000     3.138378     0.716993 
59331.174323 0.000000 0.000000     3.107996     0.713574 
59331.211933 0.000000 0.000000     3.077687     0.710155 
59331.249543 0.000000 0.000000     3.047457     0.706736 
59331.287153 0.000000 0.000000     3.017309     0.703319 
59331.324763 0.000000 0.000000     2.987247     0.699903 
59331.362374 0.000000 0.000000     2.957275     0.696490 
59331.399984 0.000000 0.000000     2.927397     0.693079 
59331.437594 0.000000 0.000000     2.897618     0.689672 
59331.475204 0.000000 0.000000     2.867940     0.686269 
59331.512814 0.000000 0.000000     2.838367     0.682872 
59331.550424 0.000000 0.000000     2.808904     0.679479 
59331.588035 0.000000 0.000000     2.779555     0.676093 
59331.625645 0.000000 0.000000     2.750322     0.672714 
59331.663255 0.000000 0.000000     2.721211     0.669343 
59331.700865 0.000000 0.000000     2.692224     0.665980 
59331.738475 0.000000 0.000000     2.663365     0.662626 
59331.776085 0.000000 0.000000     2.634639     0.659281 
59331.813695 0.000000 0.000000     2.606048     0.655947 
59331.851306 0.000000 0.000000     2.577596     0.652625 
59331.888916 0.000000 0.000000     2.549287     0.649314 
59331.926526 0.000000 0.000000     2.521125     0.646016 
59331.964136 0.000000 0.000000     2.493113     0.642732 
59332.001746 0.000000 0.000000     2.465254     0.639462 
59332.039356 0.000000 0.000000     2.437552     0.636207 
59332.076967 0.000000 0.000000     2.410010     0.632968 
59332.114577 0.000000 0.000000     2.382633     0.629745 
59332.152187 0.000000 0.000000     2.355422     0.626541 
59332.189797 0.000000 0.000000     2.328381     0.623354 
59332.227407 0.000000 0.000000     2.301515     0.620186 
59332.265017 0.000000 0.000000     2.274825     0.617039 
59332.302627 0.000000 0.000000     2.248315     0.613912 
59332.340238 0.000000 0.000000     2.221989     0.610807 
59332.377848 0.000000 0.000000     2.195849     0.607724 
59332.415458 0.000000 0.000000     2.169899     0.604664 
59332.453068 0.000000 0.000000     2.144141     0.601629 
59332.490678 0.000000 0.000000     2.118578     0.598618 
59332.528288 0.000000 0.000000     2.093214     0.595633 
59332.565899 0.000000 0.000000     2.068052     0.592674 
59332.603509 0.000000 0.000000     2.043093     0.589743 
59332.641119 0.000000 0.000000     2.018342     0.586840 
59332.678729 0.000000 0.000000     1.993801     0.583966 
59332.716339 0.000000 0.000000     1.969472     0.581122 
59332.753949 0.000000 0.000000     1.945358     0.578308 
59332.791559 0.000000 0.000000     1.921462     0.575526 
59332.829170 0.000000 0.000000     1.897787     0.572776 
59332.866780 0.000000 0.000000     1.874335     0.570059 
59332.904390 0.000000 0.000000     1.851108     0.567375 
59332.942000 0.000000 0.000000     1.828109     0.564725 
59332.979610 0.000000 0.000000     1.805340     0.562111 
59333.017220 0.000000 0.000000     1.782804     0.559532 
59333.054831 0.000000 0.000000     1.760503     0.556990 
59333.092441 0.000000 0.000000     1.738438     0.554485 
59333.130051 0.000000 0.000000     1.716614     0.552017 
59333.167661 0.000000 0.000000     1.695030     0.549588 
59333.205271 0.000000 0.000000     1.673690     0.547197 
59333.242881 0.000000 0.000000     1.652596     0.544846 
59333.280492 0.000000 0.000000     1.631749     0.542535 
59333.318102 0.000000 0.000000     1.611151     0.540264 
59333.355712 0.000000 0.000000     1.590804     0.538034 
59333.393322 0.000000 0.000000     1.570711     0.535845 
59333.430932 0.000000 0.000000     1.550872     0.533698 
59333.468542 0.000000 0.000000     1.531290     0.531593 
59333.506152 0.000000 0.000000     1.511966     0.529529 
59333.543763 0.000000 0.000000     1.492901     0.527509 
59333.581373 0.000000 0.000000     1.474098     0.525531 
59333.618983 0.000000 0.000000     1.455557     0.523596 
59333.656593 0.000000 0.000000     1.437280     0.521704 
59333.694203 0.000000 0.000000     1.419268     0.519855 
59333.731813 0.000000 0.000000     1.401523     0.518050 
59333.769424 0.000000 0.000000     1.384045     0.516287 
59333.807034 0.000000 0.000000     1.366837     0.514568 
59333.844644 0.000000 0.000000     1.349899     0.512892 
59333.882254 0.000000 0.000000     1.333232     0.511259 
59333.919864 0.000000 0.000000     1.316836     0.509668 
59333.957474 0.000000 0.000000     1.300714     0.508121 
59333.995084 0.000000 0.000000     1.284866     0.506616 
59334.032695 0.000000 0.000000     1.269292     0.505153 
59334.070305 0.000000 0.000000     1.253994     0.503731 
59334.107915 0.000000 0.000000     1.238972     0.502351 
59334.145525 0.000000 0.000000     1.224226     0.501013 
59334.183135 0.000000 0.000000     1.209758     0.499714 
59334.220745 0.000000 0.000000     1.195567     0.498456 
59334.258356 0.000000 0.000000     1.181655     0.497238 
59334.295966 0.000000 0.000000     1.168021     0.496058 
59334.333576 0.000000 0.000000     1.154666     0.494917 
59334.371186 0.000000 0.000000     1.141590     0.493814 
59334.408796 0.000000 0.000000     1.128794     0.492748 
59334.446406 0.000000 0.000000     1.116277     0.491719 
59334.484016 0.000000 0.000000     1.104039     0.490726 
59334.521627 0.000000 0.000000     1.092081     0.489768 
59334.559237 0.000000 0.000000     1.080402     0.488844 
59334.596847 0.000000 0.000000     1.069002     0.487954 
59334.634457 0.000000 0.000000     1.057882     0.487097 
59334.672067 0.000000 0.000000     1.047041     0.486272 
59334.709677 0.000000 0.000000     1.036478     0.485479 
59334.747288 0.000000 0.000000     1.026193     0.484716 
59334.784898 0.000000 0.000000     1.016186     0.483983 
59334.822508 0.000000 0.000000     1.006457     0.483279 
59334.860118 0.000000 0.000000     0.997005     0.482603 
59334.897728 0.000000 0.000000     0.987828     0.481954 
59334.935338 0.000000 0.000000     0.978927     0.481332 
59334.972949 0.000000 0.000000     0.970301     0.480736 
59335.010559 0.000000 0.000000     0.961949     0.480164 
59335.048169 0.000000 0.000000     0.953871     0.479617 
59335.085779 0.000000 0.000000     0.946064     0.479093 
59335.123389 0.000000 0.000000     0.938529     0.478591 
59335.160999 0.000000 0.000000     0.931264     0.478111 
59335.198609 0.000000 0.000000     0.924269     0.477651 
59335.236220 0.000000 0.000000     0.917542     0.477212 
59335.273830 0.000000 0.000000     0.911082     0.476792 
59335.311440 0.000000 0.000000     0.904887     0.476391 
59335.349050 0.000000 0.000000     0.898957     0.476008 
59335.386660 0.000000 0.000000     0.893290     0.475642 
59335.424270 0.000000 0.000000     0.887885     0.475292 
59335.461881 0.000000 0.000000     0.882739     0.474958 
59335.499491 0.000000 0.000000     0.877853     0.474639 
59335.537101 0.000000 0.000000     0.873224     0.474335 
59335.574711 0.000000 0.000000     0.868850     0.474044 
59335.612321 0.000000 0.000000     0.864730     0.473767 
59335.649931 0.000000 0.000000     0.860862     0.473502 
59335.687541 0.000000 0.000000     0.857244     0.473250 
59335.725152 0.000000 0.000000     0.853875     0.473009 
59335.762762 0.000000 0.000000     0.850753     0.472779 
59335.800372 0.000000 0.000000     0.847875     0.472560 
59335.837982 0.000000 0.000000     0.845240     0.472350 
59335.875592 0.000000 0.000000     0.842845     0.472151 
59335.913202 0.000000 0.000000     0.840689     0.471961 
59335.950813 0.000000 0.000000     0.838769     0.471779 
59335.988423 0.000000 0.000000     0.837084     0.471606 
59336.026033 0.000000 0.000000     0.835630     0.471441 
59336.063643 0.000000 0.000000     0.834406     0.471283 
59336.101253 0.000000 0.000000     0.833410     0.471133 
59336.138863 0.000000 0.000000     0.832639     0.470991 
59336.176473 0.000000 0.000000     0.832090     0.470854 
59336.214084 0.000000 0.000000     0.831761     0.470725 
59336.251694 0.000000 0.000000     0.831650     0.470602 
59336.289304 0.000000 0.000000     0.831754     0.470484 
59336.326914 0.000000 0.000000     0.832071     0.470373 
59336.364524 0.000000 0.000000     0.832598     0.470268 
59336.402134 0.000000 0.000000     0.833331     0.470167 
59336.439745 0.000000 0.000000     0.834270     0.470073 
59336.477355 0.000000 0.000000     0.835410     0.469983 
59336.514965 0.000000 0.000000     0.836749     0.469899 
59336.552575 0.000000 0.000000     0.838285     0.469820 
59336.590185 0.000000 0.000000     0.840013     0.469746 
59336.627795 0.000000 0.000000     0.841933     0.469676 
59336.665406 0.000000 0.000000     0.844039     0.469612 
59336.703016 0.000000 0.000000     0.846331     0.469552 
59336.740626 0.000000 0.000000     0.848803     0.469497 
59336.778236 0.000000 0.000000     0.851455     0.469447 
59336.815846 0.000000 0.000000     0.854282     0.469401 
59336.853456 0.000000 0.000000     0.857281     0.469361 
59336.891066 0.000000 0.000000     0.860450     0.469325 
59336.928677 0.000000 0.000000     0.863785     0.469294 
59336.966287 0.000000 0.000000     0.867283     0.469268 
59337.003897 0.000000 0.000000     0.870941     0.469247 
59337.041507 0.000000 0.000000     0.874755     0.469231 
59337.079117 0.000000 0.000000     0.878723     0.469220 
59337.116727 0.000000 0.000000     0.882840     0.469215 
59337.154338 0.000000 0.000000     0.887105     0.469214 
59337.191948 0.000000 0.000000     0.891512     0.469219 
59337.229558 0.000000 0.000000     0.896060     0.469230 
59337.267168 0.000000 0.000000     0.900745     0.469246 
59337.304778 0.000000 0.000000     0.905563     0.469268 
59337.342388 0.000000 0.000000     0.910511     0.469295 
59337.379998 0.000000 0.000000     0.915586     0.469329 
59337.417609 0.000000 0.000000     0.920783     0.469368 
59337.455219 0.000000 0.000000     0.926100     0.469414 
59337.492829 0.000000 0.000000     0.931534     0.469466 
59337.530439 0.000000 0.000000     0.937080     0.469524 
59337.568049 0.000000 0.000000     0.942735     0.469589 
59337.605659 0.000000 0.000000     0.948496     0.469660 
59337.643270 0.000000 0.000000     0.954359     0.469739 
59337.680880 0.000000 0.000000     0.960321     0.469824 
59337.718490 0.000000 0.000000     0.966378     0.469917 
59337.756100 0.000000 0.000000     0.972527     0.470016 
59337.793710 0.000000 0.000000     0.978763     0.470123 
59337.831320 0.000000 0.000000     0.985084     0.470237 
59337.868930 0.000000 0.000000     0.991486     0.470359 
59337.906541 0.000000 0.000000     0.997965     0.470488 
59337.944151 0.000000 0.000000     1.004518     0.470625 
59337.981761 0.000000 0.000000     1.011141     0.470770 
59338.019371 0.000000 0.000000     1.017831     0.470923 
59338.056981 0.000000 0.000000     1.024583     0.471084 
59338.094591 0.000000 0.000000     1.031395     0.471253 
59338.132202 0.000000 0.000000     1.038263     0.471431 
59338.169812 0.000000 0.000000     1.045183     0.471616 
59338.207422 0.000000 0.000000     1.052152     0.471810 
59338.245032 0.000000 0.000000     1.059166     0.472012 
59338.282642 0.000000 0.000000     1.066222     0.472223 
59338.320252 0.000000 0.000000     1.073316     0.472442 
59338.357863 0.000000 0.000000     1.080444     0.472670 
59338.395473 0.000000 0.000000     1.087603     0.472906 
59338.433083 0.000000 0.000000     1.094790     0.473151 
59338.470693 0.000000 0.000000     1.102001     0.473405 
59338.508303 0.000000 0.000000     1.109231     0.473667 
59338.545913 0.000000 0.000000     1.116479     0.473937 
59338.583523 0.000000 0.000000     1.123741     0.474216 
59338.621134 0.000000 0.000000     1.131012     0.474504 
59338.658744 0.000000 0.000000     1.138289     0.474800 
59338.696354 0.000000 0.000000     1.145570     0.475105 
59338.733964 0.000000 0.000000     1.152851     0.475418 
59338.771574 0.000000 0.000000     1.160127     0.475740 
59338.809184 0.000000 0.000000     1.167397     0.476070 
59338.846795 0.000000 0.000000     1.174656     0.476408 
59338.884405 0.000000 0.000000     1.181901     0.476754 
59338.922015 0.000000 0.000000     1.189129     0.477108 
59338.959625 0.000000 0.000000     1.196336     0.477470 
59338.997235 0.000000 0.000000     1.203520     0.477840 
59339.034845 0.000000 0.000000     1.210677     0.478218 
59339.072455 0.000000 0.000000     1.217803     0.478604 
59339.110066 0.000000 0.000000     1.224896     0.478996 
59339.147676 0.000000 0.000000     1.231952     0.479397 
59339.185286 0.000000 0.000000     1.238969     0.479804 
59339.222896 0.000000 0.000000     1.245942     0.480218 
59339.260506 0.000000 0.000000     1.252870     0.480639 
59339.298116 0.000000 0.000000     1.259748     0.481067 
59339.335727 0.000000 0.000000     1.266575     0.481501 
59339.373337 0.000000 0.000000     1.273346     0.481942 
59339.410947 0.000000 0.000000     1.280059     0.482388 
59339.448557 0.000000 0.000000     1.286711     0.482841 
59339.486167 0.000000 0.000000     1.293299     0.483299 
59339.523777 0.000000 0.000000     1.299820     0.483763 
59339.561387 0.000000 0.000000     1.306272     0.484232 
59339.598998 0.000000 0.000000     1.312651     0.484706 
59339.636608 0.000000 0.000000     1.318955     0.485185 
59339.674218 0.000000 0.000000     1.325181     0.485668 
59339.711828 0.000000 0.000000     1.331327     0.486156 
59339.749438 0.000000 0.000000     1.337389     0.486647 
59339.787048 0.000000 0.000000     1.343365     0.487143 
59339.824659 0.000000 0.000000     1.349253     0.487642 
59339.862269 0.000000 0.000000     1.355050     0.488145 
59339.899879 0.000000 0.000000     1.360753     0.488650 
59339.937489 0.000000 0.000000     1.366360     0.489159 
59339.975099 0.000000 0.000000     1.371869     0.489669 
59340.012709 0.000000 0.000000     1.377277     0.490183 
59340.050320 0.000000 0.000000     1.382583     0.490698 
59340.087930 0.000000 0.000000     1.387782     0.491215 
59340.125540 0.000000 0.000000     1.392875     0.491733 
59340.163150 0.000000 0.000000     1.397858     0.492253 
59340.200760 0.000000 0.000000     1.402728     0.492773 
59340.238370 0.000000 0.000000     1.407485     0.493294 
59340.275980 0.000000 0.000000     1.412126     0.493816 
59340.313591 0.000000 0.000000     1.416649     0.494338 
59340.351201 0.000000 0.000000     1.421051     0.494859 
59340.388811 0.000000 0.000000     1.425332     0.495380 
59340.426421 0.000000 0.000000     1.429490     0.495900 
59340.464031 0.000000 0.000000     1.433521     0.496420 
59340.501641 0.000000 0.000000     1.437426     0.496938 
59340.539252 0.000000 0.000000     1.441201     0.497454 
59340.576862 0.000000 0.000000     1.444846     0.497968 
59340.614472 0.000000 0.000000     1.448358     0.498481 
59340.652082 0.000000 0.000000     1.451737     0.498991 
59340.689692 0.000000 0.000000     1.454980     0.499498 
59340.727302 0.000000 0.000000     1.458087     0.500003 
59340.764912 0.000000 0.000000     1.461055     0.500504 
59340.802523 0.000000 0.000000     1.463884     0.501002 
59340.840133 0.000000 0.000000     1.466572     0.501496 
59340.877743 0.000000 0.000000     1.469118     0.501986 
59340.915353 0.000000 0.000000     1.471520     0.502472 
59340.952963 0.000000 0.000000     1.473778     0.502954 
59340.990573 0.000000 0.000000     1.475891     0.503431 
59341.028184 0.000000 0.000000     1.477857     0.503903 
59341.065794 0.000000 0.000000     1.479676     0.504369 
59341.103404 0.000000 0.000000     1.481346     0.504830 
59341.141014 0.000000 0.000000     1.482867     0.505286 
59341.178624 0.000000 0.000000     1.484237     0.505735 
59341.216234 0.000000 0.000000     1.485457     0.506179 
59341.253844 0.000000 0.000000     1.486526     0.506616 
59341.291455 0.000000 0.000000     1.487442     0.507046 
59341.329065 0.000000 0.000000     1.488205     0.507470 
59341.366675 0.000000 0.000000     1.488814     0.507886 
59341.404285 0.000000 0.000000     1.489270     0.508295 
59341.441895 0.000000 0.000000     1.489572     0.508697 
59341.479505 0.000000 0.000000     1.489719     0.509091 
59341.517116 0.000000 0.000000     1.489710     0.509478 
59341.554726 0.000000 0.000000     1.489547     0.509856 
59341.592336 0.000000 0.000000     1.489228     0.510226 
59341.629946 0.000000 0.000000     1.488753     0.510587 
59341.667556 0.000000 0.000000     1.488123     0.510940 
59341.705166 0.000000 0.000000     1.487336     0.511284 
59341.742777 0.000000 0.000000     1.486394     0.511619 
59341.780387 0.000000 0.000000     1.485296     0.511945 
59341.817997 0.000000 0.000000     1.484042     0.512262 
59341.855607 0.000000 0.000000     1.482633     0.512569 
59341.893217 0.000000 0.000000     1.481068     0.512866 
59341.930827 0.000000 0.000000     1.479349     0.513154 
59341.968437 0.000000 0.000000     1.477474     0.513432 
59342.006048 0.000000 0.000000     1.475446     0.513699 
59342.043658 0.000000 0.000000     1.473263     0.513957 
59342.081268 0.000000 0.000000     1.470927     0.514204 
59342.118878 0.000000 0.000000     1.468438     0.514440 
59342.156488 0.000000 0.000000     1.465796     0.514666 
59342.194098 0.000000 0.000000     1.463003     0.514882 
59342.231709 0.000000 0.000000     1.460059     0.515086 
59342.269319 0.000000 0.000000     1.456965     0.515279 
59342.306929 0.000000 0.000000     1.453721     0.515462 
59342.344539 0.000000 0.000000     1.450329     0.515633 
59342.382149 0.000000 0.000000     1.446788     0.515793 
59342.419759 0.000000 0.000000     1.443101     0.515942 
59342.457369 0.000000 0.000000     1.439268     0.516079 
59342.494980 0.000000 0.000000     1.435290     0.516205 
59342.532590 0.000000 0.000000     1.431169     0.516319 
59342.570200 0.000000 0.000000     1.426905     0.516421 
59342.607810 0.000000 0.000000     1.422500     0.516512 
59342.645420 0.000000 0.000000     1.417954     0.516591 
59342.683030 0.000000 0.000000     1.413269     0.516658 
59342.720641 0.000000 0.000000     1.408447     0.516714 
59342.758251 0.000000 0.000000     1.403489     0.516757 
59342.795861 0.000000 0.000000     1.398396     0.516788 
59342.833471 0.000000 0.000000     1.393169     0.516808 
59342.871081 0.000000 0.000000     1.387811     0.516815 
59342.908691 0.000000 0.000000     1.382322     0.516810 
59342.946301 0.000000 0.000000     1.376705     0.516793 
59342.983912 0.000000 0.000000     1.370960     0.516764 
59343.021522 0.000000 0.000000     1.365091     0.516723 
59343.059132 0.000000 0.000000     1.359097     0.516670 
59343.096742 0.000000 0.000000     1.352981     0.516604 
59343.134352 0.000000 0.000000     1.346746     0.516527 
59343.171962 0.000000 0.000000     1.340392     0.516437 
59343.209573 0.000000 0.000000     1.333921     0.516335 
59343.247183 0.000000 0.000000     1.327336     0.516221 
59343.284793 0.000000 0.000000     1.320638     0.516096 
59343.322403 0.000000 0.000000     1.313830     0.515958 
59343.360013 0.000000 0.000000     1.306913     0.515808 
59343.397623 0.000000 0.000000     1.299890     0.515646 
59343.435234 0.000000 0.000000     1.292762     0.515472 
59343.472844 0.000000 0.000000     1.285532     0.515286 
59343.510454 0.000000 0.000000     1.278202     0.515089 
59343.548064 0.000000 0.000000     1.270773     0.514879 
59343.585674 0.000000 0.000000     1.263249     0.514658 
59343.623284 0.000000 0.000000     1.255632     0.514426 
59343.660894 0.000000 0.000000     1.247923     0.514181 
59343.698505 0.000000 0.000000     1.240125     0.513926 
59343.736115 0.000000 0.000000     1.232241     0.513659 
59343.773725 0.000000 0.000000     1.224273     0.513380 
59343.811335 0.000000 0.000000     1.216223     0.513091 
59343.848945 0.000000 0.000000     1.208093     0.512790 
59343.886555 0.000000 0.000000     1.199887     0.512478 
59343.924166 0.000000 0.000000     1.191606     0.512156 
59343.961776 0.000000 0.000000     1.183254     0.511822 
59343.999386 0.000000 0.000000     1.174832     0.511478 
59344.036996 0.000000 0.000000     1.166343     0.511124 
59344.074606 0.000000 0.000000     1.157790     0.510759 
59344.112216 0.000000 0.000000     1.149176     0.510383 
59344.149826 0.000000 0.000000     1.140502     0.509998 
59344.187437 0.000000 0.000000     1.131772     0.509603 
59344.225047 0.000000 0.000000     1.122988     0.509197 
59344.262657 0.000000 0.000000     1.114153     0.508783 
59344.300267 0.000000 0.000000     1.105270     0.508358 
59344.337877 0.000000 0.000000     1.096341     0.507924 
59344.375487 0.000000 0.000000     1.087369     0.507481 
59344.413098 0.000000 0.000000     1.078357     0.507029 
59344.450708 0.000000 0.000000     1.069308     0.506568 
59344.488318 0.000000 0.000000     1.060223     0.506099 
59344.525928 0.000000 0.000000     1.051107     0.505621 
59344.563538 0.000000 0.000000     1.041962     0.505134 
59344.601148 0.000000 0.000000     1.032790     0.504640 
59344.638758 0.000000 0.000000     1.023595     0.504138 
59344.676369 0.000000 0.000000     1.014380     0.503628 
59344.713979 0.000000 0.000000     1.005146     0.503110 
59344.751589 0.000000 0.000000     0.995897     0.502585 
59344.789199 0.000000 0.000000     0.986637     0.502054 
59344.826809 0.000000 0.000000     0.977366     0.501515 
59344.864419 0.000000 0.000000     0.968090     0.500970 
59344.902030 0.000000 0.000000     0.958809     0.500418 
59344.939640 0.000000 0.000000     0.949528     0.499860 
59344.977250 0.000000 0.000000     0.940249     0.499297 
59345.014860 0.000000 0.000000     0.930975     0.498728 
59345.052470 0.000000 0.000000     0.921709     0.498153 
59345.090080 0.000000 0.000000     0.912453     0.497573 
59345.127691 0.000000 0.000000     0.903211     0.496988 
59345.165301 0.000000 0.000000     0.893985     0.496399 
59345.202911 0.000000 0.000000     0.884779     0.495805 
59345.240521 0.000000 0.000000     0.875595     0.495207 
59345.278131 0.000000 0.000000     0.866435     0.494606 
59345.315741 0.000000 0.000000     0.857304     0.494000 
59345.353351 0.000000 0.000000     0.848203     0.493392 
59345.390962 0.000000 0.000000     0.839135     0.492780 
59345.428572 0.000000 0.000000     0.830104     0.492165 
59345.466182 0.000000 0.000000     0.821112     0.491548 
59345.503792 0.000000 0.000000     0.812161     0.490929 
59345.541402 0.000000 0.000000     0.803256     0.490308 
59345.579012 0.000000 0.000000     0.794397     0.489685 
59345.616623 0.000000 0.000000     0.785590     0.489060 
59345.654233 0.000000 0.000000     0.776835     0.488435 
59345.691843 0.000000 0.000000     0.768135     0.487809 
59345.729453 0.000000 0.000000     0.759495     0.487182 
59345.767063 0.000000 0.000000     0.750915     0.486555 
59345.804673 0.000000 0.000000     0.742400     0.485928 
59345.842283 0.000000 0.000000     0.733951     0.485301 
59345.879894 0.000000 0.000000     0.725571     0.484675 
59345.917504 0.000000 0.000000     0.717263     0.484050 
59345.955114 0.000000 0.000000     0.709030     0.483426 
59345.992724 0.000000 0.000000     0.700874     0.482803 
59346.030334 0.000000 0.000000     0.692797     0.482182 
59346.067944 0.000000 0.000000     0.684803     0.481564 
59346.105555 0.000000 0.000000     0.676894     0.480947 
59346.143165 0.000000 0.000000     0.669072     0.480333 
59346.180775 0.000000 0.000000     0.661340     0.479722 
59346.218385 0.000000 0.000000     0.653700     0.479114 
59346.255995 0.000000 0.000000     0.646155     0.478509 
59346.293605 0.000000 0.000000     0.638708     0.477908 
59346.331215 0.000000 0.000000     0.631360     0.477311 
59346.368826 0.000000 0.000000     0.624114     0.476718 
59346.406436 0.000000 0.000000     0.616972     0.476130 
59346.444046 0.000000 0.000000     0.609937     0.475546 
59346.481656 0.000000 0.000000     0.603012     0.474967 
59346.519266 0.000000 0.000000     0.596197     0.474393 
59346.556876 0.000000 0.000000     0.589496     0.473825 
59346.594487 0.000000 0.000000     0.582911     0.473262 
59346.632097 0.000000 0.000000     0.576443     0.472705 
59346.669707 0.000000 0.000000     0.570096     0.472154 
59346.707317 0.000000 0.000000     0.563871     0.471609 
59346.744927 0.000000 0.000000     0.557769     0.471071 
59346.782537 0.000000 0.000000     0.551795     0.470540 
59346.820148 0.000000 0.000000     0.545948     0.470015 
59346.857758 0.000000 0.000000     0.540232     0.469497 
59346.895368 0.000000 0.000000     0.534648     0.468987 
59346.932978 0.000000 0.000000     0.529198     0.468484 
59346.970588 0.000000 0.000000     0.523884     0.467989 
59347.008198 0.000000 0.000000     0.518708     0.467501 
59347.045808 0.000000 0.000000     0.513672     0.467021 
59347.083419 0.000000 0.000000     0.508776     0.466549 
59347.121029 0.000000 0.000000     0.504024     0.466086 
59347.158639 0.000000 0.000000     0.499417     0.465630 
59347.196249 0.000000 0.000000     0.494957     0.465183 
59347.233859 0.000000 0.000000     0.490644     0.464745 
59347.271469 0.000000 0.000000     0.486481     0.464315 
59347.309080 0.000000 0.000000     0.482469     0.463894 
59347.346690 0.000000 0.000000     0.478609     0.463481 
59347.384300 0.000000 0.000000     0.474904     0.463077 
59347.421910 0.000000 0.000000     0.471354     0.462682 
59347.459520 0.000000 0.000000     0.467961     0.462296 
59347.497130 0.000000 0.000000     0.464726     0.461919 
59347.534740 0.000000 0.000000     0.461651     0.461551 
59347.572351 0.000000 0.000000     0.458736     0.461192 
59347.609961 0.000000 0.000000     0.455983     0.460842 
59347.647571 0.000000 0.000000     0.453394     0.460501 
59347.685181 0.000000 0.000000     0.450968     0.460169 
59347.722791 0.000000 0.000000     0.448707     0.459846 
59347.760401 0.000000 0.000000     0.446613     0.459532 
59347.798012 0.000000 0.000000     0.444686     0.459227 
59347.835622 0.000000 0.000000     0.442926     0.458931 
59347.873232 0.000000 0.000000     0.441336     0.458644 
59347.910842 0.000000 0.000000     0.439916     0.458365 
59347.948452 0.000000 0.000000     0.438666     0.458096 
59347.986062 0.000000 0.000000     0.437588     0.457835 
59348.023672 0.000000 0.000000     0.436681     0.457582 
59348.061283 0.000000 0.000000     0.435948     0.457339 
59348.098893 0.000000 0.000000     0.435387     0.457103 
59348.136503 0.000000 0.000000     0.435001     0.456876 
59348.174113 0.000000 0.000000     0.434788     0.456658 
59348.211723 0.000000 0.000000     0.434751     0.456447 
59348.249333 0.000000 0.000000     0.434889     0.456244 
59348.286944 0.000000 0.000000     0.435202     0.456050 
59348.324554 0.000000 0.000000     0.435692     0.455863 
59348.362164 0.000000 0.000000     0.436357     0.455683 
59348.399774 0.000000 0.000000     0.437199     0.455512 
59348.437384 0.000000 0.000000     0.438218     0.455347 
59348.474994 0.000000 0.000000     0.439413     0.455190 
59348.512605 0.000000 0.000000     0.440785     0.455039 
59348.550215 0.000000 0.000000     0.442334     0.454896 
59348.587825 0.000000 0.000000     0.444060     0.454760 
59348.625435 0.000000 0.000000     0.445963     0.454629 
59348.663045 0.000000 0.000000     0.448042     0.454506 
59348.700655 0.000000 0.000000     0.450298     0.454388 
59348.738265 0.000000 0.000000     0.452730     0.454277 
59348.775876 0.000000 0.000000     0.455338     0.454172 
59348.813486 0.000000 0.000000     0.458122     0.454072 
59348.851096 0.000000 0.000000     0.461082     0.453978 
59348.888706 0.000000 0.000000     0.464216     0.453890 
59348.926316 0.000000 0.000000     0.467525     0.453806 
59348.963926 0.000000 0.000000     0.471008     0.453728 
59349.001537 0.000000 0.000000     0.474665     0.453654 
59349.039147 0.000000 0.000000     0.478494     0.453586 
59349.076757 0.000000 0.000000     0.482496     0.453522 
59349.114367 0.000000 0.000000     0.486669     0.453462 
59349.151977 0.000000 0.000000     0.491014     0.453406 
59349.189587 0.000000 0.000000     0.495528     0.453355 
59349.227197 0.000000 0.000000     0.500212     0.453307 
59349.264808 0.000000 0.000000     0.505064     0.453263 
59349.302418 0.000000 0.000000     0.510083     0.453223 
59349.340028 0.000000 0.000000     0.515269     0.453186 
59349.377638 0.000000 0.000000     0.520621     0.453152 
59349.415248 0.000000 0.000000     0.526137     0.453122 
59349.452858 0.000000 0.000000     0.531816     0.453094 
59349.490469 0.000000 0.000000     0.537658     0.453070 
59349.528079 0.000000 0.000000     0.543660     0.453048 
59349.565689 0.000000 0.000000     0.549822     0.453028 
59349.603299 0.000000 0.000000     0.556143     0.453011 
59349.640909 0.000000 0.000000     0.562621     0.452997 
59349.678519 0.000000 0.000000     0.569255     0.452984 
59349.716129 0.000000 0.000000     0.576043     0.452974 
59349.753740 0.000000 0.000000     0.582984     0.452965 
59349.791350 0.000000 0.000000     0.590076     0.452959 
59349.828960 0.000000 0.000000     0.597318     0.452954 
59349.866570 0.000000 0.000000     0.604708     0.452951 
59349.904180 0.000000 0.000000     0.612245     0.452949 
59349.941790 0.000000 0.000000     0.619927     0.452949 
59349.979401 0.000000 0.000000     0.627751     0.452950 
59350.017011 0.000000 0.000000     0.635718     0.452953 
59350.054621 0.000000 0.000000     0.643824     0.452956 
59350.092231 0.000000 0.000000     0.652067     0.452961 
59350.129841 0.000000 0.000000     0.660447     0.452967 
59350.167451 0.000000 0.000000     0.668960     0.452975 
59350.205062 0.000000 0.000000     0.677606     0.452983 
59350.242672 0.000000 0.000000     0.686381     0.452992 
59350.280282 0.000000 0.000000     0.695285     0.453002 
59350.317892 0.000000 0.000000     0.704314     0.453013 
59350.355502 0.000000 0.000000     0.713467     0.453025 
59350.393112 0.000000 0.000000     0.722741     0.453038 
59350.430722 0.000000 0.000000     0.732135     0.453051 
59350.468333 0.000000 0.000000     0.741646     0.453066 
59350.505943 0.000000 0.000000     0.751272     0.453081 
59350.543553 0.000000 0.000000     0.761011     0.453097 
59350.581163 0.000000 0.000000     0.770859     0.453114 
59350.618773 0.000000 0.000000     0.780816     0.453131 
59350.656383 0.000000 0.000000     0.790877     0.453150 
59350.693994 0.000000 0.000000     0.801042     0.453169 
59350.731604 0.000000 0.000000     0.811308     0.453190 
59350.769214 0.000000 0.000000     0.821671     0.453211 
59350.806824 0.000000 0.000000     0.832130     0.453233 
59350.844434 0.000000 0.000000     0.842681     0.453256 
59350.882044 0.000000 0.000000     0.853323     0.453280 
59350.919654 0.000000 0.000000     0.864052     0.453305 
59350.957265 0.000000 0.000000     0.874867     0.453331 
59350.994875 0.000000 0.000000     0.885763     0.453359 
59351.032485 0.000000 0.000000     0.896740     0.453387 
59351.070095 0.000000 0.000000     0.907792     0.453417 
59351.107705 0.000000 0.000000     0.918919     0.453448 
59351.145315 0.000000 0.000000     0.930117     0.453480 
59351.182926 0.000000 0.000000     0.941384     0.453514 
59351.220536 0.000000 0.000000     0.952715     0.453549 
59351.258146 0.000000 0.000000     0.964110     0.453585 
59351.295756 0.000000 0.000000     0.975564     0.453623 
59351.333366 0.000000 0.000000     0.987074     0.453663 
59351.370976 0.000000 0.000000     0.998639     0.453704 
59351.408586 0.000000 0.000000     1.010254     0.453748 
59351.446197 0.000000 0.000000     1.021916     0.453793 
59351.483807 0.000000 0.000000     1.033624     0.453839 
59351.521417 0.000000 0.000000     1.045373     0.453888 
59351.559027 0.000000 0.000000     1.057161     0.453939 
59351.596637 0.000000 0.000000     1.068984     0.453991 
59351.634247 0.000000 0.000000     1.080839     0.454046 
59351.671858 0.000000 0.000000     1.092724     0.454103 
59351.709468 0.000000 0.000000     1.104635     0.454162 
59351.747078 0.000000 0.000000     1.116568     0.454224 
59351.784688 0.000000 0.000000     1.128521     0.454287 
59351.822298 0.000000 0.000000     1.140491     0.454353 
59351.859908 0.000000 0.000000     1.152474     0.454422 
59351.897519 0.000000 0.000000     1.164467     0.454493 
59351.935129 0.000000 0.000000     1.176467     0.454566 
59351.972739 0.000000 0.000000     1.188470     0.454642 
59352.010349 0.000000 0.000000     1.200473     0.454720 
59352.047959 0.000000 0.000000     1.212474     0.454801 
59352.085569 0.000000 0.000000     1.224468     0.454885 
59352.123179 0.000000 0.000000     1.236452     0.454971 
59352.160790 0.000000 0.000000     1.248423     0.455060 
59352.198400 0.000000 0.000000     1.260378     0.455151 
59352.236010 0.000000 0.000000     1.272314     0.455245 
59352.273620 0.000000 0.000000     1.284226     0.455342 
59352.311230 0.000000 0.000000     1.296112     0.455441 
59352.348840 0.000000 0.000000     1.307968     0.455543 
59352.386451 0.000000 0.000000     1.319791     0.455647 
59352.424061 0.000000 0.000000     1.331577     0.455754 
59352.461671 0.000000 0.000000     1.343324     0.455864 
59352.499281 0.000000 0.000000     1.355027     0.455976 
59352.536891 0.000000 0.000000     1.366683     0.456090 
59352.574501 0.000000 0.000000     1.378290     0.456207 
59352.612111 0.000000 0.000000     1.389843     0.456326 
59352.649722 0.000000 0.000000     1.401339     0.456447 
59352.687332 0.000000 0.000000     1.412775     0.456571 
59352.724942 0.000000 0.000000     1.424147     0.456696 
59352.762552 0.000000 0.000000     1.435453     0.456824 
59352.800162 0.000000 0.000000     1.446687     0.456954 
59352.837772 0.000000 0.000000     1.457848     0.457085 
59352.875383 0.000000 0.000000     1.468932     0.457219 
59352.912993 0.000000 0.000000     1.479935     0.457354 
59352.950603 0.000000 0.000000     1.490854     0.457490 
59352.988213 0.000000 0.000000     1.501686     0.457628 
59353.025823 0.000000 0.000000     1.512427     0.457767 
59353.063433 0.000000 0.000000     1.523074     0.457908 
59353.101043 0.000000 0.000000     1.533624     0.458049 
59353.138654 0.000000 0.000000     1.544073     0.458191 
59353.176264 0.000000 0.000000     1.554417     0.458335 
59353.213874 0.000000 0.000000     1.564654     0.458478 
59353.251484 0.000000 0.000000     1.574781     0.458622 
59353.289094 0.000000 0.000000     1.584793     0.458767 
59353.326704 0.000000 0.000000     1.594688     0.458911 
59353.364315 0.000000 0.000000     1.604462     0.459055 
59353.401925 0.000000 0.000000     1.614112     0.459199 
59353.439535 0.000000 0.000000     1.623635     0.459343 
59353.477145 0.000000 0.000000     1.633028     0.459486 
59353.514755 0.000000 0.000000     1.642287     0.459628 
59353.552365 0.000000 0.000000     1.651409     0.459770 
59353.589976 0.000000 0.000000     1.660391     0.459910 
59353.627586 0.000000 0.000000     1.669229     0.460048 
59353.665196 0.000000 0.000000     1.677922     0.460185 
59353.702806 0.000000 0.000000     1.686464     0.460321 
59353.740416 0.000000 0.000000     1.694854     0.460454 
59353.778026 0.000000 0.000000     1.703088     0.460585 
59353.815636 0.000000 0.000000     1.711163     0.460714 
59353.853247 0.000000 0.000000     1.719076     0.460840 
59353.890857 0.000000 0.000000     1.726824     0.460963 
59353.928467 0.000000 0.000000     1.734404     0.461084 
59353.966077 0.000000 0.000000     1.741814     0.461201 
59354.003687 0.000000 0.000000     1.749049     0.461315 
59354.041297 0.000000 0.000000     1.756107     0.461425 
59354.078908 0.000000 0.000000     1.762985     0.461532 
59354.116518 0.000000 0.000000     1.769680     0.461634 
59354.154128 0.000000 0.000000     1.776190     0.461733 
59354.191738 0.000000 0.000000     1.782511     0.461827 
59354.229348 0.000000 0.000000     1.788641     0.461916 
59354.266958 0.000000 0.000000     1.794576     0.462001 
59354.304568 0.000000 0.000000     1.800315     0.462081 
59354.342179 0.000000 0.000000     1.805855     0.462156 
59354.379789 0.000000 0.000000     1.811191     0.462226 
59354.417399 0.000000 0.000000     1.816323     0.462290 
59354.455009 0.000000 0.000000     1.821248     0.462349 
59354.492619 0.000000 0.000000     1.825962     0.462403 
59354.530229 0.000000 0.000000     1.830463     0.462450 
59354.567840 0.000000 0.000000     1.834749     0.462492 
59354.605450 0.000000 0.000000     1.838816     0.462528 
59354.643060 0.000000 0.000000     1.842664     0.462558 
59354.680670 0.000000 0.000000     1.846289     0.462582 
59354.718280 0.000000 0.000000     1.849688     0.462600 
59354.755890 0.000000 0.000000     1.852860     0.462612 
59354.793500 0.000000 0.000000     1.855802     0.462617 
59354.831111 0.000000 0.000000     1.858512     0.462616 
59354.868721 0.000000 0.000000     1.860988     0.462609 
59354.906331 0.000000 0.000000     1.863226     0.462595 
59354.943941 0.000000 0.000000     1.865226     0.462575 
59354.981551 0.000000 0.000000     1.866985     0.462549 
59355.019161 0.000000 0.000000     1.868501     0.462517 
59355.056772 0.000000 0.000000     1.869771     0.462479 
59355.094382 0.000000 0.000000     1.870795     0.462434 
59355.131992 0.000000 0.000000     1.871569     0.462384 
59355.169602 0.000000 0.000000     1.872092     0.462328 
59355.207212 0.000000 0.000000     1.872362     0.462267 
59355.244822 0.000000 0.000000     1.872377     0.462200 
59355.282433 0.000000 0.000000     1.872135     0.462128 
59355.320043 0.000000 0.000000     1.871635     0.462050 
59355.357653 0.000000 0.000000     1.870875     0.461969 
59355.395263 0.000000 0.000000     1.869852     0.461882 
59355.432873 0.000000 0.000000     1.868566     0.461792 
59355.470483 0.000000 0.000000     1.867016     0.461698 
59355.508093 0.000000 0.000000     1.865198     0.461600 
59355.545704 0.000000 0.000000     1.863112     0.461499 
59355.583314 0.000000 0.000000     1.860757     0.461396 
59355.620924 0.000000 0.000000     1.858130     0.461290 
59355.658534 0.000000 0.000000     1.855231     0.461183 
59355.696144 0.000000 0.000000     1.852059     0.461074 
59355.733754 0.000000 0.000000     1.848611     0.460965 
59355.771365 0.000000 0.000000     1.844888     0.460856 
59355.808975 0.000000 0.000000     1.840886     0.460748 
59355.846585 0.000000 0.000000     1.836607     0.460640 
59355.884195 0.000000 0.000000     1.832048     0.460535 
59355.921805 0.000000 0.000000     1.827208     0.460432 
59355.959415 0.000000 0.000000     1.822086     0.460332 
59355.997025 0.000000 0.000000     1.816683     0.460237 
59356.034636 0.000000 0.000000     1.810995     0.460147 
59356.072246 0.000000 0.000000     1.805024     0.460063 
59356.109856 0.000000 0.000000     1.798768     0.459985 
59356.147466 0.000000 0.000000     1.792226     0.459915 
59356.185076 0.000000 0.000000     1.785397     0.459854 
59356.222686 0.000000 0.000000     1.778282     0.459803 
59356.260297 0.000000 0.000000     1.770879     0.459762 
59356.297907 0.000000 0.000000     1.763188     0.459733 
59356.335517 0.000000 0.000000     1.755209     0.459718 
59356.373127 0.000000 0.000000     1.746941     0.459716 
59356.410737 0.000000 0.000000     1.738383     0.459730 
59356.448347 0.000000 0.000000     1.729536     0.459761 
59356.485957 0.000000 0.000000     1.720399     0.459809 
59356.523568 0.000000 0.000000     1.710972     0.459877 
59356.561178 0.000000 0.000000     1.701255     0.459965 
59356.598788 0.000000 0.000000     1.691248     0.460075 
59356.636398 0.000000 0.000000     1.680950     0.460208 
59356.674008 0.000000 0.000000     1.670362     0.460366 
59356.711618 0.000000 0.000000     1.659484     0.460550 
59356.749229 0.000000 0.000000     1.648316     0.460761 
59356.786839 0.000000 0.000000     1.636858     0.461002 
59356.824449 0.000000 0.000000     1.625110     0.461272 
59356.862059 0.000000 0.000000     1.613073     0.461575 
59356.899669 0.000000 0.000000     1.600747     0.461911 
59356.937279 0.000000 0.000000     1.588133     0.462282 
59356.974890 0.000000 0.000000     1.575230     0.462689 
59357.012500 0.000000 0.000000     1.562039     0.463134 
59357.050110 0.000000 0.000000     1.548562     0.463618 
59357.087720 0.000000 0.000000     1.534798     0.464142 
59357.125330 0.000000 0.000000     1.520748     0.464709 
59357.162940 0.000000 0.000000     1.506413     0.465319 
59357.200550 0.000000 0.000000     1.491794     0.465974 
59357.238161 0.000000 0.000000     1.476891     0.466675 
59357.275771 0.000000 0.000000     1.461705     0.467424 
59357.313381 0.000000 0.000000     1.446238     0.468221 
59357.350991 0.000000 0.000000     1.430490     0.469068 
59357.388601 0.000000 0.000000     1.414463     0.469967 
59357.426211 0.000000 0.000000     1.398157     0.470917 
59357.463822 0.000000 0.000000     1.381574     0.471920 
59357.501432 0.000000 0.000000     1.364714     0.472978 
59357.539042 0.000000 0.000000     1.347580     0.474091 
59357.576652 0.000000 0.000000     1.330172     0.475259 
59357.614262 0.000000 0.000000     1.312491     0.476484 
59357.651872 0.000000 0.000000     1.294540     0.477767 
59357.689482 0.000000 0.000000     1.276320     0.479107 
59357.727093 0.000000 0.000000     1.257832     0.480506 
59357.764703 0.000000 0.000000     1.239077     0.481963 
59357.802313 0.000000 0.000000     1.220058     0.483480 
59357.839923 0.000000 0.000000     1.200776     0.485056 
59357.877533 0.000000 0.000000     1.181233     0.486692 
59357.915143 0.000000 0.000000     1.161430     0.488388 
59357.952754 0.000000 0.000000     1.141370     0.490143 
59357.990364 0.000000 0.000000     1.121054     0.491959 
59358.027974 0.000000 0.000000     1.100484     0.493833 
59358.065584 0.000000 0.000000     1.079663     0.495767 
59358.103194 0.000000 0.000000     1.058591     0.497760 
59358.140804 0.000000 0.000000     1.037273     0.499812 
59358.178414 0.000000 0.000000     1.015708     0.501921 
59358.216025 0.000000 0.000000     0.993900     0.504089 
59358.253635 0.000000 0.000000     0.971852     0.506313 
59358.291245 0.000000 0.000000     0.949564     0.508593 
59358.328855 0.000000 0.000000     0.927040     0.510929 
59358.366465 0.000000 0.000000     0.904281     0.513320 
59358.404075 0.000000 0.000000     0.881291     0.515765 
59358.441686 0.000000 0.000000     0.858072     0.518262 
59358.479296 0.000000 0.000000     0.834626     0.520812 
59358.516906 0.000000 0.000000     0.810956     0.523412 
59358.554516 0.000000 0.000000     0.787064     0.526063 
59358.592126 0.000000 0.000000     0.762954     0.528762 
59358.629736 0.000000 0.000000     0.738627     0.531510 
59358.667347 0.000000 0.000000     0.714087     0.534303 
59358.704957 0.000000 0.000000     0.689336     0.537143 
59358.742567 0.000000 0.000000     0.664377     0.540026 
59358.780177 0.000000 0.000000     0.639213     0.542953 
59358.817787 0.000000 0.000000     0.613847     0.545921 
59358.855397 0.000000 0.000000     0.588282     0.548930 
59358.893007 0.000000 0.000000     0.562521     0.551978 
59358.930618 0.000000 0.000000     0.536566     0.555064 
59358.968228 0.000000 0.000000     0.510422     0.558187 
59359.005838 0.000000 0.000000     0.484091     0.561346 
59359.043448 0.000000 0.000000     0.457576     0.564539 
59359.081058 0.000000 0.000000     0.430880     0.567764 
59359.118668 0.000000 0.000000     0.404007     0.571022 
59359.156279 0.000000 0.000000     0.376960     0.574310 
59359.193889 0.000000 0.000000     0.349742     0.577627 
59359.231499 0.000000 0.000000     0.322356     0.580972 
59359.269109 0.000000 0.000000     0.294807     0.584344 
59359.306719 0.000000 0.000000     0.267096     0.587741 
59359.344329 0.000000 0.000000     0.239229     0.591163 
59359.381939 0.000000 0.000000     0.211207     0.594608 
59359.419550 0.000000 0.000000     0.183036     0.598075 
59359.457160 0.000000 0.000000     0.154717     0.601563 
59359.494770 0.000000 0.000000     0.126255     0.605070 
59359.532380 0.000000 0.000000     0.097654     0.608596 
59359.569990 0.000000 0.000000     0.068917     0.612140 
59359.607600 0.000000 0.000000     0.040047     0.615700 
59359.645211 0.000000 0.000000     0.011049     0.619275 
59359.682821 0.000000 0.000000    -0.018075     0.622865 
59359.720431 0.000000 0.000000    -0.047319     0.626468 
59359.758041 0.000000 0.000000    -0.076681     0.630083 
59359.795651 0.000000 0.000000    -0.106157     0.633710 
59359.833261 0.000000 0.000000    -0.135743     0.637347 
59359.870871 0.000000 0.000000    -0.165434     0.640993 
59359.908482 0.000000 0.000000    -0.195228     0.644648 
59359.946092 0.000000 0.000000    -0.225120     0.648311 
59359.983702 0.000000 0.000000    -0.255107     0.651981 
59360.021312 0.000000 0.000000    -0.285184     0.655656 
59360.058922 0.000000 0.000000    -0.315348     0.659336 
59360.096532 0.000000 0.000000    -0.345594     0.663021 
59360.134143 0.000000 0.000000    -0.375919     0.666709 
59360.171753 0.000000 0.000000    -0.406318     0.670400 
59360.209363 0.000000 0.000000    -0.436788     0.674093 
59360.246973 0.000000 0.000000    -0.467325     0.677787 
59360.284583 0.000000 0.000000    -0.497924     0.681481 
59360.322193 0.000000 0.000000    -0.528582     0.685175 
59360.359804 0.000000 0.000000    -0.559294     0.688868 
59360.397414 0.000000 0.000000    -0.590056     0.692559 
59360.435024 0.000000 0.000000    -0.620865     0.696249 
59360.472634 0.000000 0.000000    -0.651715     0.699935 
59360.510244 0.000000 0.000000    -0.682604     0.703617 
59360.547854 0.000000 0.000000    -0.713527     0.707296 
59360.585464 0.000000 0.000000    -0.744479     0.710969 
59360.623075 0.000000 0.000000    -0.775457     0.714637 
59360.660685 0.000000 0.000000    -0.806457     0.718300 
59360.698295 0.000000 0.000000    -0.837474     0.721956 
59360.735905 0.000000 0.000000    -0.868504     0.725604 
59360.773515 0.000000 0.000000    -0.899543     0.729246 
59360.811125 0.000000 0.000000    -0.930587     0.732879 
59360.848736 0.000000 0.000000    -0.961631     0.736503 
59360.886346 0.000000 0.000000    -0.992673     0.740119 
59360.923956 0.000000 0.000000    -1.023706     0.743725 
59360.961566 0.000000 0.000000    -1.054728     0.747321 
59360.999176 0.000000 0.000000    -1.085734     0.750907 
59361.036786 0.000000 0.000000    -1.116719     0.754481 
59361.074396 0.000000 0.000000    -1.147681     0.758045 
59361.112007 0.000000 0.000000    -1.178613     0.761596 
59361.149617 0.000000 0.000000    -1.209514     0.765136 
59361.187227 0.000000 0.000000    -1.240377     0.768663 
59361.224837 0.000000 0.000000    -1.271200     0.772177 
59361.262447 0.000000 0.000000    -1.301978     0.775678 
59361.300057 0.000000 0.000000    -1.332706     0.779165 
59361.337668 0.000000 0.000000    -1.363382     0.782638 
59361.375278 0.000000 0.000000    -1.394000     0.786097 
59361.412888 0.000000 0.000000    -1.424556     0.789541 
59361.450498 0.000000 0.000000    -1.455047     0.792970 
59361.488108 0.000000 0.000000    -1.485469     0.796383 
59361.525718 0.000000 0.000000    -1.515817     0.799781 
59361.563328 0.000000 0.000000    -1.546087     0.803163 
59361.600939 0.000000 0.000000    -1.576276     0.806528 
59361.638549 0.000000 0.000000    -1.606379     0.809877 
59361.676159 0.000000 0.000000    -1.636392     0.813210 
59361.713769 0.000000 0.000000    -1.666312     0.816524 
59361.751379 0.000000 0.000000    -1.696134     0.819822 
59361.788989 0.000000 0.000000    -1.725854     0.823102 
59361.826600 0.000000 0.000000    -1.755469     0.826364 
59361.864210 0.000000 0.000000    -1.784975     0.829608 
59361.901820 0.000000 0.000000    -1.814368     0.832833 
59361.939430 0.000000 0.000000    -1.843644     0.836040 
