# time Tc_folded Tref_folded model model_err 
59318.650141 0.000000 0.000000     0.498950     0.595247 
59318.687751 0.000000 0.000000     0.500460     0.598136 
59318.725361 0.000000 0.000000     0.501670     0.601022 
59318.762971 0.000000 0.000000     0.502564     0.603894 
59318.800582 0.000000 0.000000     0.503128     0.606746 
59318.838192 0.000000 0.000000     0.503347     0.609569 
59318.875802 0.000000 0.000000     0.503208     0.612356 
59318.913412 0.000000 0.000000     0.502696     0.615101 
59318.951022 0.000000 0.000000     0.501798     0.617795 
59318.988632 0.000000 0.000000     0.500501     0.620432 
59319.026243 0.000000 0.000000     0.498793     0.623007 
59319.063853 0.000000 0.000000     0.496661     0.625513 
59319.101463 0.000000 0.000000     0.494094     0.627945 
59319.139073 0.000000 0.000000     0.491081     0.630296 
59319.176683 0.000000 0.000000     0.487611     0.632563 
59319.214293 0.000000 0.000000     0.483675     0.634741 
59319.251903 0.000000 0.000000     0.479263     0.636824 
59319.289514 0.000000 0.000000     0.474368     0.638809 
59319.327124 0.000000 0.000000     0.468980     0.640693 
59319.364734 0.000000 0.000000     0.463093     0.642471 
59319.402344 0.000000 0.000000     0.456701     0.644140 
59319.439954 0.000000 0.000000     0.449796     0.645697 
59319.477564 0.000000 0.000000     0.442376     0.647139 
59319.515175 0.000000 0.000000     0.434434     0.648465 
59319.552785 0.000000 0.000000     0.425969     0.649670 
59319.590395 0.000000 0.000000     0.416976     0.650754 
59319.628005 0.000000 0.000000     0.407455     0.651715 
59319.665615 0.000000 0.000000     0.397403     0.652550 
59319.703225 0.000000 0.000000     0.386822     0.653258 
59319.740836 0.000000 0.000000     0.375712     0.653839 
59319.778446 0.000000 0.000000     0.364073     0.654292 
59319.816056 0.000000 0.000000     0.351909     0.654614 
59319.853666 0.000000 0.000000     0.339223     0.654807 
59319.891276 0.000000 0.000000     0.326019     0.654869 
59319.928886 0.000000 0.000000     0.312301     0.654800 
59319.966496 0.000000 0.000000     0.298076     0.654601 
59320.004107 0.000000 0.000000     0.283351     0.654272 
59320.041717 0.000000 0.000000     0.268132     0.653812 
59320.079327 0.000000 0.000000     0.252429     0.653223 
59320.116937 0.000000 0.000000     0.236250     0.652506 
59320.154547 0.000000 0.000000     0.219607     0.651661 
59320.192157 0.000000 0.000000     0.202509     0.650689 
59320.229768 0.000000 0.000000     0.184969     0.649593 
59320.267378 0.000000 0.000000     0.166999     0.648373 
59320.304988 0.000000 0.000000     0.148612     0.647032 
59320.342598 0.000000 0.000000     0.129824     0.645570 
59320.380208 0.000000 0.000000     0.110648     0.643992 
59320.417818 0.000000 0.000000     0.091102     0.642298 
59320.455428 0.000000 0.000000     0.071201     0.640491 
59320.493039 0.000000 0.000000     0.050962     0.638575 
59320.530649 0.000000 0.000000     0.030403     0.636552 
59320.568259 0.000000 0.000000     0.009544     0.634426 
59320.605869 0.000000 0.000000    -0.011597     0.632199 
59320.643479 0.000000 0.000000    -0.033000     0.629876 
59320.681089 0.000000 0.000000    -0.054644     0.627460 
59320.718700 0.000000 0.000000    -0.076509     0.624956 
59320.756310 0.000000 0.000000    -0.098572     0.622367 
59320.793920 0.000000 0.000000    -0.120812     0.619699 
59320.831530 0.000000 0.000000    -0.143206     0.616956 
59320.869140 0.000000 0.000000    -0.165731     0.614143 
59320.906750 0.000000 0.000000    -0.188364     0.611265 
59320.944360 0.000000 0.000000    -0.211080     0.608328 
59320.981971 0.000000 0.000000    -0.233856     0.605338 
59321.019581 0.000000 0.000000    -0.256666     0.602300 
59321.057191 0.000000 0.000000    -0.279488     0.599221 
59321.094801 0.000000 0.000000    -0.302294     0.596106 
59321.132411 0.000000 0.000000    -0.325061     0.592963 
59321.170021 0.000000 0.000000    -0.347762     0.589798 
59321.207632 0.000000 0.000000    -0.370373     0.586619 
59321.245242 0.000000 0.000000    -0.392867     0.583432 
59321.282852 0.000000 0.000000    -0.415220     0.580244 
59321.320462 0.000000 0.000000    -0.437405     0.577063 
59321.358072 0.000000 0.000000    -0.459397     0.573897 
59321.395682 0.000000 0.000000    -0.481171     0.570753 
59321.433293 0.000000 0.000000    -0.502701     0.567638 
59321.470903 0.000000 0.000000    -0.523961     0.564561 
59321.508513 0.000000 0.000000    -0.544928     0.561528 
59321.546123 0.000000 0.000000    -0.565575     0.558548 
59321.583733 0.000000 0.000000    -0.585879     0.555628 
59321.621343 0.000000 0.000000    -0.605815     0.552774 
59321.658953 0.000000 0.000000    -0.625359     0.549994 
59321.696564 0.000000 0.000000    -0.644489     0.547295 
59321.734174 0.000000 0.000000    -0.663180     0.544683 
59321.771784 0.000000 0.000000    -0.681411     0.542163 
59321.809394 0.000000 0.000000    -0.699159     0.539743 
59321.847004 0.000000 0.000000    -0.716402     0.537425 
59321.884614 0.000000 0.000000    -0.733121     0.535216 
59321.922225 0.000000 0.000000    -0.749293     0.533119 
59321.959835 0.000000 0.000000    -0.764901     0.531137 
59321.997445 0.000000 0.000000    -0.779924     0.529273 
59322.035055 0.000000 0.000000    -0.794345     0.527529 
59322.072665 0.000000 0.000000    -0.808146     0.525906 
59322.110275 0.000000 0.000000    -0.821310     0.524405 
59322.147885 0.000000 0.000000    -0.833821     0.523025 
59322.185496 0.000000 0.000000    -0.845665     0.521765 
59322.223106 0.000000 0.000000    -0.856826     0.520625 
59322.260716 0.000000 0.000000    -0.867292     0.519601 
59322.298326 0.000000 0.000000    -0.877049     0.518690 
59322.335936 0.000000 0.000000    -0.886087     0.517890 
59322.373546 0.000000 0.000000    -0.894395     0.517196 
59322.411157 0.000000 0.000000    -0.901963     0.516604 
59322.448767 0.000000 0.000000    -0.908783     0.516108 
59322.486377 0.000000 0.000000    -0.914847     0.515703 
59322.523987 0.000000 0.000000    -0.920149     0.515384 
59322.561597 0.000000 0.000000    -0.924683     0.515143 
59322.599207 0.000000 0.000000    -0.928444     0.514976 
59322.636817 0.000000 0.000000    -0.931429     0.514876 
59322.674428 0.000000 0.000000    -0.933636     0.514836 
59322.712038 0.000000 0.000000    -0.935064     0.514850 
59322.749648 0.000000 0.000000    -0.935713     0.514912 
59322.787258 0.000000 0.000000    -0.935583     0.515015 
59322.824868 0.000000 0.000000    -0.934676     0.515153 
59322.862478 0.000000 0.000000    -0.932996     0.515320 
59322.900089 0.000000 0.000000    -0.930547     0.515510 
59322.937699 0.000000 0.000000    -0.927334     0.515718 
59322.975309 0.000000 0.000000    -0.923364     0.515939 
59323.012919 0.000000 0.000000    -0.918645     0.516166 
59323.050529 0.000000 0.000000    -0.913184     0.516396 
59323.088139 0.000000 0.000000    -0.906991     0.516625 
59323.125750 0.000000 0.000000    -0.900078     0.516847 
59323.163360 0.000000 0.000000    -0.892456     0.517060 
59323.200970 0.000000 0.000000    -0.884138     0.517259 
59323.238580 0.000000 0.000000    -0.875138     0.517443 
59323.276190 0.000000 0.000000    -0.865470     0.517608 
59323.313800 0.000000 0.000000    -0.855150     0.517751 
59323.351410 0.000000 0.000000    -0.844195     0.517871 
59323.389021 0.000000 0.000000    -0.832623     0.517967 
59323.426631 0.000000 0.000000    -0.820452     0.518036 
59323.464241 0.000000 0.000000    -0.807702     0.518077 
59323.501851 0.000000 0.000000    -0.794393     0.518091 
59323.539461 0.000000 0.000000    -0.780547     0.518077 
59323.577071 0.000000 0.000000    -0.766184     0.518033 
59323.614682 0.000000 0.000000    -0.751329     0.517962 
59323.652292 0.000000 0.000000    -0.736004     0.517862 
59323.689902 0.000000 0.000000    -0.720233     0.517735 
59323.727512 0.000000 0.000000    -0.704041     0.517581 
59323.765122 0.000000 0.000000    -0.687455     0.517402 
59323.802732 0.000000 0.000000    -0.670499     0.517200 
59323.840342 0.000000 0.000000    -0.653200     0.516974 
59323.877953 0.000000 0.000000    -0.635586     0.516728 
59323.915563 0.000000 0.000000    -0.617684     0.516463 
59323.953173 0.000000 0.000000    -0.599521     0.516181 
59323.990783 0.000000 0.000000    -0.581127     0.515884 
59324.028393 0.000000 0.000000    -0.562530     0.515574 
59324.066003 0.000000 0.000000    -0.543760     0.515254 
59324.103614 0.000000 0.000000    -0.524844     0.514925 
59324.141224 0.000000 0.000000    -0.505813     0.514592 
59324.178834 0.000000 0.000000    -0.486697     0.514255 
59324.216444 0.000000 0.000000    -0.467525     0.513917 
59324.254054 0.000000 0.000000    -0.448327     0.513581 
59324.291664 0.000000 0.000000    -0.429133     0.513249 
59324.329274 0.000000 0.000000    -0.409973     0.512923 
59324.366885 0.000000 0.000000    -0.390877     0.512606 
59324.404495 0.000000 0.000000    -0.371874     0.512299 
59324.442105 0.000000 0.000000    -0.352994     0.512006 
59324.479715 0.000000 0.000000    -0.334266     0.511727 
59324.517325 0.000000 0.000000    -0.315719     0.511465 
59324.554935 0.000000 0.000000    -0.297382     0.511221 
59324.592546 0.000000 0.000000    -0.279284     0.510997 
59324.630156 0.000000 0.000000    -0.261452     0.510794 
59324.667766 0.000000 0.000000    -0.243915     0.510613 
59324.705376 0.000000 0.000000    -0.226699     0.510456 
59324.742986 0.000000 0.000000    -0.209830     0.510322 
59324.780596 0.000000 0.000000    -0.193336     0.510213 
59324.818207 0.000000 0.000000    -0.177241     0.510129 
59324.855817 0.000000 0.000000    -0.161571     0.510070 
59324.893427 0.000000 0.000000    -0.146349     0.510035 
59324.931037 0.000000 0.000000    -0.131598     0.510025 
59324.968647 0.000000 0.000000    -0.117343     0.510040 
59325.006257 0.000000 0.000000    -0.103603     0.510077 
59325.043867 0.000000 0.000000    -0.090401     0.510138 
59325.081478 0.000000 0.000000    -0.077756     0.510219 
59325.119088 0.000000 0.000000    -0.065688     0.510322 
59325.156698 0.000000 0.000000    -0.054214     0.510443 
59325.194308 0.000000 0.000000    -0.043353     0.510582 
59325.231918 0.000000 0.000000    -0.033120     0.510737 
59325.269528 0.000000 0.000000    -0.023532     0.510906 
59325.307139 0.000000 0.000000    -0.014601     0.511087 
59325.344749 0.000000 0.000000    -0.006341     0.511279 
59325.382359 0.000000 0.000000     0.001236     0.511480 
59325.419969 0.000000 0.000000     0.008118     0.511687 
59325.457579 0.000000 0.000000     0.014297     0.511899 
59325.495189 0.000000 0.000000     0.019763     0.512114 
59325.532799 0.000000 0.000000     0.024510     0.512329 
59325.570410 0.000000 0.000000     0.028530     0.512543 
59325.608020 0.000000 0.000000     0.031819     0.512753 
59325.645630 0.000000 0.000000     0.034374     0.512958 
59325.683240 0.000000 0.000000     0.036191     0.513155 
59325.720850 0.000000 0.000000     0.037270     0.513344 
59325.758460 0.000000 0.000000     0.037610     0.513522 
59325.796071 0.000000 0.000000     0.037213     0.513687 
59325.833681 0.000000 0.000000     0.036080     0.513839 
59325.871291 0.000000 0.000000     0.034216     0.513975 
59325.908901 0.000000 0.000000     0.031626     0.514095 
59325.946511 0.000000 0.000000     0.028315     0.514197 
59325.984121 0.000000 0.000000     0.024292     0.514280 
59326.021731 0.000000 0.000000     0.019564     0.514343 
59326.059342 0.000000 0.000000     0.014143     0.514386 
59326.096952 0.000000 0.000000     0.008038     0.514408 
59326.134562 0.000000 0.000000     0.001262     0.514409 
59326.172172 0.000000 0.000000    -0.006171     0.514387 
59326.209782 0.000000 0.000000    -0.014247     0.514344 
59326.247392 0.000000 0.000000    -0.022950     0.514279 
59326.285003 0.000000 0.000000    -0.032264     0.514192 
59326.322613 0.000000 0.000000    -0.042169     0.514084 
59326.360223 0.000000 0.000000    -0.052647     0.513955 
59326.397833 0.000000 0.000000    -0.063679     0.513806 
59326.435443 0.000000 0.000000    -0.075242     0.513637 
59326.473053 0.000000 0.000000    -0.087315     0.513450 
59326.510664 0.000000 0.000000    -0.099874     0.513245 
59326.548274 0.000000 0.000000    -0.112896     0.513024 
59326.585884 0.000000 0.000000    -0.126356     0.512787 
59326.623494 0.000000 0.000000    -0.140227     0.512537 
59326.661104 0.000000 0.000000    -0.154484     0.512275 
59326.698714 0.000000 0.000000    -0.169099     0.512002 
59326.736324 0.000000 0.000000    -0.184043     0.511721 
59326.773935 0.000000 0.000000    -0.199289     0.511432 
59326.811545 0.000000 0.000000    -0.214806     0.511139 
59326.849155 0.000000 0.000000    -0.230565     0.510842 
59326.886765 0.000000 0.000000    -0.246535     0.510543 
59326.924375 0.000000 0.000000    -0.262684     0.510246 
59326.961985 0.000000 0.000000    -0.278981     0.509951 
59326.999596 0.000000 0.000000    -0.295395     0.509661 
59327.037206 0.000000 0.000000    -0.311892     0.509377 
59327.074816 0.000000 0.000000    -0.328440     0.509102 
59327.112426 0.000000 0.000000    -0.345005     0.508838 
59327.150036 0.000000 0.000000    -0.361555     0.508587 
59327.187646 0.000000 0.000000    -0.378056     0.508349 
59327.225256 0.000000 0.000000    -0.394474     0.508128 
59327.262867 0.000000 0.000000    -0.410776     0.507925 
59327.300477 0.000000 0.000000    -0.426928     0.507741 
59327.338087 0.000000 0.000000    -0.442896     0.507578 
59327.375697 0.000000 0.000000    -0.458647     0.507437 
59327.413307 0.000000 0.000000    -0.474148     0.507319 
59327.450917 0.000000 0.000000    -0.489364     0.507226 
59327.488528 0.000000 0.000000    -0.504263     0.507158 
59327.526138 0.000000 0.000000    -0.518813     0.507116 
59327.563748 0.000000 0.000000    -0.532980     0.507101 
59327.601358 0.000000 0.000000    -0.546733     0.507112 
59327.638968 0.000000 0.000000    -0.560041     0.507151 
59327.676578 0.000000 0.000000    -0.572871     0.507218 
59327.714188 0.000000 0.000000    -0.585194     0.507311 
59327.751799 0.000000 0.000000    -0.596980     0.507431 
59327.789409 0.000000 0.000000    -0.608199     0.507578 
59327.827019 0.000000 0.000000    -0.618822     0.507750 
59327.864629 0.000000 0.000000    -0.628822     0.507947 
59327.902239 0.000000 0.000000    -0.638172     0.508168 
59327.939849 0.000000 0.000000    -0.646845     0.508412 
59327.977460 0.000000 0.000000    -0.654817     0.508677 
59328.015070 0.000000 0.000000    -0.662061     0.508962 
59328.052680 0.000000 0.000000    -0.668555     0.509266 
59328.090290 0.000000 0.000000    -0.674277     0.509587 
59328.127900 0.000000 0.000000    -0.679204     0.509922 
59328.165510 0.000000 0.000000    -0.683316     0.510271 
59328.203121 0.000000 0.000000    -0.686594     0.510631 
59328.240731 0.000000 0.000000    -0.689019     0.511000 
59328.278341 0.000000 0.000000    -0.690575     0.511376 
59328.315951 0.000000 0.000000    -0.691245     0.511757 
59328.353561 0.000000 0.000000    -0.691015     0.512141 
59328.391171 0.000000 0.000000    -0.689872     0.512526 
59328.428781 0.000000 0.000000    -0.687802     0.512909 
59328.466392 0.000000 0.000000    -0.684796     0.513289 
59328.504002 0.000000 0.000000    -0.680844     0.513662 
59328.541612 0.000000 0.000000    -0.675938     0.514028 
59328.579222 0.000000 0.000000    -0.670070     0.514384 
59328.616832 0.000000 0.000000    -0.663236     0.514727 
59328.654442 0.000000 0.000000    -0.655431     0.515056 
59328.692053 0.000000 0.000000    -0.646653     0.515369 
59328.729663 0.000000 0.000000    -0.636901     0.515664 
59328.767273 0.000000 0.000000    -0.626174     0.515939 
59328.804883 0.000000 0.000000    -0.614475     0.516192 
59328.842493 0.000000 0.000000    -0.601806     0.516422 
59328.880103 0.000000 0.000000    -0.588172     0.516627 
59328.917713 0.000000 0.000000    -0.573579     0.516806 
59328.955324 0.000000 0.000000    -0.558034     0.516957 
59328.992934 0.000000 0.000000    -0.541546     0.517079 
59329.030544 0.000000 0.000000    -0.524124     0.517171 
59329.068154 0.000000 0.000000    -0.505782     0.517232 
59329.105764 0.000000 0.000000    -0.486531     0.517261 
59329.143374 0.000000 0.000000    -0.466386     0.517257 
59329.180985 0.000000 0.000000    -0.445363     0.517220 
59329.218595 0.000000 0.000000    -0.423479     0.517148 
59329.256205 0.000000 0.000000    -0.400752     0.517041 
59329.293815 0.000000 0.000000    -0.377203     0.516900 
59329.331425 0.000000 0.000000    -0.352851     0.516723 
59329.369035 0.000000 0.000000    -0.327719     0.516510 
59329.406645 0.000000 0.000000    -0.301832     0.516262 
59329.444256 0.000000 0.000000    -0.275213     0.515979 
59329.481866 0.000000 0.000000    -0.247888     0.515660 
59329.519476 0.000000 0.000000    -0.219886     0.515307 
59329.557086 0.000000 0.000000    -0.191232     0.514918 
59329.594696 0.000000 0.000000    -0.161958     0.514496 
59329.632306 0.000000 0.000000    -0.132093     0.514040 
59329.669917 0.000000 0.000000    -0.101668     0.513552 
59329.707527 0.000000 0.000000    -0.070716     0.513032 
59329.745137 0.000000 0.000000    -0.039270     0.512480 
59329.782747 0.000000 0.000000    -0.007364     0.511898 
59329.820357 0.000000 0.000000     0.024967     0.511287 
59329.857967 0.000000 0.000000     0.057689     0.510649 
59329.895578 0.000000 0.000000     0.090763     0.509983 
59329.933188 0.000000 0.000000     0.124154     0.509292 
59329.970798 0.000000 0.000000     0.157823     0.508577 
59330.008408 0.000000 0.000000     0.191733     0.507839 
59330.046018 0.000000 0.000000     0.225845     0.507079 
59330.083628 0.000000 0.000000     0.260119     0.506300 
59330.121238 0.000000 0.000000     0.294515     0.505503 
59330.158849 0.000000 0.000000     0.328994     0.504689 
59330.196459 0.000000 0.000000     0.363515     0.503860 
59330.234069 0.000000 0.000000     0.398038     0.503017 
59330.271679 0.000000 0.000000     0.432521     0.502163 
59330.309289 0.000000 0.000000     0.466924     0.501299 
59330.346899 0.000000 0.000000     0.501205     0.500427 
59330.384510 0.000000 0.000000     0.535324     0.499548 
59330.422120 0.000000 0.000000     0.569239     0.498665 
59330.459730 0.000000 0.000000     0.602909     0.497778 
59330.497340 0.000000 0.000000     0.636294     0.496890 
59330.534950 0.000000 0.000000     0.669351     0.496003 
59330.572560 0.000000 0.000000     0.702042     0.495117 
59330.610170 0.000000 0.000000     0.734325     0.494236 
59330.647781 0.000000 0.000000     0.766161     0.493359 
59330.685391 0.000000 0.000000     0.797511     0.492490 
59330.723001 0.000000 0.000000     0.828335     0.491629 
59330.760611 0.000000 0.000000     0.858595     0.490777 
59330.798221 0.000000 0.000000     0.888252     0.489937 
59330.835831 0.000000 0.000000     0.917271     0.489110 
59330.873442 0.000000 0.000000     0.945613     0.488297 
59330.911052 0.000000 0.000000     0.973244     0.487499 
59330.948662 0.000000 0.000000     1.000127     0.486718 
59330.986272 0.000000 0.000000     1.026230     0.485954 
59331.023882 0.000000 0.000000     1.051518     0.485208 
59331.061492 0.000000 0.000000     1.075958     0.484482 
59331.099102 0.000000 0.000000     1.099520     0.483776 
59331.136713 0.000000 0.000000     1.122172     0.483091 
59331.174323 0.000000 0.000000     1.143886     0.482427 
59331.211933 0.000000 0.000000     1.164632     0.481786 
59331.249543 0.000000 0.000000     1.184384     0.481167 
59331.287153 0.000000 0.000000     1.203116     0.480572 
59331.324763 0.000000 0.000000     1.220802     0.480000 
59331.362374 0.000000 0.000000     1.237419     0.479451 
59331.399984 0.000000 0.000000     1.252944     0.478926 
59331.437594 0.000000 0.000000     1.267357     0.478424 
59331.475204 0.000000 0.000000     1.280637     0.477946 
59331.512814 0.000000 0.000000     1.292767     0.477492 
59331.550424 0.000000 0.000000     1.303729     0.477060 
59331.588035 0.000000 0.000000     1.313508     0.476652 
59331.625645 0.000000 0.000000     1.322089     0.476266 
59331.663255 0.000000 0.000000     1.329460     0.475902 
59331.700865 0.000000 0.000000     1.335609     0.475559 
59331.738475 0.000000 0.000000     1.340527     0.475237 
59331.776085 0.000000 0.000000     1.344206     0.474935 
59331.813695 0.000000 0.000000     1.346639     0.474652 
59331.851306 0.000000 0.000000     1.347819     0.474388 
59331.888916 0.000000 0.000000     1.347745     0.474142 
59331.926526 0.000000 0.000000     1.346413     0.473913 
59331.964136 0.000000 0.000000     1.343824     0.473699 
59332.001746 0.000000 0.000000     1.339977     0.473500 
59332.039356 0.000000 0.000000     1.334875     0.473315 
59332.076967 0.000000 0.000000     1.328523     0.473143 
59332.114577 0.000000 0.000000     1.320925     0.472982 
59332.152187 0.000000 0.000000     1.312089     0.472832 
59332.189797 0.000000 0.000000     1.302023     0.472691 
59332.227407 0.000000 0.000000     1.290737     0.472558 
59332.265017 0.000000 0.000000     1.278243     0.472433 
59332.302627 0.000000 0.000000     1.264554     0.472313 
59332.340238 0.000000 0.000000     1.249684     0.472198 
59332.377848 0.000000 0.000000     1.233648     0.472086 
59332.415458 0.000000 0.000000     1.216465     0.471977 
59332.453068 0.000000 0.000000     1.198152     0.471868 
59332.490678 0.000000 0.000000     1.178730     0.471760 
59332.528288 0.000000 0.000000     1.158219     0.471650 
59332.565899 0.000000 0.000000     1.136643     0.471538 
59332.603509 0.000000 0.000000     1.114026     0.471423 
59332.641119 0.000000 0.000000     1.090392     0.471302 
59332.678729 0.000000 0.000000     1.065768     0.471176 
59332.716339 0.000000 0.000000     1.040181     0.471043 
59332.753949 0.000000 0.000000     1.013660     0.470903 
59332.791559 0.000000 0.000000     0.986234     0.470753 
59332.829170 0.000000 0.000000     0.957934     0.470594 
59332.866780 0.000000 0.000000     0.928793     0.470424 
59332.904390 0.000000 0.000000     0.898842     0.470242 
59332.942000 0.000000 0.000000     0.868115     0.470048 
59332.979610 0.000000 0.000000     0.836647     0.469841 
59333.017220 0.000000 0.000000     0.804473     0.469620 
59333.054831 0.000000 0.000000     0.771629     0.469384 
59333.092441 0.000000 0.000000     0.738152     0.469134 
59333.130051 0.000000 0.000000     0.704080     0.468867 
59333.167661 0.000000 0.000000     0.669450     0.468585 
59333.205271 0.000000 0.000000     0.634301     0.468287 
59333.242881 0.000000 0.000000     0.598672     0.467972 
59333.280492 0.000000 0.000000     0.562604     0.467640 
59333.318102 0.000000 0.000000     0.526136     0.467291 
59333.355712 0.000000 0.000000     0.489308     0.466925 
59333.393322 0.000000 0.000000     0.452162     0.466543 
59333.430932 0.000000 0.000000     0.414738     0.466143 
59333.468542 0.000000 0.000000     0.377078     0.465728 
59333.506152 0.000000 0.000000     0.339223     0.465296 
59333.543763 0.000000 0.000000     0.301214     0.464849 
59333.581373 0.000000 0.000000     0.263094     0.464387 
59333.618983 0.000000 0.000000     0.224903     0.463911 
59333.656593 0.000000 0.000000     0.186683     0.463421 
59333.694203 0.000000 0.000000     0.148475     0.462919 
59333.731813 0.000000 0.000000     0.110320     0.462406 
59333.769424 0.000000 0.000000     0.072260     0.461883 
59333.807034 0.000000 0.000000     0.034335     0.461352 
59333.844644 0.000000 0.000000    -0.003416     0.460813 
59333.882254 0.000000 0.000000    -0.040952     0.460269 
59333.919864 0.000000 0.000000    -0.078233     0.459720 
59333.957474 0.000000 0.000000    -0.115221     0.459170 
59333.995084 0.000000 0.000000    -0.151877     0.458619 
59334.032695 0.000000 0.000000    -0.188164     0.458071 
59334.070305 0.000000 0.000000    -0.224044     0.457527 
59334.107915 0.000000 0.000000    -0.259482     0.456989 
59334.145525 0.000000 0.000000    -0.294440     0.456460 
59334.183135 0.000000 0.000000    -0.328884     0.455942 
59334.220745 0.000000 0.000000    -0.362780     0.455438 
59334.258356 0.000000 0.000000    -0.396095     0.454951 
59334.295966 0.000000 0.000000    -0.428797     0.454483 
59334.333576 0.000000 0.000000    -0.460852     0.454037 
59334.371186 0.000000 0.000000    -0.492232     0.453615 
59334.408796 0.000000 0.000000    -0.522907     0.453221 
59334.446406 0.000000 0.000000    -0.552848     0.452857 
59334.484016 0.000000 0.000000    -0.582027     0.452526 
59334.521627 0.000000 0.000000    -0.610419     0.452231 
59334.559237 0.000000 0.000000    -0.637998     0.451974 
59334.596847 0.000000 0.000000    -0.664740     0.451758 
59334.634457 0.000000 0.000000    -0.690623     0.451586 
59334.672067 0.000000 0.000000    -0.715624     0.451459 
59334.709677 0.000000 0.000000    -0.739724     0.451381 
59334.747288 0.000000 0.000000    -0.762903     0.451353 
59334.784898 0.000000 0.000000    -0.785143     0.451376 
59334.822508 0.000000 0.000000    -0.806427     0.451454 
59334.860118 0.000000 0.000000    -0.826741     0.451587 
59334.897728 0.000000 0.000000    -0.846071     0.451777 
59334.935338 0.000000 0.000000    -0.864402     0.452024 
59334.972949 0.000000 0.000000    -0.881726     0.452329 
59335.010559 0.000000 0.000000    -0.898030     0.452694 
59335.048169 0.000000 0.000000    -0.913307     0.453118 
59335.085779 0.000000 0.000000    -0.927549     0.453600 
59335.123389 0.000000 0.000000    -0.940750     0.454142 
59335.160999 0.000000 0.000000    -0.952906     0.454742 
59335.198609 0.000000 0.000000    -0.964013     0.455399 
59335.236220 0.000000 0.000000    -0.974069     0.456113 
59335.273830 0.000000 0.000000    -0.983073     0.456881 
59335.311440 0.000000 0.000000    -0.991027     0.457703 
59335.349050 0.000000 0.000000    -0.997932     0.458575 
59335.386660 0.000000 0.000000    -1.003790     0.459497 
59335.424270 0.000000 0.000000    -1.008608     0.460465 
59335.461881 0.000000 0.000000    -1.012390     0.461478 
59335.499491 0.000000 0.000000    -1.015144     0.462531 
59335.537101 0.000000 0.000000    -1.016878     0.463623 
59335.574711 0.000000 0.000000    -1.017601     0.464750 
59335.612321 0.000000 0.000000    -1.017324     0.465910 
59335.649931 0.000000 0.000000    -1.016058     0.467098 
59335.687541 0.000000 0.000000    -1.013817     0.468312 
59335.725152 0.000000 0.000000    -1.010614     0.469547 
59335.762762 0.000000 0.000000    -1.006465     0.470802 
59335.800372 0.000000 0.000000    -1.001386     0.472071 
59335.837982 0.000000 0.000000    -0.995394     0.473352 
59335.875592 0.000000 0.000000    -0.988506     0.474641 
59335.913202 0.000000 0.000000    -0.980742     0.475935 
59335.950813 0.000000 0.000000    -0.972122     0.477230 
59335.988423 0.000000 0.000000    -0.962667     0.478524 
59336.026033 0.000000 0.000000    -0.952399     0.479812 
59336.063643 0.000000 0.000000    -0.941339     0.481092 
59336.101253 0.000000 0.000000    -0.929510     0.482361 
59336.138863 0.000000 0.000000    -0.916938     0.483615 
59336.176473 0.000000 0.000000    -0.903646     0.484854 
59336.214084 0.000000 0.000000    -0.889660     0.486072 
59336.251694 0.000000 0.000000    -0.875005     0.487269 
59336.289304 0.000000 0.000000    -0.859708     0.488442 
59336.326914 0.000000 0.000000    -0.843796     0.489590 
59336.364524 0.000000 0.000000    -0.827295     0.490709 
59336.402134 0.000000 0.000000    -0.810234     0.491798 
59336.439745 0.000000 0.000000    -0.792640     0.492857 
59336.477355 0.000000 0.000000    -0.774543     0.493883 
59336.514965 0.000000 0.000000    -0.755970     0.494876 
59336.552575 0.000000 0.000000    -0.736951     0.495834 
59336.590185 0.000000 0.000000    -0.717514     0.496757 
59336.627795 0.000000 0.000000    -0.697690     0.497645 
59336.665406 0.000000 0.000000    -0.677506     0.498497 
59336.703016 0.000000 0.000000    -0.656993     0.499313 
59336.740626 0.000000 0.000000    -0.636181     0.500093 
59336.778236 0.000000 0.000000    -0.615097     0.500838 
59336.815846 0.000000 0.000000    -0.593772     0.501549 
59336.853456 0.000000 0.000000    -0.572235     0.502226 
59336.891066 0.000000 0.000000    -0.550515     0.502870 
59336.928677 0.000000 0.000000    -0.528640     0.503482 
59336.966287 0.000000 0.000000    -0.506639     0.504064 
59337.003897 0.000000 0.000000    -0.484540     0.504618 
59337.041507 0.000000 0.000000    -0.462372     0.505145 
59337.079117 0.000000 0.000000    -0.440161     0.505647 
59337.116727 0.000000 0.000000    -0.417935     0.506127 
59337.154338 0.000000 0.000000    -0.395720     0.506587 
59337.191948 0.000000 0.000000    -0.373544     0.507029 
59337.229558 0.000000 0.000000    -0.351430     0.507457 
59337.267168 0.000000 0.000000    -0.329405     0.507872 
59337.304778 0.000000 0.000000    -0.307493     0.508278 
59337.342388 0.000000 0.000000    -0.285718     0.508678 
59337.379998 0.000000 0.000000    -0.264104     0.509075 
59337.417609 0.000000 0.000000    -0.242672     0.509472 
59337.455219 0.000000 0.000000    -0.221445     0.509873 
59337.492829 0.000000 0.000000    -0.200445     0.510281 
59337.530439 0.000000 0.000000    -0.179690     0.510698 
59337.568049 0.000000 0.000000    -0.159202     0.511129 
59337.605659 0.000000 0.000000    -0.138999     0.511577 
59337.643270 0.000000 0.000000    -0.119099     0.512044 
59337.680880 0.000000 0.000000    -0.099519     0.512534 
59337.718490 0.000000 0.000000    -0.080276     0.513051 
59337.756100 0.000000 0.000000    -0.061385     0.513596 
59337.793710 0.000000 0.000000    -0.042861     0.514172 
59337.831320 0.000000 0.000000    -0.024718     0.514783 
59337.868930 0.000000 0.000000    -0.006968     0.515429 
59337.906541 0.000000 0.000000     0.010377     0.516115 
59337.944151 0.000000 0.000000     0.027305     0.516840 
59337.981761 0.000000 0.000000     0.043808     0.517608 
59338.019371 0.000000 0.000000     0.059874     0.518419 
59338.056981 0.000000 0.000000     0.075497     0.519274 
59338.094591 0.000000 0.000000     0.090669     0.520174 
59338.132202 0.000000 0.000000     0.105383     0.521119 
59338.169812 0.000000 0.000000     0.119635     0.522109 
59338.207422 0.000000 0.000000     0.133420     0.523145 
59338.245032 0.000000 0.000000     0.146734     0.524225 
59338.282642 0.000000 0.000000     0.159574     0.525348 
59338.320252 0.000000 0.000000     0.171939     0.526514 
59338.357863 0.000000 0.000000     0.183828     0.527720 
59338.395473 0.000000 0.000000     0.195242     0.528965 
59338.433083 0.000000 0.000000     0.206180     0.530246 
59338.470693 0.000000 0.000000     0.216644     0.531561 
59338.508303 0.000000 0.000000     0.226638     0.532908 
59338.545913 0.000000 0.000000     0.236165     0.534283 
59338.583523 0.000000 0.000000     0.245229     0.535682 
59338.621134 0.000000 0.000000     0.253834     0.537104 
59338.658744 0.000000 0.000000     0.261987     0.538543 
59338.696354 0.000000 0.000000     0.269695     0.539996 
59338.733964 0.000000 0.000000     0.276963     0.541460 
59338.771574 0.000000 0.000000     0.283801     0.542930 
59338.809184 0.000000 0.000000     0.290217     0.544402 
59338.846795 0.000000 0.000000     0.296220     0.545872 
59338.884405 0.000000 0.000000     0.301820     0.547335 
59338.922015 0.000000 0.000000     0.307028     0.548788 
59338.959625 0.000000 0.000000     0.311853     0.550226 
59338.997235 0.000000 0.000000     0.316308     0.551645 
59339.034845 0.000000 0.000000     0.320405     0.553040 
59339.072455 0.000000 0.000000     0.324156     0.554408 
59339.110066 0.000000 0.000000     0.327575     0.555744 
59339.147676 0.000000 0.000000     0.330673     0.557044 
59339.185286 0.000000 0.000000     0.333465     0.558305 
59339.222896 0.000000 0.000000     0.335965     0.559522 
59339.260506 0.000000 0.000000     0.338187     0.560692 
59339.298116 0.000000 0.000000     0.340145     0.561811 
59339.335727 0.000000 0.000000     0.341854     0.562876 
59339.373337 0.000000 0.000000     0.343330     0.563884 
59339.410947 0.000000 0.000000     0.344586     0.564832 
59339.448557 0.000000 0.000000     0.345639     0.565716 
59339.486167 0.000000 0.000000     0.346503     0.566535 
59339.523777 0.000000 0.000000     0.347193     0.567285 
59339.561387 0.000000 0.000000     0.347726     0.567965 
59339.598998 0.000000 0.000000     0.348116     0.568573 
59339.636608 0.000000 0.000000     0.348378     0.569106 
59339.674218 0.000000 0.000000     0.348528     0.569563 
59339.711828 0.000000 0.000000     0.348580     0.569943 
59339.749438 0.000000 0.000000     0.348550     0.570245 
59339.787048 0.000000 0.000000     0.348451     0.570469 
59339.824659 0.000000 0.000000     0.348299     0.570612 
59339.862269 0.000000 0.000000     0.348108     0.570676 
59339.899879 0.000000 0.000000     0.347890     0.570661 
59339.937489 0.000000 0.000000     0.347661     0.570566 
59339.975099 0.000000 0.000000     0.347433     0.570393 
59340.012709 0.000000 0.000000     0.347219     0.570142 
59340.050320 0.000000 0.000000     0.347031     0.569815 
59340.087930 0.000000 0.000000     0.346881     0.569413 
59340.125540 0.000000 0.000000     0.346781     0.568939 
59340.163150 0.000000 0.000000     0.346742     0.568395 
59340.200760 0.000000 0.000000     0.346774     0.567783 
59340.238370 0.000000 0.000000     0.346888     0.567107 
59340.275980 0.000000 0.000000     0.347092     0.566370 
59340.313591 0.000000 0.000000     0.347397     0.565575 
59340.351201 0.000000 0.000000     0.347809     0.564728 
59340.388811 0.000000 0.000000     0.348337     0.563832 
59340.426421 0.000000 0.000000     0.348988     0.562893 
59340.464031 0.000000 0.000000     0.349768     0.561917 
59340.501641 0.000000 0.000000     0.350684     0.560908 
59340.539252 0.000000 0.000000     0.351739     0.559873 
59340.576862 0.000000 0.000000     0.352939     0.558819 
59340.614472 0.000000 0.000000     0.354287     0.557752 
59340.652082 0.000000 0.000000     0.355787     0.556681 
59340.689692 0.000000 0.000000     0.357440     0.555612 
59340.727302 0.000000 0.000000     0.359249     0.554554 
59340.764912 0.000000 0.000000     0.361214     0.553515 
59340.802523 0.000000 0.000000     0.363336     0.552503 
59340.840133 0.000000 0.000000     0.365614     0.551527 
59340.877743 0.000000 0.000000     0.368047     0.550595 
59340.915353 0.000000 0.000000     0.370633     0.549718 
59340.952963 0.000000 0.000000     0.373369     0.548904 
59340.990573 0.000000 0.000000     0.376253     0.548161 
59341.028184 0.000000 0.000000     0.379279     0.547499 
59341.065794 0.000000 0.000000     0.382444     0.546927 
59341.103404 0.000000 0.000000     0.385742     0.546452 
59341.141014 0.000000 0.000000     0.389166     0.546083 
59341.178624 0.000000 0.000000     0.392712     0.545828 
59341.216234 0.000000 0.000000     0.396369     0.545693 
59341.253844 0.000000 0.000000     0.400132     0.545685 
59341.291455 0.000000 0.000000     0.403991     0.545811 
59341.329065 0.000000 0.000000     0.407938     0.546074 
59341.366675 0.000000 0.000000     0.411961     0.546479 
59341.404285 0.000000 0.000000     0.416052     0.547031 
59341.441895 0.000000 0.000000     0.420199     0.547730 
59341.479505 0.000000 0.000000     0.424391     0.548578 
59341.517116 0.000000 0.000000     0.428615     0.549577 
59341.554726 0.000000 0.000000     0.432861     0.550725 
59341.592336 0.000000 0.000000     0.437114     0.552021 
59341.629946 0.000000 0.000000     0.441361     0.553462 
59341.667556 0.000000 0.000000     0.445589     0.555045 
59341.705166 0.000000 0.000000     0.449785     0.556766 
59341.742777 0.000000 0.000000     0.453933     0.558620 
59341.780387 0.000000 0.000000     0.458019     0.560600 
59341.817997 0.000000 0.000000     0.462029     0.562701 
59341.855607 0.000000 0.000000     0.465947     0.564915 
59341.893217 0.000000 0.000000     0.469757     0.567234 
59341.930827 0.000000 0.000000     0.473444     0.569650 
59341.968437 0.000000 0.000000     0.476994     0.572154 
59342.006048 0.000000 0.000000     0.480388     0.574739 
59342.043658 0.000000 0.000000     0.483613     0.577394 
59342.081268 0.000000 0.000000     0.486652     0.580111 
59342.118878 0.000000 0.000000     0.489489     0.582880 
59342.156488 0.000000 0.000000     0.492108     0.585691 
59342.194098 0.000000 0.000000     0.494493     0.588537 
59342.231709 0.000000 0.000000     0.496628     0.591407 
59342.269319 0.000000 0.000000     0.498498     0.594292 
59342.306929 0.000000 0.000000     0.500088     0.597184 
59342.344539 0.000000 0.000000     0.501381     0.600075 
59342.382149 0.000000 0.000000     0.502364     0.602954 
59342.419759 0.000000 0.000000     0.503020     0.605815 
59342.457369 0.000000 0.000000     0.503335     0.608650 
59342.494980 0.000000 0.000000     0.503296     0.611451 
59342.532590 0.000000 0.000000     0.502887     0.614210 
59342.570200 0.000000 0.000000     0.502097     0.616921 
59342.607810 0.000000 0.000000     0.500911     0.619577 
59342.645420 0.000000 0.000000     0.499317     0.622172 
59342.683030 0.000000 0.000000     0.497302     0.624699 
59342.720641 0.000000 0.000000     0.494856     0.627154 
59342.758251 0.000000 0.000000     0.491967     0.629530 
59342.795861 0.000000 0.000000     0.488624     0.631822 
59342.833471 0.000000 0.000000     0.484817     0.634026 
59342.871081 0.000000 0.000000     0.480537     0.636137 
59342.908691 0.000000 0.000000     0.475775     0.638152 
59342.946301 0.000000 0.000000     0.470523     0.640065 
59342.983912 0.000000 0.000000     0.464774     0.641873 
59343.021522 0.000000 0.000000     0.458521     0.643573 
59343.059132 0.000000 0.000000     0.451758     0.645162 
59343.096742 0.000000 0.000000     0.444480     0.646638 
59343.134352 0.000000 0.000000     0.436682     0.647996 
59343.171962 0.000000 0.000000     0.428360     0.649235 
59343.209573 0.000000 0.000000     0.419513     0.650353 
59343.247183 0.000000 0.000000     0.410137     0.651348 
59343.284793 0.000000 0.000000     0.400231     0.652218 
59343.322403 0.000000 0.000000     0.389795     0.652962 
59343.360013 0.000000 0.000000     0.378830     0.653578 
59343.397623 0.000000 0.000000     0.367336     0.654066 
59343.435234 0.000000 0.000000     0.355316     0.654424 
59343.472844 0.000000 0.000000     0.342772     0.654652 
59343.510454 0.000000 0.000000     0.329709     0.654750 
59343.548064 0.000000 0.000000     0.316132     0.654717 
59343.585674 0.000000 0.000000     0.302045     0.654553 
59343.623284 0.000000 0.000000     0.287456     0.654258 
59343.660894 0.000000 0.000000     0.272371     0.653834 
59343.698505 0.000000 0.000000     0.256800     0.653280 
59343.736115 0.000000 0.000000     0.240750     0.652596 
59343.773725 0.000000 0.000000     0.224233     0.651785 
59343.811335 0.000000 0.000000     0.207257     0.650847 
59343.848945 0.000000 0.000000     0.189837     0.649784 
59343.886555 0.000000 0.000000     0.171982     0.648596 
59343.924166 0.000000 0.000000     0.153708     0.647287 
59343.961776 0.000000 0.000000     0.135028     0.645857 
59343.999386 0.000000 0.000000     0.115956     0.644309 
59344.036996 0.000000 0.000000     0.096509     0.642644 
59344.074606 0.000000 0.000000     0.076702     0.640867 
59344.112216 0.000000 0.000000     0.056553     0.638979 
59344.149826 0.000000 0.000000     0.036079     0.636983 
59344.187437 0.000000 0.000000     0.015299     0.634883 
59344.225047 0.000000 0.000000    -0.005768     0.632681 
59344.262657 0.000000 0.000000    -0.027102     0.630382 
59344.300267 0.000000 0.000000    -0.048684     0.627989 
59344.337877 0.000000 0.000000    -0.070491     0.625506 
59344.375487 0.000000 0.000000    -0.092504     0.622938 
59344.413098 0.000000 0.000000    -0.114699     0.620288 
59344.450708 0.000000 0.000000    -0.137055     0.617562 
59344.488318 0.000000 0.000000    -0.159547     0.614765 
59344.525928 0.000000 0.000000    -0.182154     0.611902 
59344.563538 0.000000 0.000000    -0.204852     0.608978 
59344.601148 0.000000 0.000000    -0.227615     0.605999 
59344.638758 0.000000 0.000000    -0.250421     0.602970 
59344.676369 0.000000 0.000000    -0.273244     0.599898 
59344.713979 0.000000 0.000000    -0.296059     0.596789 
59344.751589 0.000000 0.000000    -0.318841     0.593650 
59344.789199 0.000000 0.000000    -0.341564     0.590487 
59344.826809 0.000000 0.000000    -0.364205     0.587308 
59344.864419 0.000000 0.000000    -0.386736     0.584118 
59344.902030 0.000000 0.000000    -0.409132     0.580927 
59344.939640 0.000000 0.000000    -0.431367     0.577740 
59344.977250 0.000000 0.000000    -0.453417     0.574565 
59345.014860 0.000000 0.000000    -0.475255     0.571410 
59345.052470 0.000000 0.000000    -0.496857     0.568283 
59345.090080 0.000000 0.000000    -0.518196     0.565191 
59345.127691 0.000000 0.000000    -0.539247     0.562142 
59345.165301 0.000000 0.000000    -0.559987     0.559143 
59345.202911 0.000000 0.000000    -0.580389     0.556202 
59345.240521 0.000000 0.000000    -0.600431     0.553325 
59345.278131 0.000000 0.000000    -0.620087     0.550521 
59345.315741 0.000000 0.000000    -0.639335     0.547795 
59345.353351 0.000000 0.000000    -0.658151     0.545155 
59345.390962 0.000000 0.000000    -0.676512     0.542606 
59345.428572 0.000000 0.000000    -0.694397     0.540155 
59345.466182 0.000000 0.000000    -0.711783     0.537805 
59345.503792 0.000000 0.000000    -0.728649     0.535563 
59345.541402 0.000000 0.000000    -0.744976     0.533432 
59345.579012 0.000000 0.000000    -0.760743     0.531415 
59345.616623 0.000000 0.000000    -0.775930     0.529516 
59345.654233 0.000000 0.000000    -0.790520     0.527736 
59345.691843 0.000000 0.000000    -0.804494     0.526077 
59345.729453 0.000000 0.000000    -0.817837     0.524540 
59345.767063 0.000000 0.000000    -0.830530     0.523125 
59345.804673 0.000000 0.000000    -0.842560     0.521830 
59345.842283 0.000000 0.000000    -0.853911     0.520656 
59345.879894 0.000000 0.000000    -0.864571     0.519599 
59345.917504 0.000000 0.000000    -0.874525     0.518656 
59345.955114 0.000000 0.000000    -0.883763     0.517825 
59345.992724 0.000000 0.000000    -0.892274     0.517101 
59346.030334 0.000000 0.000000    -0.900048     0.516480 
59346.067944 0.000000 0.000000    -0.907075     0.515958 
59346.105555 0.000000 0.000000    -0.913348     0.515528 
59346.143165 0.000000 0.000000    -0.918861     0.515185 
59346.180775 0.000000 0.000000    -0.923607     0.514923 
59346.218385 0.000000 0.000000    -0.927581     0.514736 
59346.255995 0.000000 0.000000    -0.930781     0.514618 
59346.293605 0.000000 0.000000    -0.933203     0.514562 
59346.331215 0.000000 0.000000    -0.934845     0.514562 
59346.368826 0.000000 0.000000    -0.935708     0.514611 
59346.406436 0.000000 0.000000    -0.935792     0.514703 
59346.444046 0.000000 0.000000    -0.935099     0.514833 
59346.481656 0.000000 0.000000    -0.933632     0.514992 
59346.519266 0.000000 0.000000    -0.931394     0.515177 
59346.556876 0.000000 0.000000    -0.928390     0.515381 
59346.594487 0.000000 0.000000    -0.924628     0.515599 
59346.632097 0.000000 0.000000    -0.920113     0.515825 
59346.669707 0.000000 0.000000    -0.914855     0.516055 
59346.707317 0.000000 0.000000    -0.908862     0.516285 
59346.744927 0.000000 0.000000    -0.902146     0.516509 
59346.782537 0.000000 0.000000    -0.894717     0.516725 
59346.820148 0.000000 0.000000    -0.886588     0.516929 
59346.857758 0.000000 0.000000    -0.877773     0.517117 
59346.895368 0.000000 0.000000    -0.868286     0.517287 
59346.932978 0.000000 0.000000    -0.858143     0.517437 
59346.970588 0.000000 0.000000    -0.847361     0.517564 
59347.008198 0.000000 0.000000    -0.835956     0.517666 
59347.045808 0.000000 0.000000    -0.823947     0.517743 
59347.083419 0.000000 0.000000    -0.811353     0.517792 
59347.121029 0.000000 0.000000    -0.798195     0.517813 
59347.158639 0.000000 0.000000    -0.784492     0.517806 
59347.196249 0.000000 0.000000    -0.770268     0.517771 
59347.233859 0.000000 0.000000    -0.755545     0.517707 
59347.271469 0.000000 0.000000    -0.740345     0.517614 
59347.309080 0.000000 0.000000    -0.724693     0.517494 
59347.346690 0.000000 0.000000    -0.708613     0.517348 
59347.384300 0.000000 0.000000    -0.692131     0.517175 
59347.421910 0.000000 0.000000    -0.675273     0.516979 
59347.459520 0.000000 0.000000    -0.658064     0.516759 
59347.497130 0.000000 0.000000    -0.640533     0.516518 
59347.534740 0.000000 0.000000    -0.622705     0.516257 
59347.572351 0.000000 0.000000    -0.604610     0.515979 
59347.609961 0.000000 0.000000    -0.586275     0.515686 
59347.647571 0.000000 0.000000    -0.567730     0.515379 
59347.685181 0.000000 0.000000    -0.549002     0.515061 
59347.722791 0.000000 0.000000    -0.530122     0.514734 
59347.760401 0.000000 0.000000    -0.511118     0.514401 
59347.798012 0.000000 0.000000    -0.492021     0.514065 
59347.835622 0.000000 0.000000    -0.472860     0.513726 
59347.873232 0.000000 0.000000    -0.453664     0.513389 
59347.910842 0.000000 0.000000    -0.434465     0.513055 
59347.948452 0.000000 0.000000    -0.415291     0.512727 
59347.986062 0.000000 0.000000    -0.396172     0.512407 
59348.023672 0.000000 0.000000    -0.377139     0.512098 
59348.061283 0.000000 0.000000    -0.358220     0.511800 
59348.098893 0.000000 0.000000    -0.339446     0.511517 
59348.136503 0.000000 0.000000    -0.320845     0.511250 
59348.174113 0.000000 0.000000    -0.302446     0.511001 
59348.211723 0.000000 0.000000    -0.284278     0.510771 
59348.249333 0.000000 0.000000    -0.266368     0.510562 
59348.286944 0.000000 0.000000    -0.248746     0.510375 
59348.324554 0.000000 0.000000    -0.231437     0.510211 
59348.362164 0.000000 0.000000    -0.214469     0.510071 
59348.399774 0.000000 0.000000    -0.197868     0.509956 
59348.437384 0.000000 0.000000    -0.181659     0.509865 
59348.474994 0.000000 0.000000    -0.165868     0.509799 
59348.512605 0.000000 0.000000    -0.150519     0.509758 
59348.550215 0.000000 0.000000    -0.135636     0.509741 
59348.587825 0.000000 0.000000    -0.121241     0.509749 
59348.625435 0.000000 0.000000    -0.107356     0.509781 
59348.663045 0.000000 0.000000    -0.094003     0.509835 
59348.700655 0.000000 0.000000    -0.081202     0.509912 
59348.738265 0.000000 0.000000    -0.068972     0.510009 
59348.775876 0.000000 0.000000    -0.057333     0.510126 
59348.813486 0.000000 0.000000    -0.046301     0.510260 
59348.851096 0.000000 0.000000    -0.035893     0.510411 
59348.888706 0.000000 0.000000    -0.026125     0.510577 
59348.926316 0.000000 0.000000    -0.017011     0.510755 
59348.963926 0.000000 0.000000    -0.008565     0.510945 
59349.001537 0.000000 0.000000    -0.000799     0.511144 
59349.039147 0.000000 0.000000     0.006276     0.511350 
59349.076757 0.000000 0.000000     0.012649     0.511561 
59349.114367 0.000000 0.000000     0.018313     0.511776 
59349.151977 0.000000 0.000000     0.023258     0.511991 
59349.189587 0.000000 0.000000     0.027479     0.512206 
59349.227197 0.000000 0.000000     0.030970     0.512417 
59349.264808 0.000000 0.000000     0.033727     0.512624 
59349.302418 0.000000 0.000000     0.035747     0.512824 
59349.340028 0.000000 0.000000     0.037029     0.513016 
59349.377638 0.000000 0.000000     0.037572     0.513197 
59349.415248 0.000000 0.000000     0.037376     0.513366 
59349.452858 0.000000 0.000000     0.036445     0.513522 
59349.490469 0.000000 0.000000     0.034782     0.513662 
59349.528079 0.000000 0.000000     0.032390     0.513787 
59349.565689 0.000000 0.000000     0.029277     0.513893 
59349.603299 0.000000 0.000000     0.025448     0.513982 
59349.640909 0.000000 0.000000     0.020912     0.514051 
59349.678519 0.000000 0.000000     0.015680     0.514099 
59349.716129 0.000000 0.000000     0.009761     0.514127 
59349.753740 0.000000 0.000000     0.003168     0.514133 
59349.791350 0.000000 0.000000    -0.004087     0.514117 
59349.828960 0.000000 0.000000    -0.011989     0.514080 
59349.866570 0.000000 0.000000    -0.020522     0.514021 
59349.904180 0.000000 0.000000    -0.029670     0.513940 
59349.941790 0.000000 0.000000    -0.039415     0.513837 
59349.979401 0.000000 0.000000    -0.049739     0.513713 
59350.017011 0.000000 0.000000    -0.060621     0.513569 
59350.054621 0.000000 0.000000    -0.072042     0.513405 
59350.092231 0.000000 0.000000    -0.083978     0.513223 
59350.129841 0.000000 0.000000    -0.096407     0.513022 
59350.167451 0.000000 0.000000    -0.109305     0.512805 
59350.205062 0.000000 0.000000    -0.122648     0.512572 
59350.242672 0.000000 0.000000    -0.136410     0.512325 
59350.280282 0.000000 0.000000    -0.150565     0.512066 
59350.317892 0.000000 0.000000    -0.165085     0.511795 
59350.355502 0.000000 0.000000    -0.179943     0.511516 
59350.393112 0.000000 0.000000    -0.195110     0.511229 
59350.430722 0.000000 0.000000    -0.210557     0.510936 
59350.468333 0.000000 0.000000    -0.226253     0.510639 
59350.505943 0.000000 0.000000    -0.242169     0.510341 
59350.543553 0.000000 0.000000    -0.258273     0.510043 
59350.581163 0.000000 0.000000    -0.274534     0.509747 
59350.618773 0.000000 0.000000    -0.290920     0.509455 
59350.656383 0.000000 0.000000    -0.307399     0.509169 
59350.693994 0.000000 0.000000    -0.323937     0.508892 
59350.731604 0.000000 0.000000    -0.340502     0.508624 
59350.769214 0.000000 0.000000    -0.357060     0.508369 
59350.806824 0.000000 0.000000    -0.373579     0.508127 
59350.844434 0.000000 0.000000    -0.390024     0.507902 
59350.882044 0.000000 0.000000    -0.406362     0.507693 
59350.919654 0.000000 0.000000    -0.422560     0.507504 
59350.957265 0.000000 0.000000    -0.438583     0.507335 
59350.994875 0.000000 0.000000    -0.454397     0.507188 
59351.032485 0.000000 0.000000    -0.469971     0.507064 
59351.070095 0.000000 0.000000    -0.485269     0.506965 
59351.107705 0.000000 0.000000    -0.500259     0.506890 
59351.145315 0.000000 0.000000    -0.514909     0.506841 
59351.182926 0.000000 0.000000    -0.529185     0.506819 
59351.220536 0.000000 0.000000    -0.543055     0.506824 
59351.258146 0.000000 0.000000    -0.556488     0.506856 
59351.295756 0.000000 0.000000    -0.569453     0.506915 
59351.333366 0.000000 0.000000    -0.581919     0.507002 
59351.370976 0.000000 0.000000    -0.593855     0.507115 
59351.408586 0.000000 0.000000    -0.605232     0.507256 
59351.446197 0.000000 0.000000    -0.616022     0.507421 
59351.483807 0.000000 0.000000    -0.626196     0.507613 
59351.521417 0.000000 0.000000    -0.635727     0.507828 
59351.559027 0.000000 0.000000    -0.644589     0.508066 
59351.596637 0.000000 0.000000    -0.652755     0.508326 
59351.634247 0.000000 0.000000    -0.660201     0.508607 
59351.671858 0.000000 0.000000    -0.666903     0.508906 
59351.709468 0.000000 0.000000    -0.672838     0.509223 
59351.747078 0.000000 0.000000    -0.677985     0.509555 
59351.784688 0.000000 0.000000    -0.682322     0.509901 
59351.822298 0.000000 0.000000    -0.685830     0.510259 
59351.859908 0.000000 0.000000    -0.688490     0.510627 
59351.897519 0.000000 0.000000    -0.690285     0.511002 
59351.935129 0.000000 0.000000    -0.691199     0.511382 
59351.972739 0.000000 0.000000    -0.691216     0.511766 
59352.010349 0.000000 0.000000    -0.690324     0.512152 
59352.047959 0.000000 0.000000    -0.688508     0.512536 
59352.085569 0.000000 0.000000    -0.685759     0.512917 
59352.123179 0.000000 0.000000    -0.682066     0.513293 
59352.160790 0.000000 0.000000    -0.677420     0.513662 
59352.198400 0.000000 0.000000    -0.671816     0.514021 
59352.236010 0.000000 0.000000    -0.665246     0.514368 
59352.273620 0.000000 0.000000    -0.657706     0.514701 
59352.311230 0.000000 0.000000    -0.649193     0.515019 
59352.348840 0.000000 0.000000    -0.639706     0.515319 
59352.386451 0.000000 0.000000    -0.629245     0.515600 
59352.424061 0.000000 0.000000    -0.617810     0.515860 
59352.461671 0.000000 0.000000    -0.605404     0.516096 
59352.499281 0.000000 0.000000    -0.592032     0.516309 
59352.536891 0.000000 0.000000    -0.577699     0.516495 
59352.574501 0.000000 0.000000    -0.562412     0.516654 
59352.612111 0.000000 0.000000    -0.546179     0.516784 
59352.649722 0.000000 0.000000    -0.529010     0.516885 
59352.687332 0.000000 0.000000    -0.510916     0.516954 
59352.724942 0.000000 0.000000    -0.491911     0.516992 
59352.762552 0.000000 0.000000    -0.472007     0.516997 
59352.800162 0.000000 0.000000    -0.451220     0.516969 
59352.837772 0.000000 0.000000    -0.429567     0.516906 
59352.875383 0.000000 0.000000    -0.407067     0.516809 
59352.912993 0.000000 0.000000    -0.383738     0.516677 
59352.950603 0.000000 0.000000    -0.359601     0.516510 
59352.988213 0.000000 0.000000    -0.334678     0.516307 
59353.025823 0.000000 0.000000    -0.308992     0.516069 
59353.063433 0.000000 0.000000    -0.282568     0.515796 
59353.101043 0.000000 0.000000    -0.255431     0.515487 
59353.138654 0.000000 0.000000    -0.227608     0.515143 
59353.176264 0.000000 0.000000    -0.199127     0.514764 
59353.213874 0.000000 0.000000    -0.170017     0.514351 
59353.251484 0.000000 0.000000    -0.140307     0.513905 
59353.289094 0.000000 0.000000    -0.110029     0.513425 
59353.326704 0.000000 0.000000    -0.079216     0.512914 
59353.364315 0.000000 0.000000    -0.047898     0.512371 
59353.401925 0.000000 0.000000    -0.016111     0.511798 
59353.439535 0.000000 0.000000     0.016110     0.511195 
59353.477145 0.000000 0.000000     0.048732     0.510565 
59353.514755 0.000000 0.000000     0.081716     0.509907 
59353.552365 0.000000 0.000000     0.115028     0.509223 
59353.589976 0.000000 0.000000     0.148628     0.508515 
59353.627586 0.000000 0.000000     0.182479     0.507784 
59353.665196 0.000000 0.000000     0.216542     0.507031 
59353.702806 0.000000 0.000000     0.250779     0.506258 
59353.740416 0.000000 0.000000     0.285149     0.505467 
59353.778026 0.000000 0.000000     0.319613     0.504659 
59353.815636 0.000000 0.000000     0.354129     0.503835 
59353.853247 0.000000 0.000000     0.388659     0.502997 
59353.890857 0.000000 0.000000     0.423160     0.502148 
59353.928467 0.000000 0.000000     0.457592     0.501288 
59353.966077 0.000000 0.000000     0.491914     0.500419 
59354.003687 0.000000 0.000000     0.526084     0.499544 
59354.041297 0.000000 0.000000     0.560062     0.498663 
59354.078908 0.000000 0.000000     0.593806     0.497779 
59354.116518 0.000000 0.000000     0.627275     0.496894 
59354.154128 0.000000 0.000000     0.660429     0.496008 
59354.191738 0.000000 0.000000     0.693227     0.495124 
59354.229348 0.000000 0.000000     0.725628     0.494243 
59354.266958 0.000000 0.000000     0.757593     0.493368 
59354.304568 0.000000 0.000000     0.789082     0.492498 
59354.342179 0.000000 0.000000     0.820056     0.491637 
59354.379789 0.000000 0.000000     0.850476     0.490786 
59354.417399 0.000000 0.000000     0.880304     0.489946 
59354.455009 0.000000 0.000000     0.909503     0.489117 
59354.492619 0.000000 0.000000     0.938036     0.488303 
59354.530229 0.000000 0.000000     0.965866     0.487504 
59354.567840 0.000000 0.000000     0.992959     0.486721 
59354.605450 0.000000 0.000000     1.019280     0.485954 
59354.643060 0.000000 0.000000     1.044796     0.485207 
59354.680670 0.000000 0.000000     1.069472     0.484478 
59354.718280 0.000000 0.000000     1.093279     0.483769 
59354.755890 0.000000 0.000000     1.116184     0.483082 
59354.793500 0.000000 0.000000     1.138158     0.482415 
59354.831111 0.000000 0.000000     1.159173     0.481771 
59354.868721 0.000000 0.000000     1.179200     0.481149 
59354.906331 0.000000 0.000000     1.198214     0.480550 
59354.943941 0.000000 0.000000     1.216188     0.479974 
59354.981551 0.000000 0.000000     1.233100     0.479422 
59355.019161 0.000000 0.000000     1.248926     0.478894 
59355.056772 0.000000 0.000000     1.263645     0.478388 
59355.094382 0.000000 0.000000     1.277237     0.477907 
59355.131992 0.000000 0.000000     1.289683     0.477449 
59355.169602 0.000000 0.000000     1.300965     0.477014 
59355.207212 0.000000 0.000000     1.311068     0.476602 
59355.244822 0.000000 0.000000     1.319977     0.476212 
59355.282433 0.000000 0.000000     1.327679     0.475844 
59355.320043 0.000000 0.000000     1.334163     0.475498 
59355.357653 0.000000 0.000000     1.339417     0.475173 
59355.395263 0.000000 0.000000     1.343434     0.474868 
59355.432873 0.000000 0.000000     1.346206     0.474582 
59355.470483 0.000000 0.000000     1.347727     0.474316 
59355.508093 0.000000 0.000000     1.347995     0.474066 
59355.545704 0.000000 0.000000     1.347005     0.473834 
59355.583314 0.000000 0.000000     1.344756     0.473618 
59355.620924 0.000000 0.000000     1.341250     0.473417 
59355.658534 0.000000 0.000000     1.336489     0.473230 
59355.696144 0.000000 0.000000     1.330475     0.473056 
59355.733754 0.000000 0.000000     1.323214     0.472893 
59355.771365 0.000000 0.000000     1.314713     0.472742 
59355.808975 0.000000 0.000000     1.304979     0.472600 
59355.846585 0.000000 0.000000     1.294022     0.472466 
59355.884195 0.000000 0.000000     1.281853     0.472340 
59355.921805 0.000000 0.000000     1.268485     0.472220 
59355.959415 0.000000 0.000000     1.253932     0.472105 
59355.997025 0.000000 0.000000     1.238209     0.471993 
59356.034636 0.000000 0.000000     1.221333     0.471884 
59356.072246 0.000000 0.000000     1.203323     0.471776 
59356.109856 0.000000 0.000000     1.184197     0.471669 
59356.147466 0.000000 0.000000     1.163977     0.471560 
59356.185076 0.000000 0.000000     1.142686     0.471450 
59356.222686 0.000000 0.000000     1.120345     0.471336 
59356.260297 0.000000 0.000000     1.096981     0.471217 
59356.297907 0.000000 0.000000     1.072620     0.471094 
59356.335517 0.000000 0.000000     1.047288     0.470963 
59356.373127 0.000000 0.000000     1.021013     0.470825 
59356.410737 0.000000 0.000000     0.993826     0.470679 
59356.448347 0.000000 0.000000     0.965757     0.470523 
59356.485957 0.000000 0.000000     0.936836     0.470356 
59356.523568 0.000000 0.000000     0.907097     0.470178 
59356.561178 0.000000 0.000000     0.876573     0.469988 
59356.598788 0.000000 0.000000     0.845298     0.469785 
59356.636398 0.000000 0.000000     0.813307     0.469569 
59356.674008 0.000000 0.000000     0.780636     0.469338 
59356.711618 0.000000 0.000000     0.747322     0.469092 
59356.749229 0.000000 0.000000     0.713401     0.468831 
59356.786839 0.000000 0.000000     0.678913     0.468554 
59356.824449 0.000000 0.000000     0.643895     0.468261 
59356.862059 0.000000 0.000000     0.608387     0.467951 
59356.899669 0.000000 0.000000     0.572428     0.467625 
59356.937279 0.000000 0.000000     0.536058     0.467281 
59356.974890 0.000000 0.000000     0.499318     0.466921 
59357.012500 0.000000 0.000000     0.462248     0.466544 
59357.050110 0.000000 0.000000     0.424889     0.466151 
59357.087720 0.000000 0.000000     0.387282     0.465741 
59357.125330 0.000000 0.000000     0.349469     0.465315 
59357.162940 0.000000 0.000000     0.311491     0.464873 
59357.200550 0.000000 0.000000     0.273390     0.464417 
59357.238161 0.000000 0.000000     0.235207     0.463946 
59357.275771 0.000000 0.000000     0.196984     0.463462 
59357.313381 0.000000 0.000000     0.158761     0.462966 
59357.350991 0.000000 0.000000     0.120581     0.462458 
59357.388601 0.000000 0.000000     0.082484     0.461939 
59357.426211 0.000000 0.000000     0.044510     0.461412 
59357.463822 0.000000 0.000000     0.006701     0.460877 
59357.501432 0.000000 0.000000    -0.030904     0.460337 
59357.539042 0.000000 0.000000    -0.068266     0.459792 
59357.576652 0.000000 0.000000    -0.105345     0.459245 
59357.614262 0.000000 0.000000    -0.142102     0.458697 
59357.651872 0.000000 0.000000    -0.178500     0.458151 
59357.689482 0.000000 0.000000    -0.214502     0.457608 
59357.727093 0.000000 0.000000    -0.250070     0.457072 
59357.764703 0.000000 0.000000    -0.285170     0.456543 
59357.802313 0.000000 0.000000    -0.319764     0.456026 
59357.839923 0.000000 0.000000    -0.353820     0.455522 
59357.877533 0.000000 0.000000    -0.387303     0.455033 
59357.915143 0.000000 0.000000    -0.420181     0.454563 
59357.952754 0.000000 0.000000    -0.452422     0.454115 
59357.990364 0.000000 0.000000    -0.483996     0.453690 
59358.027974 0.000000 0.000000    -0.514871     0.453293 
59358.065584 0.000000 0.000000    -0.545021     0.452925 
59358.103194 0.000000 0.000000    -0.574417     0.452589 
59358.140804 0.000000 0.000000    -0.603031     0.452288 
59358.178414 0.000000 0.000000    -0.630840     0.452025 
59358.216025 0.000000 0.000000    -0.657818     0.451802 
59358.253635 0.000000 0.000000    -0.683943     0.451623 
59358.291245 0.000000 0.000000    -0.709192     0.451488 
59358.328855 0.000000 0.000000    -0.733544     0.451401 
59358.366465 0.000000 0.000000    -0.756981     0.451364 
59358.404075 0.000000 0.000000    -0.779483     0.451379 
59358.441686 0.000000 0.000000    -0.801034     0.451446 
59358.479296 0.000000 0.000000    -0.821619     0.451569 
59358.516906 0.000000 0.000000    -0.841222     0.451748 
59358.554516 0.000000 0.000000    -0.859831     0.451985 
59358.592126 0.000000 0.000000    -0.877434     0.452280 
59358.629736 0.000000 0.000000    -0.894020     0.452633 
59358.667347 0.000000 0.000000    -0.909582     0.453046 
59358.704957 0.000000 0.000000    -0.924110     0.453518 
59358.742567 0.000000 0.000000    -0.937598     0.454049 
59358.780177 0.000000 0.000000    -0.950042     0.454638 
59358.817787 0.000000 0.000000    -0.961438     0.455285 
59358.855397 0.000000 0.000000    -0.971783     0.455988 
59358.893007 0.000000 0.000000    -0.981076     0.456747 
59358.930618 0.000000 0.000000    -0.989318     0.457559 
59358.968228 0.000000 0.000000    -0.996510     0.458422 
59359.005838 0.000000 0.000000    -1.002656     0.459335 
59359.043448 0.000000 0.000000    -1.007758     0.460296 
59359.081058 0.000000 0.000000    -1.011823     0.461301 
59359.118668 0.000000 0.000000    -1.014857     0.462348 
59359.156279 0.000000 0.000000    -1.016869     0.463434 
59359.193889 0.000000 0.000000    -1.017867     0.464557 
59359.231499 0.000000 0.000000    -1.017861     0.465712 
59359.269109 0.000000 0.000000    -1.016864     0.466897 
59359.306719 0.000000 0.000000    -1.014887     0.468108 
59359.344329 0.000000 0.000000    -1.011945     0.469342 
59359.381939 0.000000 0.000000    -1.008052     0.470595 
59359.419550 0.000000 0.000000    -1.003223     0.471865 
59359.457160 0.000000 0.000000    -0.997477     0.473147 
59359.494770 0.000000 0.000000    -0.990830     0.474437 
59359.532380 0.000000 0.000000    -0.983302     0.475734 
59359.569990 0.000000 0.000000    -0.974912     0.477033 
59359.607600 0.000000 0.000000    -0.965680     0.478330 
59359.645211 0.000000 0.000000    -0.955629     0.479623 
59359.682821 0.000000 0.000000    -0.944780     0.480909 
59359.720431 0.000000 0.000000    -0.933157     0.482185 
59359.758041 0.000000 0.000000    -0.920782     0.483447 
59359.795651 0.000000 0.000000    -0.907681     0.484693 
59359.833261 0.000000 0.000000    -0.893878     0.485920 
59359.870871 0.000000 0.000000    -0.879400     0.487126 
59359.908482 0.000000 0.000000    -0.864272     0.488309 
59359.946092 0.000000 0.000000    -0.848521     0.489466 
59359.983702 0.000000 0.000000    -0.832174     0.490596 
59360.021312 0.000000 0.000000    -0.815258     0.491696 
59360.058922 0.000000 0.000000    -0.797803     0.492766 
59360.096532 0.000000 0.000000    -0.779836     0.493804 
59360.134143 0.000000 0.000000    -0.761385     0.494808 
59360.171753 0.000000 0.000000    -0.742480     0.495778 
59360.209363 0.000000 0.000000    -0.723150     0.496714 
59360.246973 0.000000 0.000000    -0.703423     0.497614 
59360.284583 0.000000 0.000000    -0.683329     0.498478 
59360.322193 0.000000 0.000000    -0.662898     0.499306 
59360.359804 0.000000 0.000000    -0.642159     0.500099 
59360.397414 0.000000 0.000000    -0.621141     0.500856 
59360.435024 0.000000 0.000000    -0.599873     0.501578 
59360.472634 0.000000 0.000000    -0.578385     0.502266 
59360.510244 0.000000 0.000000    -0.556706     0.502921 
59360.547854 0.000000 0.000000    -0.534864     0.503544 
59360.585464 0.000000 0.000000    -0.512889     0.504137 
59360.623075 0.000000 0.000000    -0.490808     0.504700 
59360.660685 0.000000 0.000000    -0.468650     0.505236 
59360.698295 0.000000 0.000000    -0.446442     0.505747 
59360.735905 0.000000 0.000000    -0.424211     0.506235 
59360.773515 0.000000 0.000000    -0.401984     0.506702 
59360.811125 0.000000 0.000000    -0.379788     0.507150 
59360.848736 0.000000 0.000000    -0.357648     0.507583 
59360.886346 0.000000 0.000000    -0.335590     0.508003 
59360.923956 0.000000 0.000000    -0.313639     0.508413 
59360.961566 0.000000 0.000000    -0.291818     0.508816 
59360.999176 0.000000 0.000000    -0.270150     0.509215 
59361.036786 0.000000 0.000000    -0.248660     0.509613 
59361.074396 0.000000 0.000000    -0.227369     0.510014 
59361.112007 0.000000 0.000000    -0.206298     0.510420 
59361.149617 0.000000 0.000000    -0.185468     0.510836 
59361.187227 0.000000 0.000000    -0.164898     0.511264 
59361.224837 0.000000 0.000000    -0.144609     0.511707 
59361.262447 0.000000 0.000000    -0.124618     0.512169 
59361.300057 0.000000 0.000000    -0.104943     0.512654 
59361.337668 0.000000 0.000000    -0.085600     0.513163 
59361.375278 0.000000 0.000000    -0.066605     0.513700 
59361.412888 0.000000 0.000000    -0.047974     0.514268 
59361.450498 0.000000 0.000000    -0.029719     0.514869 
59361.488108 0.000000 0.000000    -0.011854     0.515506 
59361.525718 0.000000 0.000000     0.005608     0.516180 
59361.563328 0.000000 0.000000     0.022657     0.516894 
59361.600939 0.000000 0.000000     0.039283     0.517650 
59361.638549 0.000000 0.000000     0.055475     0.518448 
59361.676159 0.000000 0.000000     0.071225     0.519290 
59361.713769 0.000000 0.000000     0.086526     0.520176 
59361.751379 0.000000 0.000000     0.101372     0.521108 
59361.788989 0.000000 0.000000     0.115755     0.522085 
59361.826600 0.000000 0.000000     0.129673     0.523107 
59361.864210 0.000000 0.000000     0.143121     0.524174 
59361.901820 0.000000 0.000000     0.156096     0.525284 
59361.939430 0.000000 0.000000     0.168595     0.526436 
59361.977040 0.000000 0.000000     0.180619     0.527630 
59362.014650 0.000000 0.000000     0.192167     0.528862 
59362.052261 0.000000 0.000000     0.203239     0.530132 
59362.089871 0.000000 0.000000     0.213837     0.531436 
59362.127481 0.000000 0.000000     0.223963     0.532773 
59362.165091 0.000000 0.000000     0.233621     0.534138 
59362.202701 0.000000 0.000000     0.242814     0.535529 
59362.240311 0.000000 0.000000     0.251548     0.536943 
59362.277921 0.000000 0.000000     0.259827     0.538375 
59362.315532 0.000000 0.000000     0.267659     0.539823 
59362.353142 0.000000 0.000000     0.275050     0.541282 
59362.390752 0.000000 0.000000     0.282008     0.542748 
59362.428362 0.000000 0.000000     0.288541     0.544218 
59362.465972 0.000000 0.000000     0.294658     0.545687 
59362.503582 0.000000 0.000000     0.300370     0.547150 
59362.541193 0.000000 0.000000     0.305686     0.548604 
59362.578803 0.000000 0.000000     0.310616     0.550045 
59362.616413 0.000000 0.000000     0.315174     0.551467 
59362.654023 0.000000 0.000000     0.319369     0.552867 
59362.691633 0.000000 0.000000     0.323215     0.554241 
59362.729243 0.000000 0.000000     0.326724     0.555584 
59362.766853 0.000000 0.000000     0.329910     0.556892 
59362.804464 0.000000 0.000000     0.332785     0.558162 
59362.842074 0.000000 0.000000     0.335364     0.559390 
59362.879684 0.000000 0.000000     0.337661     0.560572 
59362.917294 0.000000 0.000000     0.339691     0.561703 
59362.954904 0.000000 0.000000     0.341467     0.562782 
59362.992514 0.000000 0.000000     0.343005     0.563805 
59363.030125 0.000000 0.000000     0.344320     0.564768 
59363.067735 0.000000 0.000000     0.345427     0.565669 
59363.105345 0.000000 0.000000     0.346341     0.566505 
59363.142955 0.000000 0.000000     0.347077     0.567273 
59363.180565 0.000000 0.000000     0.347650     0.567972 
59363.218175 0.000000 0.000000     0.348077     0.568598 
59363.255785 0.000000 0.000000     0.348372     0.569151 
59363.293396 0.000000 0.000000     0.348550     0.569629 
59363.331006 0.000000 0.000000     0.348626     0.570029 
59363.368616 0.000000 0.000000     0.348616     0.570353 
59363.406226 0.000000 0.000000     0.348533     0.570597 
59363.443836 0.000000 0.000000     0.348393     0.570762 
59363.481446 0.000000 0.000000     0.348209     0.570848 
59363.519057 0.000000 0.000000     0.347996     0.570854 
59363.556667 0.000000 0.000000     0.347766     0.570781 
59363.594277 0.000000 0.000000     0.347535     0.570629 
59363.631887 0.000000 0.000000     0.347313     0.570400 
59363.669497 0.000000 0.000000     0.347115     0.570094 
59363.707107 0.000000 0.000000     0.346951     0.569713 
59363.744718 0.000000 0.000000     0.346834     0.569259 
59363.782328 0.000000 0.000000     0.346775     0.568735 
59363.819938 0.000000 0.000000     0.346784     0.568142 
59363.857548 0.000000 0.000000     0.346872     0.567484 
59363.895158 0.000000 0.000000     0.347048     0.566764 
59363.932768 0.000000 0.000000     0.347321     0.565986 
59363.970378 0.000000 0.000000     0.347700     0.565154 
59364.007989 0.000000 0.000000     0.348193     0.564272 
59364.045599 0.000000 0.000000     0.348807     0.563346 
59364.083209 0.000000 0.000000     0.349548     0.562380 
59364.120819 0.000000 0.000000     0.350423     0.561381 
59364.158429 0.000000 0.000000     0.351436     0.560354 
59364.196039 0.000000 0.000000     0.352593     0.559306 
59364.233650 0.000000 0.000000     0.353897     0.558244 
59364.271260 0.000000 0.000000     0.355352     0.557175 
59364.308870 0.000000 0.000000     0.356960     0.556106 
59364.346480 0.000000 0.000000     0.358723     0.555046 
59364.384090 0.000000 0.000000     0.360642     0.554002 
59364.421700 0.000000 0.000000     0.362717     0.552983 
59364.459310 0.000000 0.000000     0.364949     0.551998 
59364.496921 0.000000 0.000000     0.367337     0.551055 
59364.534531 0.000000 0.000000     0.369877     0.550164 
59364.572141 0.000000 0.000000     0.372570     0.549333 
59364.609751 0.000000 0.000000     0.375410     0.548571 
59364.647361 0.000000 0.000000     0.378394     0.547888 
59364.684971 0.000000 0.000000     0.381519     0.547291 
59364.722582 0.000000 0.000000     0.384777     0.546790 
59364.760192 0.000000 0.000000     0.388165     0.546392 
59364.797802 0.000000 0.000000     0.391675     0.546106 
59364.835412 0.000000 0.000000     0.395299     0.545938 
59364.873022 0.000000 0.000000     0.399031     0.545895 
59364.910632 0.000000 0.000000     0.402862     0.545984 
59364.948242 0.000000 0.000000     0.406782     0.546209 
59364.985853 0.000000 0.000000     0.410783     0.546575 
59365.023463 0.000000 0.000000     0.414854     0.547086 
59365.061073 0.000000 0.000000     0.418984     0.547743 
59365.098683 0.000000 0.000000     0.423162     0.548550 
59365.136293 0.000000 0.000000     0.427376     0.549507 
59365.173903 0.000000 0.000000     0.431614     0.550613 
59365.211514 0.000000 0.000000     0.435864     0.551867 
59365.249124 0.000000 0.000000     0.440112     0.553267 
59365.286734 0.000000 0.000000     0.444345     0.554810 
59365.324344 0.000000 0.000000     0.448548     0.556492 
59365.361954 0.000000 0.000000     0.452709     0.558308 
59365.399564 0.000000 0.000000     0.456812     0.560252 
59365.437175 0.000000 0.000000     0.460842     0.562318 
59365.474785 0.000000 0.000000     0.464784     0.564498 
59365.512395 0.000000 0.000000     0.468624     0.566787 
59365.550005 0.000000 0.000000     0.472345     0.569174 
59365.587615 0.000000 0.000000     0.475932     0.571653 
59365.625225 0.000000 0.000000     0.479370     0.574213 
59365.662835 0.000000 0.000000     0.482641     0.576847 
59365.700446 0.000000 0.000000     0.485732     0.579544 
59365.738056 0.000000 0.000000     0.488624     0.582297 
59365.775666 0.000000 0.000000     0.491303     0.585095 
59365.813276 0.000000 0.000000     0.493753     0.587929 
59365.850886 0.000000 0.000000     0.495958     0.590790 
59365.888496 0.000000 0.000000     0.497902     0.593669 
59365.926107 0.000000 0.000000     0.499570     0.596557 
59365.963717 0.000000 0.000000     0.500945     0.599446 
59366.001327 0.000000 0.000000     0.502014     0.602326 
59366.038937 0.000000 0.000000     0.502761     0.605190 
59366.076547 0.000000 0.000000     0.503171     0.608030 
59366.114157 0.000000 0.000000     0.503231     0.610838 
59366.151767 0.000000 0.000000     0.502925     0.613606 
59366.189378 0.000000 0.000000     0.502241     0.616329 
59366.226988 0.000000 0.000000     0.501166     0.618998 
59366.264598 0.000000 0.000000     0.499685     0.621607 
59366.302208 0.000000 0.000000     0.497788     0.624151 
59366.339818 0.000000 0.000000     0.495462     0.626624 
59366.377428 0.000000 0.000000     0.492696     0.629020 
59366.415039 0.000000 0.000000     0.489480     0.631333 
59366.452649 0.000000 0.000000     0.485802     0.633560 
59366.490259 0.000000 0.000000     0.481654     0.635695 
59366.527869 0.000000 0.000000     0.477027     0.637734 
59366.565479 0.000000 0.000000     0.471912     0.639673 
59366.603089 0.000000 0.000000     0.466302     0.641509 
59366.640699 0.000000 0.000000     0.460189     0.643238 
59366.678310 0.000000 0.000000     0.453569     0.644856 
59366.715920 0.000000 0.000000     0.446434     0.646361 
59366.753530 0.000000 0.000000     0.438781     0.647750 
59366.791140 0.000000 0.000000     0.430606     0.649021 
59366.828750 0.000000 0.000000     0.421905     0.650171 
59366.866360 0.000000 0.000000     0.412676     0.651199 
59366.903971 0.000000 0.000000     0.402918     0.652103 
59366.941581 0.000000 0.000000     0.392631     0.652880 
59366.979191 0.000000 0.000000     0.381813     0.653531 
59367.016801 0.000000 0.000000     0.370467     0.654053 
59367.054411 0.000000 0.000000     0.358594     0.654446 
59367.092021 0.000000 0.000000     0.346196     0.654709 
59367.129632 0.000000 0.000000     0.333279     0.654842 
59367.167242 0.000000 0.000000     0.319845     0.654845 
59367.204852 0.000000 0.000000     0.305900     0.654716 
59367.242462 0.000000 0.000000     0.291452     0.654458 
59367.280072 0.000000 0.000000     0.276506     0.654069 
59367.317682 0.000000 0.000000     0.261070     0.653550 
59367.355292 0.000000 0.000000     0.245154     0.652902 
59367.392903 0.000000 0.000000     0.228767     0.652126 
59367.430513 0.000000 0.000000     0.211920     0.651223 
59367.468123 0.000000 0.000000     0.194624     0.650195 
59367.505733 0.000000 0.000000     0.176891     0.649042 
59367.543343 0.000000 0.000000     0.158735     0.647766 
59367.580953 0.000000 0.000000     0.140168     0.646370 
59367.618564 0.000000 0.000000     0.121206     0.644855 
59367.656174 0.000000 0.000000     0.101864     0.643223 
59367.693784 0.000000 0.000000     0.082158     0.641478 
59367.731394 0.000000 0.000000     0.062105     0.639621 
59367.769004 0.000000 0.000000     0.041722     0.637656 
59367.806614 0.000000 0.000000     0.021029     0.635585 
59367.844224 0.000000 0.000000     0.000042     0.633412 
59367.881835 0.000000 0.000000    -0.021217     0.631141 
59367.919445 0.000000 0.000000    -0.042729     0.628776 
59367.957055 0.000000 0.000000    -0.064472     0.626319 
59367.994665 0.000000 0.000000    -0.086427     0.623776 
59368.032275 0.000000 0.000000    -0.108570     0.621150 
59368.069885 0.000000 0.000000    -0.130880     0.618448 
59368.107496 0.000000 0.000000    -0.153334     0.615672 
59368.145106 0.000000 0.000000    -0.175908     0.612829 
59368.182716 0.000000 0.000000    -0.198579     0.609924 
59368.220326 0.000000 0.000000    -0.221323     0.606962 
59368.257936 0.000000 0.000000    -0.244115     0.603949 
59368.295546 0.000000 0.000000    -0.266932     0.600892 
59368.333156 0.000000 0.000000    -0.289748     0.597796 
59368.370767 0.000000 0.000000    -0.312537     0.594668 
59368.408377 0.000000 0.000000    -0.335276     0.591514 
59368.445987 0.000000 0.000000    -0.357938     0.588342 
59368.483597 0.000000 0.000000    -0.380498     0.585159 
59368.521207 0.000000 0.000000    -0.402930     0.581971 
59368.558817 0.000000 0.000000    -0.425209     0.578786 
59368.596428 0.000000 0.000000    -0.447309     0.575611 
59368.634038 0.000000 0.000000    -0.469204     0.572454 
59368.671648 0.000000 0.000000    -0.490870     0.569323 
59368.709258 0.000000 0.000000    -0.512280     0.566225 
59368.746868 0.000000 0.000000    -0.533410     0.563167 
59368.784478 0.000000 0.000000    -0.554235     0.560158 
59368.822089 0.000000 0.000000    -0.574729     0.557205 
59368.859699 0.000000 0.000000    -0.594869     0.554314 
59368.897309 0.000000 0.000000    -0.614631     0.551494 
59368.934919 0.000000 0.000000    -0.633990     0.548751 
59368.972529 0.000000 0.000000    -0.652924     0.546091 
59369.010139 0.000000 0.000000    -0.671410     0.543521 
59369.047749 0.000000 0.000000    -0.689425     0.541046 
59369.085360 0.000000 0.000000    -0.706948     0.538672 
59369.122970 0.000000 0.000000    -0.723957     0.536404 
59369.160580 0.000000 0.000000    -0.740432     0.534246 
59369.198190 0.000000 0.000000    -0.756352     0.532201 
59369.235800 0.000000 0.000000    -0.771698     0.530273 
59369.273410 0.000000 0.000000    -0.786452     0.528464 
59369.311021 0.000000 0.000000    -0.800595     0.526775 
59369.348631 0.000000 0.000000    -0.814111     0.525208 
59369.386241 0.000000 0.000000    -0.826983     0.523762 
59369.423851 0.000000 0.000000    -0.839195     0.522438 
59369.461461 0.000000 0.000000    -0.850733     0.521233 
59369.499071 0.000000 0.000000    -0.861582     0.520146 
59369.536681 0.000000 0.000000    -0.871730     0.519174 
59369.574292 0.000000 0.000000    -0.881165     0.518315 
59369.611902 0.000000 0.000000    -0.889876     0.517563 
59369.649512 0.000000 0.000000    -0.897852     0.516916 
59369.687122 0.000000 0.000000    -0.905085     0.516368 
59369.724732 0.000000 0.000000    -0.911565     0.515914 
59369.762342 0.000000 0.000000    -0.917287     0.515549 
59369.799953 0.000000 0.000000    -0.922244     0.515266 
59369.837563 0.000000 0.000000    -0.926430     0.515060 
59369.875173 0.000000 0.000000    -0.929843     0.514924 
59369.912783 0.000000 0.000000    -0.932479     0.514852 
59369.950393 0.000000 0.000000    -0.934336     0.514837 
59369.988003 0.000000 0.000000    -0.935413     0.514873 
59370.025613 0.000000 0.000000    -0.935711     0.514954 
59370.063224 0.000000 0.000000    -0.935232     0.515073 
59370.100834 0.000000 0.000000    -0.933977     0.515225 
59370.138444 0.000000 0.000000    -0.931951     0.515403 
59370.176054 0.000000 0.000000    -0.929158     0.515601 
59370.213664 0.000000 0.000000    -0.925604     0.515815 
59370.251274 0.000000 0.000000    -0.921297     0.516039 
59370.288885 0.000000 0.000000    -0.916243     0.516268 
59370.326495 0.000000 0.000000    -0.910452     0.516497 
59370.364105 0.000000 0.000000    -0.903935     0.516723 
59370.401715 0.000000 0.000000    -0.896702     0.516941 
59370.439325 0.000000 0.000000    -0.888766     0.517148 
59370.476935 0.000000 0.000000    -0.880140     0.517340 
59370.514546 0.000000 0.000000    -0.870838     0.517515 
59370.552156 0.000000 0.000000    -0.860875     0.517670 
59370.589766 0.000000 0.000000    -0.850269     0.517803 
59370.627376 0.000000 0.000000    -0.839035     0.517912 
59370.664986 0.000000 0.000000    -0.827192     0.517995 
59370.702596 0.000000 0.000000    -0.814759     0.518052 
59370.740206 0.000000 0.000000    -0.801756     0.518081 
59370.777817 0.000000 0.000000    -0.788204     0.518081 
59370.815427 0.000000 0.000000    -0.774123     0.518054 
59370.853037 0.000000 0.000000    -0.759537     0.517997 
59370.890647 0.000000 0.000000    -0.744468     0.517913 
59370.928257 0.000000 0.000000    -0.728941     0.517801 
59370.965867 0.000000 0.000000    -0.712979     0.517661 
59371.003478 0.000000 0.000000    -0.696608     0.517496 
59371.041088 0.000000 0.000000    -0.679853     0.517306 
59371.078698 0.000000 0.000000    -0.662741     0.517093 
59371.116308 0.000000 0.000000    -0.645298     0.516858 
59371.153918 0.000000 0.000000    -0.627552     0.516604 
59371.191528 0.000000 0.000000    -0.609530     0.516331 
59371.229138 0.000000 0.000000    -0.591262     0.516042 
59371.266749 0.000000 0.000000    -0.572774     0.515739 
59371.304359 0.000000 0.000000    -0.554097     0.515425 
59371.341969 0.000000 0.000000    -0.535258     0.515101 
59371.379579 0.000000 0.000000    -0.516289     0.514771 
59371.417189 0.000000 0.000000    -0.497217     0.514436 
59371.454799 0.000000 0.000000    -0.478074     0.514098 
59371.492410 0.000000 0.000000    -0.458888     0.513762 
59371.530020 0.000000 0.000000    -0.439689     0.513428 
59371.567630 0.000000 0.000000    -0.420508     0.513099 
59371.605240 0.000000 0.000000    -0.401375     0.512777 
59371.642850 0.000000 0.000000    -0.382318     0.512465 
59371.680460 0.000000 0.000000    -0.363368     0.512165 
59371.718070 0.000000 0.000000    -0.344554     0.511879 
59371.755681 0.000000 0.000000    -0.325906     0.511608 
59371.793291 0.000000 0.000000    -0.307451     0.511355 
59371.830901 0.000000 0.000000    -0.289220     0.511121 
59371.868511 0.000000 0.000000    -0.271239     0.510907 
59371.906121 0.000000 0.000000    -0.253538     0.510714 
59371.943731 0.000000 0.000000    -0.236143     0.510545 
59371.981342 0.000000 0.000000    -0.219082     0.510399 
59372.018952 0.000000 0.000000    -0.202380     0.510277 
59372.056562 0.000000 0.000000    -0.186064     0.510180 
59372.094172 0.000000 0.000000    -0.170158     0.510107 
59372.131782 0.000000 0.000000    -0.154688     0.510060 
59372.169392 0.000000 0.000000    -0.139676     0.510037 
59372.207003 0.000000 0.000000    -0.125147     0.510039 
59372.244613 0.000000 0.000000    -0.111122     0.510064 
59372.282223 0.000000 0.000000    -0.097623     0.510112 
59372.319833 0.000000 0.000000    -0.084671     0.510183 
59372.357443 0.000000 0.000000    -0.072284     0.510275 
59372.395053 0.000000 0.000000    -0.060482     0.510386 
59372.432663 0.000000 0.000000    -0.049284     0.510516 
59372.470274 0.000000 0.000000    -0.038705     0.510662 
59372.507884 0.000000 0.000000    -0.028761     0.510824 
59372.545494 0.000000 0.000000    -0.019467     0.510999 
59372.583104 0.000000 0.000000    -0.010838     0.511185 
59372.620714 0.000000 0.000000    -0.002885     0.511381 
59372.658324 0.000000 0.000000     0.004379     0.511585 
59372.695935 0.000000 0.000000     0.010945     0.511795 
59372.733545 0.000000 0.000000     0.016803     0.512008 
59372.771155 0.000000 0.000000    -0.082345     0.757305 
