# time model 
59318.650141 0.146061 
59318.687751 0.342404 
59318.725361 0.557015 
59318.762971 0.785833 
59318.800582 1.024730 
59318.838192 1.269679 
59318.875802 1.516892 
59318.913412 1.762921 
59318.951022 2.004730 
59318.988632 2.239725 
59319.026243 2.465759 
59319.063853 2.681114 
59319.101463 2.884469 
59319.139073 3.074858 
59319.176683 3.251621 
59319.214293 3.414358 
59319.251903 3.562884 
59319.289514 3.697183 
59319.327124 3.817377 
59319.364734 3.923689 
59319.402344 4.016415 
59319.439954 4.095907 
59319.477564 4.162548 
59319.515175 4.216740 
59319.552785 4.258892 
59319.590395 4.289413 
59319.628005 4.308701 
59319.665615 4.317139 
59319.703225 4.315094 
59319.740836 4.302912 
59319.778446 4.280917 
59319.816056 4.249413 
59319.853666 4.208678 
59319.891276 4.158970 
59319.928886 4.100527 
59319.966496 4.033564 
59320.004107 3.958282 
59320.041717 3.874862 
59320.079327 3.783472 
59320.116937 3.684269 
59320.154547 3.577399 
59320.192157 3.463005 
59320.229768 3.341226 
59320.267378 3.212203 
59320.304988 3.076084 
59320.342598 2.933031 
59320.380208 2.783221 
59320.417818 2.626861 
59320.455428 2.464189 
59320.493039 2.295487 
59320.530649 2.121093 
59320.568259 1.941410 
59320.605869 1.756923 
59320.643479 1.568212 
59320.681089 1.375972 
59320.718700 1.181029 
59320.756310 0.984361 
59320.793920 0.787119 
59320.831530 0.590643 
59320.869140 0.396485 
59320.906750 0.206422 
59320.944360 0.022464 
59320.981971 -0.153145 
59321.019581 -0.317942 
59321.057191 -0.469264 
59321.094801 -0.604304 
59321.132411 -0.720173 
59321.170021 -0.813996 
59321.207632 -0.883022 
59321.245242 -0.924761 
59321.282852 -0.937126 
59321.320462 -0.918579 
59321.358072 -0.868258 
59321.395682 -0.786081 
59321.433293 -0.672803 
59321.470903 -0.530017 
59321.508513 -0.360104 
59321.546123 -0.166128 
59321.583733 0.048319 
59321.621343 0.279290 
59321.658953 0.522670 
59321.696564 0.774355 
59321.734174 1.030406 
59321.771784 1.287172 
59321.809394 1.541382 
59321.847004 1.790189 
59321.884614 2.031196 
59321.922225 2.262448 
59321.959835 2.482406 
59321.997445 2.689909 
59322.035055 2.884132 
59322.072665 3.064533 
59322.110275 3.230813 
59322.147885 3.382865 
59322.185496 3.520737 
59322.223106 3.644598 
59322.260716 3.754706 
59322.298326 3.851383 
59322.335936 3.934997 
59322.373546 4.005940 
59322.411157 4.064618 
59322.448767 4.111440 
59322.486377 4.146811 
59322.523987 4.171121 
59322.561597 4.184748 
59322.599207 4.188048 
59322.636817 4.181359 
59322.674428 4.164994 
59322.712038 4.139246 
59322.749648 4.104385 
59322.787258 4.060659 
59322.824868 4.008296 
59322.862478 3.947504 
59322.900089 3.878475 
59322.937699 3.801385 
59322.975309 3.716396 
59323.012919 3.623660 
59323.050529 3.523322 
59323.088139 3.415522 
59323.125750 3.300400 
59323.163360 3.178100 
59323.200970 3.048775 
59323.238580 2.912593 
59323.276190 2.769744 
59323.313800 2.620448 
59323.351410 2.464961 
59323.389021 2.303589 
59323.426631 2.136697 
59323.464241 1.964722 
59323.501851 1.788191 
59323.539461 1.607731 
59323.577071 1.424093 
59323.614682 1.238168 
59323.652292 1.051009 
59323.689902 0.863846 
59323.727512 0.678114 
59323.765122 0.495461 
59323.802732 0.317766 
59323.840342 0.147143 
59323.877953 -0.014064 
59323.915563 -0.163299 
59323.953173 -0.297830 
59323.990783 -0.414803 
59324.028393 -0.511324 
59324.066003 -0.584555 
59324.103614 -0.631846 
59324.141224 -0.650865 
59324.178834 -0.639753 
59324.216444 -0.597254 
59324.254054 -0.522843 
59324.291664 -0.416802 
59324.329274 -0.280260 
59324.366885 -0.115170 
59324.404495 0.075770 
59324.442105 0.289241 
59324.479715 0.521471 
59324.517325 0.768414 
59324.554935 1.025938 
59324.592546 1.289994 
59324.630156 1.556756 
59324.667766 1.822731 
59324.705376 2.084830 
59324.742986 2.340401 
59324.780596 2.587245 
59324.818207 2.823591 
59324.855817 3.048073 
59324.893427 3.259680 
59324.931037 3.457718 
59324.968647 3.641756 
59325.006257 3.811582 
59325.043867 3.967160 
59325.081478 4.108594 
59325.119088 4.236094 
59325.156698 4.349946 
59325.194308 4.450493 
59325.231918 4.538111 
59325.269528 4.613199 
59325.307139 4.676163 
59325.344749 4.727407 
59325.382359 4.767328 
59325.419969 4.796308 
59325.457579 4.814713 
59325.495189 4.822887 
59325.532799 4.821155 
59325.570410 4.809818 
59325.608020 4.789154 
59325.645630 4.759421 
59325.683240 4.720853 
59325.720850 4.673668 
59325.758460 4.618061 
59325.796071 4.554214 
59325.833681 4.482291 
59325.871291 4.402447 
59325.908901 4.314826 
59325.946511 4.219566 
59325.984121 4.116802 
59326.021731 4.006672 
59326.059342 3.889319 
59326.096952 3.764897 
59326.134562 3.633579 
59326.172172 3.495562 
59326.209782 3.351076 
59326.247392 3.200394 
59326.285003 3.043841 
59326.322613 2.881809 
59326.360223 2.714767 
59326.397833 2.543279 
59326.435443 2.368021 
59326.473053 2.189798 
59326.510664 2.009565 
59326.548274 1.828445 
59326.585884 1.647753 
59326.623494 1.469009 
59326.661104 1.293959 
59326.698714 1.124580 
59326.736324 0.963084 
59326.773935 0.811906 
59326.811545 0.673680 
59326.849155 0.551197 
59326.886765 0.447333 
59326.924375 0.364967 
59326.961985 0.306864 
59326.999596 0.275547 
59327.037206 0.273153 
59327.074816 0.301285 
59327.112426 0.360884 
59327.150036 0.452122 
59327.187646 0.574337 
59327.225256 0.726028 
59327.262867 0.904893 
59327.300477 1.107937 
59327.338087 1.331616 
59327.375697 1.572007 
59327.413307 1.825001 
59327.450917 2.086478 
59327.488528 2.352467 
59327.526138 2.619274 
59327.563748 2.883572 
59327.601358 3.142459 
59327.638968 3.393481 
59327.676578 3.634624 
59327.714188 3.864297 
59327.751799 4.081294 
59327.789409 4.284746 
59327.827019 4.474075 
59327.864629 4.648950 
59327.902239 4.809237 
59327.939849 4.954965 
59327.977460 5.086284 
59328.015070 5.203436 
59328.052680 5.306734 
59328.090290 5.396533 
59328.127900 5.473220 
59328.165510 5.537193 
59328.203121 5.588857 
59328.240731 5.628611 
59328.278341 5.656844 
59328.315951 5.673928 
59328.353561 5.680219 
59328.391171 5.676050 
59328.428781 5.661733 
59328.466392 5.637559 
59328.504002 5.603795 
59328.541612 5.560687 
59328.579222 5.508460 
59328.616832 5.447322 
59328.654442 5.377460 
59328.692053 5.299047 
59328.729663 5.212244 
59328.767273 5.117200 
59328.804883 5.014055 
59328.842493 4.902947 
59328.880103 4.784011 
59328.917713 4.657387 
59328.955324 4.523223 
59328.992934 4.381682 
59329.030544 4.232948 
59329.068154 4.077232 
59329.105764 3.914784 
59329.143374 3.745900 
59329.180985 3.570935 
59329.218595 3.390315 
59329.256205 3.204551 
59329.293815 3.014258 
59329.331425 2.820169 
59329.369035 2.623155 
59329.406645 2.424247 
59329.444256 2.224653 
59329.481866 2.025779 
59329.519476 1.829250 
59329.557086 1.636914 
59329.594696 1.450858 
59329.632306 1.273398 
59329.669917 1.107067 
59329.707527 0.954578 
59329.745137 0.818775 
59329.782747 0.702554 
59329.820357 0.608762 
59329.857967 0.540082 
59329.895578 0.498888 
59329.933188 0.487105 
59329.970798 0.506066 
59330.008408 0.556389 
59330.046018 0.637889 
59330.083628 0.749538 
59330.121238 0.889478 
59330.158849 1.055095 
59330.196459 1.243137 
59330.234069 1.449877 
59330.271679 1.671296 
59330.309289 1.903266 
59330.346899 2.141722 
59330.384510 2.382811 
59330.422120 2.623001 
59330.459730 2.859155 
59330.497340 3.088576 
59330.534950 3.309016 
59330.572560 3.518661 
59330.610170 3.716103 
59330.647781 3.900299 
59330.685391 4.070526 
59330.723001 4.226330 
59330.760611 4.367481 
59330.798221 4.493932 
59330.835831 4.605778 
59330.873442 4.703224 
59330.911052 4.786558 
59330.948662 4.856122 
59330.986272 4.912298 
59331.023882 4.955490 
59331.061492 4.986111 
59331.099102 5.004574 
59331.136713 5.011286 
59331.174323 5.006638 
59331.211933 4.991008 
59331.249543 4.964752 
59331.287153 4.928205 
59331.324763 4.881681 
59331.362374 4.825470 
59331.399984 4.759841 
59331.437594 4.685044 
59331.475204 4.601305 
59331.512814 4.508834 
59331.550424 4.407824 
59331.588035 4.298454 
59331.625645 4.180888 
59331.663255 4.055284 
59331.700865 3.921791 
59331.738475 3.780557 
59331.776085 3.631730 
59331.813695 3.475463 
59331.851306 3.311923 
59331.888916 3.141290 
59331.926526 2.963771 
59331.964136 2.779606 
59332.001746 2.589072 
59332.039356 2.392503 
59332.076967 2.190293 
59332.114577 1.982916 
59332.152187 1.770936 
59332.189797 1.555029 
59332.227407 1.335998 
59332.265017 1.114791 
59332.302627 0.892526 
59332.340238 0.670508 
59332.377848 0.450245 
59332.415458 0.233471 
59332.453068 0.022149 
59332.490678 -0.181521 
59332.528288 -0.375117 
59332.565899 -0.556009 
59332.603509 -0.721410 
59332.641119 -0.868434 
59332.678729 -0.994183 
59332.716339 -1.095857 
59332.753949 -1.170884 
59332.791559 -1.217061 
59332.829170 -1.232700 
59332.866780 -1.216761 
59332.904390 -1.168966 
59332.942000 -1.089862 
59332.979610 -0.980841 
59333.017220 -0.844098 
59333.054831 -0.682542 
59333.092441 -0.499648 
59333.130051 -0.299287 
59333.167661 -0.085544 
59333.205271 0.137469 
59333.242881 0.365770 
59333.280492 0.595642 
59333.318102 0.823725 
59333.355712 1.047082 
59333.393322 1.263217 
59333.430932 1.470081 
59333.468542 1.666051 
59333.506152 1.849888 
59333.543763 2.020703 
59333.581373 2.177898 
59333.618983 2.321130 
59333.656593 2.450258 
59333.694203 2.565304 
59333.731813 2.666421 
59333.769424 2.753854 
59333.807034 2.827921 
59333.844644 2.888985 
59333.882254 2.937443 
59333.919864 2.973704 
59333.957474 2.998185 
59333.995084 3.011298 
59334.032695 3.013443 
59334.070305 3.005008 
59334.107915 2.986360 
59334.145525 2.957846 
59334.183135 2.919792 
59334.220745 2.872501 
59334.258356 2.816253 
59334.295966 2.751306 
59334.333576 2.677898 
59334.371186 2.596247 
59334.408796 2.506552 
59334.446406 2.408998 
59334.484016 2.303754 
59334.521627 2.190979 
59334.559237 2.070822 
59334.596847 1.943429 
59334.634457 1.808943 
59334.672067 1.667509 
59334.709677 1.519283 
59334.747288 1.364430 
59334.784898 1.203139 
59334.822508 1.035624 
59334.860118 0.862134 
59334.897728 0.682966 
59334.935338 0.498472 
59334.972949 0.309073 
59335.010559 0.115275 
59335.048169 -0.082316 
59335.085779 -0.282979 
59335.123389 -0.485856 
59335.160999 -0.689933 
59335.198609 -0.894021 
59335.236220 -1.096733 
59335.273830 -1.296472 
59335.311440 -1.491412 
59335.349050 -1.679494 
59335.386660 -1.858426 
59335.424270 -2.025700 
59335.461881 -2.178618 
59335.499491 -2.314350 
59335.537101 -2.430003 
59335.574711 -2.522717 
59335.612321 -2.589784 
59335.649931 -2.628789 
59335.687541 -2.637748 
59335.725152 -2.615254 
59335.762762 -2.560604 
59335.800372 -2.473889 
59335.837982 -2.356040 
59335.875592 -2.208824 
59335.913202 -2.034778 
59335.950813 -1.837090 
59335.988423 -1.619446 
59336.026033 -1.385845 
59336.063643 -1.140417 
59336.101253 -0.887247 
59336.138863 -0.630226 
59336.176473 -0.372934 
59336.214084 -0.118563 
59336.251694 0.130131 
59336.289304 0.370840 
59336.326914 0.601693 
59336.364524 0.821231 
59336.402134 1.028361 
59336.439745 1.222317 
59336.477355 1.402606 
59336.514965 1.568967 
59336.552575 1.721325 
59336.590185 1.859749 
59336.627795 1.984424 
59336.665406 2.095617 
59336.703016 2.193658 
59336.740626 2.278912 
59336.778236 2.351770 
59336.815846 2.412635 
59336.853456 2.461907 
59336.891066 2.499983 
59336.928677 2.527245 
59336.966287 2.544059 
59337.003897 2.550772 
59337.041507 2.547707 
59337.079117 2.535170 
59337.116727 2.513438 
59337.154338 2.482772 
59337.191948 2.443408 
59337.229558 2.395562 
59337.267168 2.339432 
59337.304778 2.275197 
59337.342388 2.203024 
59337.379998 2.123066 
59337.417609 2.035464 
59337.455219 1.940354 
59337.492829 1.837868 
59337.530439 1.728140 
59337.568049 1.611306 
59337.605659 1.487515 
59337.643270 1.356932 
59337.680880 1.219742 
59337.718490 1.076165 
59337.756100 0.926460 
59337.793710 0.770934 
59337.831320 0.609960 
59337.868930 0.443983 
59337.906541 0.273543 
59337.944151 0.099283 
59337.981761 -0.078027 
59338.019371 -0.257470 
59338.056981 -0.437968 
59338.094591 -0.618255 
59338.132202 -0.796863 
59338.169812 -0.972103 
59338.207422 -1.142054 
59338.245032 -1.304562 
59338.282642 -1.457245 
59338.320252 -1.597512 
59338.357863 -1.722610 
59338.395473 -1.829674 
59338.433083 -1.915821 
59338.470693 -1.978250 
59338.508303 -2.014370 
59338.545913 -2.021943 
59338.583523 -1.999232 
59338.621134 -1.945132 
59338.658744 -1.859286 
59338.696354 -1.742159 
59338.733964 -1.595060 
59338.771574 -1.420114 
59338.809184 -1.220166 
59338.846795 -0.998649 
59338.884405 -0.759414 
59338.922015 -0.506545 
59338.959625 -0.244175 
59338.997235 0.023676 
59339.034845 0.293240 
59339.072455 0.561098 
59339.110066 0.824245 
59339.147676 1.080120 
59339.185286 1.326609 
59339.222896 1.562026 
59339.260506 1.785077 
59339.298116 1.994819 
59339.335727 2.190610 
59339.373337 2.372068 
59339.410947 2.539015 
59339.448557 2.691446 
59339.486167 2.829486 
59339.523777 2.953359 
59339.561387 3.063363 
59339.598998 3.159848 
59339.636608 3.243192 
59339.674218 3.313796 
59339.711828 3.372063 
59339.749438 3.418395 
59339.787048 3.453185 
59339.824659 3.476811 
59339.862269 3.489634 
59339.899879 3.491993 
59339.937489 3.484207 
59339.975099 3.466572 
59340.012709 3.439363 
59340.050320 3.402833 
59340.087930 3.357212 
59340.125540 3.302713 
59340.163150 3.239531 
59340.200760 3.167843 
59340.238370 3.087814 
59340.275980 2.999597 
59340.313591 2.903337 
59340.351201 2.799172 
59340.388811 2.687241 
59340.426421 2.567683 
59340.464031 2.440646 
59340.501641 2.306291 
59340.539252 2.164799 
59340.576862 2.016374 
59340.614472 1.861261 
59340.652082 1.699743 
59340.689692 1.532165 
59340.727302 1.358936 
59340.764912 1.180547 
59340.802523 0.997591 
59340.840133 0.810772 
59340.877743 0.620931 
59340.915353 0.429060 
59340.952963 0.236326 
59340.990573 0.044092 
59341.028184 -0.146072 
59341.065794 -0.332365 
59341.103404 -0.512756 
59341.141014 -0.684979 
59341.178624 -0.846548 
59341.216234 -0.994785 
59341.253844 -1.126869 
59341.291455 -1.239909 
59341.329065 -1.331032 
59341.366675 -1.397504 
59341.404285 -1.436864 
59341.441895 -1.447069 
59341.479505 -1.426634 
59341.517116 -1.374763 
59341.554726 -1.291448 
59341.592336 -1.177517 
59341.629946 -1.034638 
59341.667556 -0.865257 
59341.705166 -0.672490 
59341.742777 -0.459966 
59341.780387 -0.231653 
59341.817997 0.008330 
59341.855607 0.255892 
59341.893217 0.507119 
59341.930827 0.758397 
59341.968437 1.006492 
59342.006048 1.248603 
59342.043658 1.482379 
59342.081268 1.705905 
59342.118878 1.917684 
59342.156488 2.116592 
59342.194098 2.301834 
59342.231709 2.472898 
59342.269319 2.629506 
59342.306929 2.771570 
59342.344539 2.899157 
59342.382149 3.012448 
59342.419759 3.111712 
59342.457369 3.197280 
59342.494980 3.269525 
59342.532590 3.328847 
59342.570200 3.375656 
59342.607810 3.410365 
59342.645420 3.433380 
59342.683030 3.445098 
59342.720641 3.445896 
59342.758251 3.436134 
59342.795861 3.416151 
59342.833471 3.386263 
59342.871081 3.346764 
59342.908691 3.297928 
59342.946301 3.240003 
59342.983912 3.173220 
59343.021522 3.097791 
59343.059132 3.013909 
59343.096742 2.921753 
59343.134352 2.821489 
59343.171962 2.713271 
59343.209573 2.597249 
59343.247183 2.473567 
59343.284793 2.342368 
59343.322403 2.203801 
59343.360013 2.058026 
59343.397623 1.905215 
59343.435234 1.745566 
59343.472844 1.579305 
59343.510454 1.406696 
59343.548064 1.228055 
59343.585674 1.043756 
59343.623284 0.854249 
59343.660894 0.660072 
59343.698505 0.461869 
59343.736115 0.260405 
59343.773725 0.056591 
59343.811335 -0.148503 
59343.848945 -0.353623 
59343.886555 -0.557312 
59343.924166 -0.757897 
59343.961776 -0.953473 
59343.999386 -1.141901 
59344.036996 -1.320813 
59344.074606 -1.487631 
59344.112216 -1.639604 
59344.149826 -1.773868 
59344.187437 -1.887525 
59344.225047 -1.977746 
59344.262657 -2.041899 
59344.300267 -2.077687 
59344.337877 -2.083295 
59344.375487 -2.057528 
59344.413098 -1.999927 
59344.450708 -1.910848 
59344.488318 -1.791494 
59344.525928 -1.643886 
59344.563538 -1.470782 
59344.601148 -1.275545 
59344.638758 -1.061978 
59344.676369 -0.834138 
59344.713979 -0.596151 
59344.751589 -0.352048 
59344.789199 -0.105625 
59344.826809 0.139664 
59344.864419 0.380772 
59344.902030 0.615095 
59344.939640 0.840474 
59344.977250 1.055184 
59345.014860 1.257895 
59345.052470 1.447632 
59345.090080 1.623732 
59345.127691 1.785788 
59345.165301 1.933610 
59345.202911 2.067181 
59345.240521 2.186619 
59345.278131 2.292147 
59345.315741 2.384060 
59345.353351 2.462709 
59345.390962 2.528477 
59345.428572 2.581767 
59345.466182 2.622990 
59345.503792 2.652554 
59345.541402 2.670858 
59345.579012 2.678286 
59345.616623 2.675207 
59345.654233 2.661968 
59345.691843 2.638894 
59345.729453 2.606290 
59345.767063 2.564435 
59345.804673 2.513589 
59345.842283 2.453989 
59345.879894 2.385854 
59345.917504 2.309384 
59345.955114 2.224761 
59345.992724 2.132154 
59346.030334 2.031721 
59346.067944 1.923610 
59346.105555 1.807961 
59346.143165 1.684916 
59346.180775 1.554617 
59346.218385 1.417210 
59346.255995 1.272858 
59346.293605 1.121739 
59346.331215 0.964058 
59346.368826 0.800052 
59346.406436 0.630004 
59346.444046 0.454250 
59346.481656 0.273190 
59346.519266 0.087309 
59346.556876 -0.102815 
59346.594487 -0.296492 
59346.632097 -0.492897 
59346.669707 -0.691057 
59346.707317 -0.889827 
59346.744927 -1.087868 
59346.782537 -1.283635 
59346.820148 -1.475357 
59346.857758 -1.661029 
59346.895368 -1.838415 
59346.932978 -2.005052 
59346.970588 -2.158287 
59347.008198 -2.295312 
59347.045808 -2.413240 
59347.083419 -2.509195 
59347.121029 -2.580420 
59347.158639 -2.624419 
59347.196249 -2.639091 
59347.233859 -2.622884 
59347.271469 -2.574919 
59347.309080 -2.495092 
59347.346690 -2.384138 
59347.384300 -2.243629 
59347.421910 -2.075929 
59347.459520 -1.884086 
59347.497130 -1.671681 
59347.534740 -1.442656 
59347.572351 -1.201123 
59347.609961 -0.951189 
59347.647571 -0.696798 
59347.685181 -0.441609 
59347.722791 -0.188905 
59347.760401 0.058457 
59347.798012 0.298069 
59347.835622 0.527964 
59347.873232 0.746594 
59347.910842 0.952789 
59347.948452 1.145715 
59347.986062 1.324826 
59348.023672 1.489815 
59348.061283 1.640571 
59348.098893 1.777139 
59348.136503 1.899685 
59348.174113 2.008464 
59348.211723 2.103799 
59348.249333 2.186055 
59348.286944 2.255623 
59348.324554 2.312909 
59348.362164 2.358324 
59348.399774 2.392269 
59348.437384 2.415139 
59348.474994 2.427308 
59348.512605 2.429135 
59348.550215 2.420957 
59348.587825 2.403089 
59348.625435 2.375822 
59348.663045 2.339429 
59348.700655 2.294156 
59348.738265 2.240233 
59348.775876 2.177869 
59348.813486 2.107255 
59348.851096 2.028567 
59348.888706 1.941968 
59348.926316 1.847611 
59348.963926 1.745639 
59349.001537 1.636194 
59349.039147 1.519415 
59349.076757 1.395446 
59349.114367 1.264440 
59349.151977 1.126565 
59349.189587 0.982010 
59349.227197 0.830993 
59349.264808 0.673771 
59349.302418 0.510648 
59349.340028 0.341987 
59349.377638 0.168224 
59349.415248 -0.010118 
59349.452858 -0.192411 
59349.490469 -0.377910 
59349.528079 -0.565726 
59349.565689 -0.754812 
59349.603299 -0.943939 
59349.640909 -1.131681 
59349.678519 -1.316392 
59349.716129 -1.496199 
59349.753740 -1.668995 
59349.791350 -1.832440 
59349.828960 -1.983983 
59349.866570 -2.120894 
59349.904180 -2.240323 
59349.941790 -2.339373 
59349.979401 -2.415205 
59350.017011 -2.465161 
59350.054621 -2.486899 
59350.092231 -2.478546 
59350.129841 -2.438830 
59350.167451 -2.367204 
59350.205062 -2.263932 
59350.242672 -2.130119 
59350.280282 -1.967698 
59350.317892 -1.779351 
59350.355502 -1.568382 
59350.393112 -1.338553 
59350.430722 -1.093905 
59350.468333 -0.838568 
59350.505943 -0.576596 
59350.543553 -0.311821 
59350.581163 -0.047743 
59350.618773 0.212537 
59350.656383 0.466359 
59350.693994 0.711512 
59350.731604 0.946218 
59350.769214 1.169099 
59350.806824 1.379139 
59350.844434 1.575638 
59350.882044 1.758158 
59350.919654 1.926484 
59350.957265 2.080578 
59350.994875 2.220541 
59351.032485 2.346581 
59351.070095 2.458985 
59351.107705 2.558095 
59351.145315 2.644288 
59351.182926 2.717962 
59351.220536 2.779525 
59351.258146 2.829383 
59351.295756 2.867933 
59351.333366 2.895559 
59351.370976 2.912628 
59351.408586 2.919487 
59351.446197 2.916461 
59351.483807 2.903853 
59351.521417 2.881944 
59351.559027 2.850991 
59351.596637 2.811233 
59351.634247 2.762886 
59351.671858 2.706149 
59351.709468 2.641204 
59351.747078 2.568218 
59351.784688 2.487346 
59351.822298 2.398734 
59351.859908 2.302520 
59351.897519 2.198843 
59351.935129 2.087838 
59351.972739 1.969652 
59352.010349 1.844438 
59352.047959 1.712371 
59352.085569 1.573646 
59352.123179 1.428496 
59352.160790 1.277192 
59352.198400 1.120060 
59352.236010 0.957490 
59352.273620 0.789949 
59352.311230 0.618002 
59352.348840 0.442321 
59352.386451 0.263709 
59352.424061 0.083118 
59352.461671 -0.098331 
59352.499281 -0.279329 
59352.536891 -0.458359 
59352.574501 -0.633681 
59352.612111 -0.803323 
59352.649722 -0.965077 
59352.687332 -1.116512 
59352.724942 -1.254999 
59352.762552 -1.377749 
59352.800162 -1.481885 
59352.837772 -1.564529 
59352.875383 -1.622908 
59352.912993 -1.654491 
59352.950603 -1.657132 
59352.988213 -1.629210 
59353.025823 -1.569765 
59353.063433 -1.478607 
59353.101043 -1.356374 
59353.138654 -1.204549 
59353.176264 -1.025412 
59353.213874 -0.821943 
59353.251484 -0.597675 
59353.289094 -0.356522 
59353.326704 -0.102591 
59353.364315 0.159996 
59353.401925 0.427263 
59353.439535 0.695509 
59353.477145 0.961398 
59353.514755 1.222015 
59353.552365 1.474896 
59353.589976 1.718017 
59353.627586 1.949778 
59353.665196 2.168961 
59353.702806 2.374690 
59353.740416 2.566383 
59353.778026 2.743701 
59353.815636 2.906507 
59353.853247 3.054824 
59353.890857 3.188800 
59353.928467 3.308677 
59353.966077 3.414763 
59354.003687 3.507415 
59354.041297 3.587015 
59354.078908 3.653964 
59354.116518 3.708666 
59354.154128 3.751518 
59354.191738 3.782909 
59354.229348 3.803213 
59354.266958 3.812784 
59354.304568 3.811954 
59354.342179 3.801038 
59354.379789 3.780323 
59354.417399 3.750078 
59354.455009 3.710548 
59354.492619 3.661959 
59354.530229 3.604516 
59354.567840 3.538407 
59354.605450 3.463805 
59354.643060 3.380868 
59354.680670 3.289746 
59354.718280 3.190578 
59354.755890 3.083499 
59354.793500 2.968645 
59354.831111 2.846154 
59354.868721 2.716172 
59354.906331 2.578860 
59354.943941 2.434400 
59354.981551 2.283002 
59355.019161 2.124912 
59355.056772 1.960425 
59355.094382 1.789891 
59355.131992 1.613734 
59355.169602 1.432460 
59355.207212 1.246681 
59355.244822 1.057123 
59355.282433 0.864654 
59355.320043 0.670297 
59355.357653 0.475255 
59355.395263 0.280928 
59355.432873 0.088931 
59355.470483 -0.098893 
59355.508093 -0.280466 
59355.545704 -0.453479 
59355.583314 -0.615406 
59355.620924 -0.763539 
59355.658534 -0.895040 
59355.696144 -1.007015 
59355.733754 -1.096616 
59355.771365 -1.161156 
59355.808975 -1.198253 
59355.846585 -1.205972 
59355.884195 -1.182967 
59355.921805 -1.128602 
59355.959415 -1.043044 
59355.997025 -0.927302 
59356.034636 -0.783215 
59356.072246 -0.613384 
59356.109856 -0.421049 
59356.147466 -0.209928 
59356.185076 0.015961 
59356.222686 0.252489 
59356.260297 0.495586 
59356.297907 0.741390 
59356.335517 0.986357 
59356.373127 1.227338 
59356.410737 1.461623 
59356.448347 1.686949 
59356.485957 1.901492 
59356.523568 2.103830 
59356.561178 2.292912 
59356.598788 2.468002 
59356.636398 2.628640 
59356.674008 2.774589 
59356.711618 2.905795 
59356.749229 3.022348 
59356.786839 3.124448 
59356.824449 3.212380 
59356.862059 3.286482 
59356.899669 3.347134 
59356.937279 3.394736 
59356.974890 3.429701 
59357.012500 3.452438 
59357.050110 3.463353 
59357.087720 3.462836 
59357.125330 3.451262 
59357.162940 3.428987 
59357.200550 3.396344 
59357.238161 3.353645 
59357.275771 3.301179 
59357.313381 3.239216 
59357.350991 3.168000 
59357.388601 3.087759 
59357.426211 2.998702 
59357.463822 2.901019 
59357.501432 2.794887 
59357.539042 2.680471 
59357.576652 2.557926 
59357.614262 2.427399 
59357.651872 2.289038 
59357.689482 2.142988 
59357.727093 1.989401 
59357.764703 1.828442 
59357.802313 1.660290 
59357.839923 1.485149 
59357.877533 1.303256 
59357.915143 1.114887 
59357.952754 0.920373 
59357.990364 0.720105 
59358.027974 0.514553 
59358.065584 0.304278 
59358.103194 0.089953 
59358.140804 -0.127626 
59358.178414 -0.347513 
59358.216025 -0.568596 
59358.253635 -0.789577 
59358.291245 -1.008953 
59358.328855 -1.224996 
59358.366465 -1.435751 
59358.404075 -1.639024 
59358.441686 -1.832397 
59358.479296 -2.013247 
59358.516906 -2.178791 
59358.554516 -2.326144 
59358.592126 -2.452408 
59358.629736 -2.554779 
59358.667347 -2.630679 
59358.704957 -2.677892 
59358.742567 -2.694718 
59358.780177 -2.680100 
59358.817787 -2.633738 
59358.855397 -2.556160 
59358.893007 -2.448736 
59358.930618 -2.313644 
59358.968228 -2.153774 
59359.005838 -1.972590 
59359.043448 -1.773957 
59359.081058 -1.561955 
59359.118668 -1.340697 
59359.156279 -1.114168 
59359.193889 -0.886096 
59359.231499 -0.659846 
59359.269109 -0.438368 
59359.306719 -0.224168 
59359.344329 -0.019304 
59359.381939 0.174591 
59359.419550 0.356270 
59359.457160 0.524836 
59359.494770 0.679687 
59359.532380 0.820474 
59359.569990 0.947053 
59359.607600 1.059444 
59359.645211 1.157796 
59359.682821 1.242356 
59359.720431 1.313441 
59359.758041 1.371415 
59359.795651 1.416674 
59359.833261 1.449629 
59359.870871 1.470700 
59359.908482 1.480297 
59359.946092 1.478826 
59359.983702 1.466674 
59360.021312 1.444212 
59360.058922 1.411789 
59360.096532 1.369732 
59360.134143 1.318347 
59360.171753 1.257917 
59360.209363 1.188702 
59360.246973 1.110942 
59360.284583 1.024857 
59360.322193 0.930651 
59360.359804 0.828508 
59360.397414 0.718601 
59360.435024 0.601090 
59360.472634 0.476129 
59360.510244 0.343864 
59360.547854 0.204440 
59360.585464 0.058006 
59360.623075 -0.095282 
59360.660685 -0.255255 
59360.698295 -0.421724 
59360.735905 -0.594474 
59360.773515 -0.773253 
59360.811125 -0.957764 
59360.848736 -1.147654 
59360.886346 -1.342501 
59360.923956 -1.541799 
59360.961566 -1.744942 
59360.999176 -1.951211 
59361.036786 -2.159747 
59361.074396 -2.369540 
59361.112007 -2.579400 
59361.149617 -2.787946 
59361.187227 -2.993581 
59361.224837 -3.194485 
59361.262447 -3.388600 
59361.300057 -3.573638 
59361.337668 -3.747092 
59361.375278 -3.906268 
59361.412888 -4.048335 
59361.450498 -4.170397 
59361.488108 -4.269591 
59361.525718 -4.343200 
59361.563328 -4.388797 
59361.600939 -4.404384 
59361.638549 -4.388536 
59361.676159 -4.340528 
59361.713769 -4.260428 
59361.751379 -4.149144 
59361.788989 -4.008420 
59361.826600 -3.840774 
59361.864210 -3.649376 
59361.901820 -3.437899 
59361.939430 -3.210336 
59361.977040 -2.970812 
59362.014650 -2.723412 
59362.052261 -2.472033 
59362.089871 -2.220260 
59362.127481 -1.971293 
59362.165091 -1.727897 
59362.202701 -1.492389 
59362.240311 -1.266647 
59362.277921 -1.052139 
59362.315532 -0.849964 
59362.353142 -0.660893 
59362.390752 -0.485422 
59362.428362 -0.323816 
59362.465972 -0.176153 
59362.503582 -0.042364 
59362.541193 0.077736 
59362.578803 0.184414 
59362.616413 0.277999 
59362.654023 0.358859 
59362.691633 0.427387 
59362.729243 0.483985 
59362.766853 0.529058 
59362.804464 0.563003 
59362.842074 0.586205 
59362.879684 0.599032 
59362.917294 0.601832 
59362.954904 0.594932 
59362.992514 0.578637 
59363.030125 0.553231 
59363.067735 0.518973 
59363.105345 0.476101 
59363.142955 0.424835 
59363.180565 0.365373 
59363.218175 0.297898 
59363.255785 0.222575 
59363.293396 0.139560 
59363.331006 0.048997 
59363.368616 -0.048979 
59363.406226 -0.154233 
59363.443836 -0.266633 
59363.481446 -0.386039 
59363.519057 -0.512304 
59363.556667 -0.645262 
59363.594277 -0.784727 
59363.631887 -0.930479 
59363.669497 -1.082262 
59363.707107 -1.239767 
59363.744718 -1.402624 
59363.782328 -1.570387 
59363.819938 -1.742521 
59363.857548 -1.918385 
59363.895158 -2.097209 
59363.932768 -2.278084 
59363.970378 -2.459933 
59364.007989 -2.641495 
59364.045599 -2.821308 
59364.083209 -2.997688 
59364.120819 -3.168721 
59364.158429 -3.332257 
59364.196039 -3.485920 
59364.233650 -3.627125 
59364.271260 -3.753121 
59364.308870 -3.861047 
59364.346480 -3.948018 
59364.384090 -4.011229 
59364.421700 -4.048085 
59364.459310 -4.056338 
59364.496921 -4.034235 
59364.534531 -3.980655 
59364.572141 -3.895223 
59364.609751 -3.778385 
59364.647361 -3.631429 
59364.684971 -3.456460 
59364.722582 -3.256309 
59364.760192 -3.034397 
59364.797802 -2.794568 
59364.835412 -2.540903 
59364.873022 -2.277538 
59364.910632 -2.008496 
59364.948242 -1.737556 
59364.985853 -1.468147 
59365.023463 -1.203286 
59365.061073 -0.945545 
59365.098683 -0.697052 
59365.136293 -0.459503 
59365.173903 -0.234203 
59365.211514 -0.022105 
59365.249124 0.176142 
59365.286734 0.360147 
59365.324344 0.529729 
59365.361954 0.684874 
59365.399564 0.825705 
59365.437175 0.952443 
59365.474785 1.065382 
59365.512395 1.164867 
59365.550005 1.251279 
59365.587615 1.325012 
59365.625225 1.386469 
59365.662835 1.436052 
59365.700446 1.474152 
59365.738056 1.501144 
59365.775666 1.517389 
59365.813276 1.523224 
59365.850886 1.518968 
59365.888496 1.504915 
59365.926107 1.481339 
59365.963717 1.448490 
59366.001327 1.406599 
59366.038937 1.355877 
59366.076547 1.296516 
59366.114157 1.228693 
59366.151767 1.152571 
59366.189378 1.068302 
59366.226988 0.976027 
59366.264598 0.875885 
59366.302208 0.768011 
59366.339818 0.652543 
59366.377428 0.529627 
59366.415039 0.399420 
59366.452649 0.262101 
59366.490259 0.117874 
59366.527869 -0.033023 
59366.565479 -0.190307 
59366.603089 -0.353639 
59366.640699 -0.522612 
59366.678310 -0.696739 
59366.715920 -0.875433 
59366.753530 -1.057994 
59366.791140 -1.243588 
59366.828750 -1.431227 
59366.866360 -1.619750 
59366.903971 -1.807804 
59366.941581 -1.993822 
59366.979191 -2.176015 
59367.016801 -2.352357 
59367.054411 -2.520590 
59367.092021 -2.678235 
59367.129632 -2.822620 
59367.167242 -2.950929 
59367.204852 -3.060273 
59367.242462 -3.147779 
59367.280072 -3.210711 
59367.317682 -3.246600 
59367.355292 -3.253392 
59367.392903 -3.229589 
59367.430513 -3.174380 
59367.468123 -3.087735 
59367.505733 -2.970466 
59367.543343 -2.824220 
59367.580953 -2.651427 
59367.618564 -2.455190 
59367.656174 -2.239130 
59367.693784 -2.007209 
59367.731394 -1.763546 
59367.769004 -1.512236 
59367.806614 -1.257201 
59367.844224 -1.002065 
59367.881835 -0.750073 
59367.919445 -0.504037 
59367.957055 -0.266323 
59367.994665 -0.038855 
59368.032275 0.176857 
59368.069885 0.379680 
59368.107496 0.568810 
59368.145106 0.743727 
59368.182716 0.904148 
59368.220326 1.049979 
59368.257936 1.181283 
59368.295546 1.298237 
59368.333156 1.401107 
59368.370767 1.490222 
59368.408377 1.565955 
59368.445987 1.628703 
59368.483597 1.678875 
59368.521207 1.716884 
59368.558817 1.743137 
59368.596428 1.758027 
59368.634038 1.761934 
59368.671648 1.755216 
59368.709258 1.738213 
59368.746868 1.711241 
59368.784478 1.674594 
59368.822089 1.628544 
59368.859699 1.573343 
59368.897309 1.509220 
59368.934919 1.436386 
59368.972529 1.355036 
59369.010139 1.265348 
59369.047749 1.167489 
59369.085360 1.061613 
59369.122970 0.947868 
59369.160580 0.826399 
59369.198190 0.697350 
59369.235800 0.560869 
59369.273410 0.417115 
59369.311021 0.266260 
59369.348631 0.108502 
59369.386241 -0.055936 
59369.423851 -0.226787 
59369.461461 -0.403740 
59369.499071 -0.586421 
59369.536681 -0.774382 
59369.574292 -0.967086 
59369.611902 -1.163894 
59369.649512 -1.364042 
59369.687122 -1.566623 
59369.724732 -1.770572 
59369.762342 -1.974637 
59369.799953 -2.177369 
59369.837563 -2.377097 
59369.875173 -2.571923 
59369.912783 -2.759714 
59369.950393 -2.938106 
59369.988003 -3.104525 
59370.025613 -3.256224 
59370.063224 -3.390340 
59370.100834 -3.503974 
59370.138444 -3.594293 
59370.176054 -3.658659 
59370.213664 -3.694764 
59370.251274 -3.700778 
59370.288885 -3.675489 
59370.326495 -3.618418 
59370.364105 -3.529900 
59370.401715 -3.411116 
59370.439325 -3.264067 
59370.476935 -3.091494 
59370.514546 -2.896746 
59370.552156 -2.683616 
59370.589766 -2.456155 
59370.627376 -2.218492 
59370.664986 -1.974660 
59370.702596 -1.728460 
59370.740206 -1.483357 
59370.777817 -1.242406 
59370.815427 -1.008222 
59370.853037 -0.782973 
59370.890647 -0.568395 
59370.928257 -0.365826 
59370.965867 -0.176247 
59371.003478 -0.000329 
59371.041088 0.161516 
59371.078698 0.309094 
59371.116308 0.442387 
59371.153918 0.561510 
59371.191528 0.666682 
59371.229138 0.758201 
59371.266749 0.836415 
59371.304359 0.901710 
59371.341969 0.954487 
59371.379579 0.995158 
59371.417189 1.024133 
59371.454799 1.041811 
59371.492410 1.048579 
59371.530020 1.044806 
59371.567630 1.030839 
59371.605240 1.007007 
59371.642850 0.973614 
59371.680460 0.930942 
59371.718070 0.879252 
59371.755681 0.818782 
59371.793291 0.749751 
59371.830901 0.672362 
59371.868511 0.586797 
59371.906121 0.493226 
59371.943731 0.391809 
59371.981342 0.282693 
59372.018952 0.166021 
59372.056562 0.041934 
59372.094172 -0.089425 
59372.131782 -0.227909 
59372.169392 -0.373356 
59372.207003 -0.525587 
59372.244613 -0.684398 
59372.282223 -0.849551 
59372.319833 -1.020765 
59372.357443 -1.197704 
59372.395053 -1.379970 
59372.432663 -1.567079 
59372.470274 -1.758456 
59372.507884 -1.953413 
59372.545494 -2.151128 
59372.583104 -2.350632 
59372.620714 -2.550783 
59372.658324 -2.750248 
59372.695935 -2.947486 
59372.733545 -3.140731 
59372.771155 -1.937222 
