# Tc_folded model 
-1.500000 1.084505 
-1.499000 1.097769 
-1.498000 1.110950 
-1.497000 1.124047 
-1.496000 1.137060 
-1.495000 1.149990 
-1.494000 1.162836 
-1.493000 1.175598 
-1.492000 1.188275 
-1.491000 1.200869 
-1.490000 1.213379 
-1.489000 1.225804 
-1.488000 1.238146 
-1.487000 1.250403 
-1.486000 1.262576 
-1.485000 1.274665 
-1.484000 1.286670 
-1.483000 1.298590 
-1.482000 1.310427 
-1.481000 1.322179 
-1.480000 1.333847 
-1.479000 1.345430 
-1.478000 1.356930 
-1.477000 1.368345 
-1.476000 1.379676 
-1.475000 1.390923 
-1.474000 1.402086 
-1.473000 1.413166 
-1.472000 1.424161 
-1.471000 1.435072 
-1.470000 1.445899 
-1.469000 1.456643 
-1.468000 1.467303 
-1.467000 1.477879 
-1.466000 1.488371 
-1.465000 1.498780 
-1.464000 1.509106 
-1.463000 1.519348 
-1.462000 1.529507 
-1.461000 1.539583 
-1.460000 1.549576 
-1.459000 1.559485 
-1.458000 1.569312 
-1.457000 1.579056 
-1.456000 1.588717 
-1.455000 1.598296 
-1.454000 1.607792 
-1.453000 1.617206 
-1.452000 1.626538 
-1.451000 1.635787 
-1.450000 1.644954 
-1.449000 1.654040 
-1.448000 1.663043 
-1.447000 1.671966 
-1.446000 1.680806 
-1.445000 1.689565 
-1.444000 1.698243 
-1.443000 1.706840 
-1.442000 1.715356 
-1.441000 1.723790 
-1.440000 1.732145 
-1.439000 1.740418 
-1.438000 1.748612 
-1.437000 1.756725 
-1.436000 1.764758 
-1.435000 1.772710 
-1.434000 1.780584 
-1.433000 1.788377 
-1.432000 1.796091 
-1.431000 1.803726 
-1.430000 1.811281 
-1.429000 1.818758 
-1.428000 1.826155 
-1.427000 1.833474 
-1.426000 1.840714 
-1.425000 1.847876 
-1.424000 1.854960 
-1.423000 1.861966 
-1.422000 1.868894 
-1.421000 1.875744 
-1.420000 1.882516 
-1.419000 1.889212 
-1.418000 1.895830 
-1.417000 1.902371 
-1.416000 1.908835 
-1.415000 1.915223 
-1.414000 1.921534 
-1.413000 1.927768 
-1.412000 1.933927 
-1.411000 1.940010 
-1.410000 1.946017 
-1.409000 1.951948 
-1.408000 1.957804 
-1.407000 1.963584 
-1.406000 1.969290 
-1.405000 1.974921 
-1.404000 1.980477 
-1.403000 1.985958 
-1.402000 1.991365 
-1.401000 1.996698 
-1.400000 2.001957 
-1.399000 2.007143 
-1.398000 2.012254 
-1.397000 2.017293 
-1.396000 2.022258 
-1.395000 2.027149 
-1.394000 2.031969 
-1.393000 2.036715 
-1.392000 2.041389 
-1.391000 2.045990 
-1.390000 2.050520 
-1.389000 2.054977 
-1.388000 2.059363 
-1.387000 2.063677 
-1.386000 2.067920 
-1.385000 2.072091 
-1.384000 2.076192 
-1.383000 2.080221 
-1.382000 2.084180 
-1.381000 2.088069 
-1.380000 2.091887 
-1.379000 2.095635 
-1.378000 2.099313 
-1.377000 2.102921 
-1.376000 2.106460 
-1.375000 2.109930 
-1.374000 2.113330 
-1.373000 2.116661 
-1.372000 2.119924 
-1.371000 2.123117 
-1.370000 2.126242 
-1.369000 2.129299 
-1.368000 2.132288 
-1.367000 2.135209 
-1.366000 2.138062 
-1.365000 2.140848 
-1.364000 2.143566 
-1.363000 2.146217 
-1.362000 2.148800 
-1.361000 2.151317 
-1.360000 2.153768 
-1.359000 2.156151 
-1.358000 2.158469 
-1.357000 2.160720 
-1.356000 2.162905 
-1.355000 2.165025 
-1.354000 2.167078 
-1.353000 2.169067 
-1.352000 2.170990 
-1.351000 2.172847 
-1.350000 2.174640 
-1.349000 2.176368 
-1.348000 2.178032 
-1.347000 2.179631 
-1.346000 2.181166 
-1.345000 2.182636 
-1.344000 2.184043 
-1.343000 2.185386 
-1.342000 2.186665 
-1.341000 2.187881 
-1.340000 2.189033 
-1.339000 2.190123 
-1.338000 2.191149 
-1.337000 2.192113 
-1.336000 2.193014 
-1.335000 2.193852 
-1.334000 2.194629 
-1.333000 2.195343 
-1.332000 2.195995 
-1.331000 2.196585 
-1.330000 2.197114 
-1.329000 2.197581 
-1.328000 2.197987 
-1.327000 2.198331 
-1.326000 2.198614 
-1.325000 2.198837 
-1.324000 2.198999 
-1.323000 2.199100 
-1.322000 2.199141 
-1.321000 2.199121 
-1.320000 2.199042 
-1.319000 2.198902 
-1.318000 2.198703 
-1.317000 2.198444 
-1.316000 2.198125 
-1.315000 2.197747 
-1.314000 2.197309 
-1.313000 2.196813 
-1.312000 2.196258 
-1.311000 2.195643 
-1.310000 2.194971 
-1.309000 2.194239 
-1.308000 2.193449 
-1.307000 2.192601 
-1.306000 2.191695 
-1.305000 2.190731 
-1.304000 2.189709 
-1.303000 2.188630 
-1.302000 2.187492 
-1.301000 2.186298 
-1.300000 2.185046 
-1.299000 2.183737 
-1.298000 2.182371 
-1.297000 2.180948 
-1.296000 2.179468 
-1.295000 2.177932 
-1.294000 2.176339 
-1.293000 2.174690 
-1.292000 2.172985 
-1.291000 2.171223 
-1.290000 2.169406 
-1.289000 2.167533 
-1.288000 2.165604 
-1.287000 2.163619 
-1.286000 2.161579 
-1.285000 2.159484 
-1.284000 2.157333 
-1.283000 2.155127 
-1.282000 2.152867 
-1.281000 2.150551 
-1.280000 2.148181 
-1.279000 2.145756 
-1.278000 2.143277 
-1.277000 2.140743 
-1.276000 2.138155 
-1.275000 2.135513 
-1.274000 2.132816 
-1.273000 2.130066 
-1.272000 2.127262 
-1.271000 2.124405 
-1.270000 2.121493 
-1.269000 2.118529 
-1.268000 2.115511 
-1.267000 2.112440 
-1.266000 2.109315 
-1.265000 2.106138 
-1.264000 2.102907 
-1.263000 2.099624 
-1.262000 2.096288 
-1.261000 2.092900 
-1.260000 2.089459 
-1.259000 2.085966 
-1.258000 2.082420 
-1.257000 2.078822 
-1.256000 2.075173 
-1.255000 2.071471 
-1.254000 2.067717 
-1.253000 2.063912 
-1.252000 2.060055 
-1.251000 2.056146 
-1.250000 2.052186 
-1.249000 2.048174 
-1.248000 2.044111 
-1.247000 2.039997 
-1.246000 2.035832 
-1.245000 2.031616 
-1.244000 2.027349 
-1.243000 2.023031 
-1.242000 2.018663 
-1.241000 2.014244 
-1.240000 2.009774 
-1.239000 2.005254 
-1.238000 2.000684 
-1.237000 1.996063 
-1.236000 1.991392 
-1.235000 1.986671 
-1.234000 1.981900 
-1.233000 1.977080 
-1.232000 1.972209 
-1.231000 1.967289 
-1.230000 1.962319 
-1.229000 1.957300 
-1.228000 1.952231 
-1.227000 1.947112 
-1.226000 1.941945 
-1.225000 1.936728 
-1.224000 1.931462 
-1.223000 1.926147 
-1.222000 1.920783 
-1.221000 1.915370 
-1.220000 1.909908 
-1.219000 1.904398 
-1.218000 1.898839 
-1.217000 1.893232 
-1.216000 1.887575 
-1.215000 1.881871 
-1.214000 1.876118 
-1.213000 1.870317 
-1.212000 1.864468 
-1.211000 1.858570 
-1.210000 1.852625 
-1.209000 1.846632 
-1.208000 1.840591 
-1.207000 1.834502 
-1.206000 1.828365 
-1.205000 1.822181 
-1.204000 1.815949 
-1.203000 1.809669 
-1.202000 1.803342 
-1.201000 1.796968 
-1.200000 1.790547 
-1.199000 1.784078 
-1.198000 1.777562 
-1.197000 1.770999 
-1.196000 1.764389 
-1.195000 1.757732 
-1.194000 1.751028 
-1.193000 1.744278 
-1.192000 1.737481 
-1.191000 1.730637 
-1.190000 1.723746 
-1.189000 1.716809 
-1.188000 1.709826 
-1.187000 1.702796 
-1.186000 1.695719 
-1.185000 1.688597 
-1.184000 1.681428 
-1.183000 1.674213 
-1.182000 1.666952 
-1.181000 1.659646 
-1.180000 1.652293 
-1.179000 1.644894 
-1.178000 1.637450 
-1.177000 1.629959 
-1.176000 1.622423 
-1.175000 1.614842 
-1.174000 1.607215 
-1.173000 1.599542 
-1.172000 1.591824 
-1.171000 1.584061 
-1.170000 1.576253 
-1.169000 1.568399 
-1.168000 1.560500 
-1.167000 1.552556 
-1.166000 1.544567 
-1.165000 1.536533 
-1.164000 1.528454 
-1.163000 1.520330 
-1.162000 1.512161 
-1.161000 1.503948 
-1.160000 1.495690 
-1.159000 1.487387 
-1.158000 1.479040 
-1.157000 1.470649 
-1.156000 1.462213 
-1.155000 1.453732 
-1.154000 1.445208 
-1.153000 1.436639 
-1.152000 1.428026 
-1.151000 1.419369 
-1.150000 1.410667 
-1.149000 1.401922 
-1.148000 1.393133 
-1.147000 1.384300 
-1.146000 1.375424 
-1.145000 1.366503 
-1.144000 1.357539 
-1.143000 1.348532 
-1.142000 1.339480 
-1.141000 1.330386 
-1.140000 1.321248 
-1.139000 1.312066 
-1.138000 1.302841 
-1.137000 1.293574 
-1.136000 1.284263 
-1.135000 1.274908 
-1.134000 1.265511 
-1.133000 1.256071 
-1.132000 1.246588 
-1.131000 1.237062 
-1.130000 1.227494 
-1.129000 1.217882 
-1.128000 1.208228 
-1.127000 1.198532 
-1.126000 1.188793 
-1.125000 1.179012 
-1.124000 1.169188 
-1.123000 1.159322 
-1.122000 1.149414 
-1.121000 1.139463 
-1.120000 1.129471 
-1.119000 1.119437 
-1.118000 1.109360 
-1.117000 1.099242 
-1.116000 1.089082 
-1.115000 1.078880 
-1.114000 1.068637 
-1.113000 1.058352 
-1.112000 1.048026 
-1.111000 1.037658 
-1.110000 1.027249 
-1.109000 1.016798 
-1.108000 1.006307 
-1.107000 0.995774 
-1.106000 0.985200 
-1.105000 0.974586 
-1.104000 0.963930 
-1.103000 0.953234 
-1.102000 0.942497 
-1.101000 0.931719 
-1.100000 0.920901 
-1.099000 0.910042 
-1.098000 0.899143 
-1.097000 0.888204 
-1.096000 0.877224 
-1.095000 0.866204 
-1.094000 0.855145 
-1.093000 0.844045 
-1.092000 0.832905 
-1.091000 0.821726 
-1.090000 0.810507 
-1.089000 0.799249 
-1.088000 0.787951 
-1.087000 0.776614 
-1.086000 0.765237 
-1.085000 0.753821 
-1.084000 0.742367 
-1.083000 0.730873 
-1.082000 0.719340 
-1.081000 0.707769 
-1.080000 0.696158 
-1.079000 0.684510 
-1.078000 0.672822 
-1.077000 0.661097 
-1.076000 0.649333 
-1.075000 0.637531 
-1.074000 0.625691 
-1.073000 0.613813 
-1.072000 0.601898 
-1.071000 0.589944 
-1.070000 0.577954 
-1.069000 0.565925 
-1.068000 0.553860 
-1.067000 0.541757 
-1.066000 0.529617 
-1.065000 0.517440 
-1.064000 0.505227 
-1.063000 0.492976 
-1.062000 0.480689 
-1.061000 0.468366 
-1.060000 0.456006 
-1.059000 0.443611 
-1.058000 0.431179 
-1.057000 0.418711 
-1.056000 0.406208 
-1.055000 0.393669 
-1.054000 0.381095 
-1.053000 0.368485 
-1.052000 0.355840 
-1.051000 0.343160 
-1.050000 0.330446 
-1.049000 0.317696 
-1.048000 0.304912 
-1.047000 0.292094 
-1.046000 0.279242 
-1.045000 0.266355 
-1.044000 0.253435 
-1.043000 0.240481 
-1.042000 0.227494 
-1.041000 0.214473 
-1.040000 0.201419 
-1.039000 0.188332 
-1.038000 0.175212 
-1.037000 0.162060 
-1.036000 0.148875 
-1.035000 0.135658 
-1.034000 0.122409 
-1.033000 0.109128 
-1.032000 0.095815 
-1.031000 0.082471 
-1.030000 0.069096 
-1.029000 0.055689 
-1.028000 0.042252 
-1.027000 0.028784 
-1.026000 0.015286 
-1.025000 0.001758 
-1.024000 -0.011801 
-1.023000 -0.025389 
-1.022000 -0.039006 
-1.021000 -0.052653 
-1.020000 -0.066329 
-1.019000 -0.080034 
-1.018000 -0.093767 
-1.017000 -0.107529 
-1.016000 -0.121319 
-1.015000 -0.135136 
-1.014000 -0.148981 
-1.013000 -0.162853 
-1.012000 -0.176753 
-1.011000 -0.190679 
-1.010000 -0.204632 
-1.009000 -0.218611 
-1.008000 -0.232616 
-1.007000 -0.246646 
-1.006000 -0.260702 
-1.005000 -0.274783 
-1.004000 -0.288889 
-1.003000 -0.303020 
-1.002000 -0.317174 
-1.001000 -0.331353 
-1.000000 -0.345555 
-0.999000 -0.359780 
-0.998000 -0.374029 
-0.997000 -0.388300 
-0.996000 -0.402593 
-0.995000 -0.416909 
-0.994000 -0.431246 
-0.993000 -0.445604 
-0.992000 -0.459983 
-0.991000 -0.474383 
-0.990000 -0.488803 
-0.989000 -0.503243 
-0.988000 -0.517703 
-0.987000 -0.532182 
-0.986000 -0.546680 
-0.985000 -0.561196 
-0.984000 -0.575730 
-0.983000 -0.590282 
-0.982000 -0.604851 
-0.981000 -0.619437 
-0.980000 -0.634039 
-0.979000 -0.648658 
-0.978000 -0.663292 
-0.977000 -0.677941 
-0.976000 -0.692605 
-0.975000 -0.707284 
-0.974000 -0.721977 
-0.973000 -0.736683 
-0.972000 -0.751402 
-0.971000 -0.766133 
-0.970000 -0.780877 
-0.969000 -0.795633 
-0.968000 -0.810399 
-0.967000 -0.825177 
-0.966000 -0.839965 
-0.965000 -0.854762 
-0.964000 -0.869569 
-0.963000 -0.884385 
-0.962000 -0.899208 
-0.961000 -0.914040 
-0.960000 -0.928879 
-0.959000 -0.943724 
-0.958000 -0.958576 
-0.957000 -0.973434 
-0.956000 -0.988296 
-0.955000 -1.003163 
-0.954000 -1.018034 
-0.953000 -1.032909 
-0.952000 -1.047786 
-0.951000 -1.062666 
-0.950000 -1.077547 
-0.949000 -1.092430 
-0.948000 -1.107313 
-0.947000 -1.122196 
-0.946000 -1.137078 
-0.945000 -1.151959 
-0.944000 -1.166838 
-0.943000 -1.181715 
-0.942000 -1.196588 
-0.941000 -1.211458 
-0.940000 -1.226323 
-0.939000 -1.241183 
-0.938000 -1.256037 
-0.937000 -1.270884 
-0.936000 -1.285724 
-0.935000 -1.300557 
-0.934000 -1.315381 
-0.933000 -1.330195 
-0.932000 -1.345000 
-0.931000 -1.359794 
-0.930000 -1.374576 
-0.929000 -1.389346 
-0.928000 -1.404104 
-0.927000 -1.418847 
-0.926000 -1.433577 
-0.925000 -1.448291 
-0.924000 -1.462989 
-0.923000 -1.477670 
-0.922000 -1.492334 
-0.921000 -1.506979 
-0.920000 -1.521606 
-0.919000 -1.536212 
-0.918000 -1.550797 
-0.917000 -1.565361 
-0.916000 -1.579903 
-0.915000 -1.594421 
-0.914000 -1.608915 
-0.913000 -1.623384 
-0.912000 -1.637827 
-0.911000 -1.652243 
-0.910000 -1.666632 
-0.909000 -1.680992 
-0.908000 -1.695322 
-0.907000 -1.709623 
-0.906000 -1.723892 
-0.905000 -1.738128 
-0.904000 -1.752332 
-0.903000 -1.766501 
-0.902000 -1.780636 
-0.901000 -1.794734 
-0.900000 -1.808796 
-0.899000 -1.822819 
-0.898000 -1.836804 
-0.897000 -1.850749 
-0.896000 -1.864652 
-0.895000 -1.878514 
-0.894000 -1.892333 
-0.893000 -1.906108 
-0.892000 -1.919838 
-0.891000 -1.933522 
-0.890000 -1.947158 
-0.889000 -1.960747 
-0.888000 -1.974286 
-0.887000 -1.987775 
-0.886000 -2.001213 
-0.885000 -2.014598 
-0.884000 -2.027930 
-0.883000 -2.041207 
-0.882000 -2.054428 
-0.881000 -2.067593 
-0.880000 -2.080699 
-0.879000 -2.093746 
-0.878000 -2.106733 
-0.877000 -2.119659 
-0.876000 -2.132522 
-0.875000 -2.145321 
-0.874000 -2.158056 
-0.873000 -2.170724 
-0.872000 -2.183326 
-0.871000 -2.195858 
-0.870000 -2.208322 
-0.869000 -2.220714 
-0.868000 -2.233035 
-0.867000 -2.245282 
-0.866000 -2.257455 
-0.865000 -2.269552 
-0.864000 -2.281572 
-0.863000 -2.293514 
-0.862000 -2.305377 
-0.861000 -2.317159 
-0.860000 -2.328860 
-0.859000 -2.340477 
-0.858000 -2.352010 
-0.857000 -2.363458 
-0.856000 -2.374819 
-0.855000 -2.386091 
-0.854000 -2.397274 
-0.853000 -2.408367 
-0.852000 -2.419367 
-0.851000 -2.430275 
-0.850000 -2.441087 
-0.849000 -2.451804 
-0.848000 -2.462424 
-0.847000 -2.472946 
-0.846000 -2.483368 
-0.845000 -2.493689 
-0.844000 -2.503907 
-0.843000 -2.514023 
-0.842000 -2.524033 
-0.841000 -2.533937 
-0.840000 -2.543733 
-0.839000 -2.553421 
-0.838000 -2.562999 
-0.837000 -2.572465 
-0.836000 -2.581818 
-0.835000 -2.591058 
-0.834000 -2.600182 
-0.833000 -2.609190 
-0.832000 -2.618079 
-0.831000 -2.626850 
-0.830000 -2.635500 
-0.829000 -2.644028 
-0.828000 -2.652433 
-0.827000 -2.660714 
-0.826000 -2.668869 
-0.825000 -2.676897 
-0.824000 -2.684796 
-0.823000 -2.692567 
-0.822000 -2.700206 
-0.821000 -2.707714 
-0.820000 -2.715088 
-0.819000 -2.722327 
-0.818000 -2.729431 
-0.817000 -2.736398 
-0.816000 -2.743226 
-0.815000 -2.749915 
-0.814000 -2.756463 
-0.813000 -2.762869 
-0.812000 -2.769132 
-0.811000 -2.775251 
-0.810000 -2.781224 
-0.809000 -2.787050 
-0.808000 -2.792729 
-0.807000 -2.798258 
-0.806000 -2.803637 
-0.805000 -2.808865 
-0.804000 -2.813940 
-0.803000 -2.818862 
-0.802000 -2.823628 
-0.801000 -2.828240 
-0.800000 -2.832694 
-0.799000 -2.836990 
-0.798000 -2.841127 
-0.797000 -2.845105 
-0.796000 -2.848921 
-0.795000 -2.852575 
-0.794000 -2.856066 
-0.793000 -2.859392 
-0.792000 -2.862554 
-0.791000 -2.865550 
-0.790000 -2.868379 
-0.789000 -2.871040 
-0.788000 -2.873532 
-0.787000 -2.875855 
-0.786000 -2.878007 
-0.785000 -2.879988 
-0.784000 -2.881797 
-0.783000 -2.883432 
-0.782000 -2.884894 
-0.781000 -2.886182 
-0.780000 -2.887294 
-0.779000 -2.888230 
-0.778000 -2.888989 
-0.777000 -2.889571 
-0.776000 -2.889975 
-0.775000 -2.890200 
-0.774000 -2.890246 
-0.773000 -2.890112 
-0.772000 -2.889798 
-0.771000 -2.889302 
-0.770000 -2.888625 
-0.769000 -2.887766 
-0.768000 -2.886724 
-0.767000 -2.885499 
-0.766000 -2.884091 
-0.765000 -2.882498 
-0.764000 -2.880722 
-0.763000 -2.878761 
-0.762000 -2.876615 
-0.761000 -2.874284 
-0.760000 -2.871768 
-0.759000 -2.869065 
-0.758000 -2.866177 
-0.757000 -2.863102 
-0.756000 -2.859842 
-0.755000 -2.856394 
-0.754000 -2.852761 
-0.753000 -2.848940 
-0.752000 -2.844933 
-0.751000 -2.840739 
-0.750000 -2.836358 
-0.749000 -2.831791 
-0.748000 -2.827037 
-0.747000 -2.822096 
-0.746000 -2.816969 
-0.745000 -2.811656 
-0.744000 -2.806156 
-0.743000 -2.800470 
-0.742000 -2.794599 
-0.741000 -2.788543 
-0.740000 -2.782301 
-0.739000 -2.775874 
-0.738000 -2.769263 
-0.737000 -2.762468 
-0.736000 -2.755489 
-0.735000 -2.748327 
-0.734000 -2.740982 
-0.733000 -2.733454 
-0.732000 -2.725745 
-0.731000 -2.717855 
-0.730000 -2.709784 
-0.729000 -2.701533 
-0.728000 -2.693103 
-0.727000 -2.684494 
-0.726000 -2.675707 
-0.725000 -2.666742 
-0.724000 -2.657601 
-0.723000 -2.648285 
-0.722000 -2.638793 
-0.721000 -2.629127 
-0.720000 -2.619288 
-0.719000 -2.609277 
-0.718000 -2.599094 
-0.717000 -2.588741 
-0.716000 -2.578219 
-0.715000 -2.567527 
-0.714000 -2.556669 
-0.713000 -2.545644 
-0.712000 -2.534453 
-0.711000 -2.523099 
-0.710000 -2.511581 
-0.709000 -2.499902 
-0.708000 -2.488062 
-0.707000 -2.476062 
-0.706000 -2.463904 
-0.705000 -2.451588 
-0.704000 -2.439117 
-0.703000 -2.426492 
-0.702000 -2.413713 
-0.701000 -2.400783 
-0.700000 -2.387702 
-0.699000 -2.374472 
-0.698000 -2.361094 
-0.697000 -2.347570 
-0.696000 -2.333902 
-0.695000 -2.320090 
-0.694000 -2.306136 
-0.693000 -2.292042 
-0.692000 -2.277809 
-0.691000 -2.263439 
-0.690000 -2.248933 
-0.689000 -2.234293 
-0.688000 -2.219521 
-0.687000 -2.204617 
-0.686000 -2.189584 
-0.685000 -2.174424 
-0.684000 -2.159138 
-0.683000 -2.143727 
-0.682000 -2.128193 
-0.681000 -2.112539 
-0.680000 -2.096765 
-0.679000 -2.080874 
-0.678000 -2.064867 
-0.677000 -2.048746 
-0.676000 -2.032513 
-0.675000 -2.016169 
-0.674000 -1.999717 
-0.673000 -1.983157 
-0.672000 -1.966492 
-0.671000 -1.949724 
-0.670000 -1.932854 
-0.669000 -1.915885 
-0.668000 -1.898817 
-0.667000 -1.881654 
-0.666000 -1.864396 
-0.665000 -1.847045 
-0.664000 -1.829604 
-0.663000 -1.812075 
-0.662000 -1.794458 
-0.661000 -1.776756 
-0.660000 -1.758971 
-0.659000 -1.741105 
-0.658000 -1.723159 
-0.657000 -1.705136 
-0.656000 -1.687036 
-0.655000 -1.668863 
-0.654000 -1.650618 
-0.653000 -1.632303 
-0.652000 -1.613919 
-0.651000 -1.595469 
-0.650000 -1.576954 
-0.649000 -1.558377 
-0.648000 -1.539739 
-0.647000 -1.521041 
-0.646000 -1.502287 
-0.645000 -1.483477 
-0.644000 -1.464613 
-0.643000 -1.445698 
-0.642000 -1.426733 
-0.641000 -1.407721 
-0.640000 -1.388661 
-0.639000 -1.369558 
-0.638000 -1.350412 
-0.637000 -1.331225 
-0.636000 -1.311999 
-0.635000 -1.292736 
-0.634000 -1.273437 
-0.633000 -1.254105 
-0.632000 -1.234741 
-0.631000 -1.215347 
-0.630000 -1.195924 
-0.629000 -1.176475 
-0.628000 -1.157001 
-0.627000 -1.137503 
-0.626000 -1.117984 
-0.625000 -1.098445 
-0.624000 -1.078888 
-0.623000 -1.059314 
-0.622000 -1.039725 
-0.621000 -1.020123 
-0.620000 -1.000510 
-0.619000 -0.980887 
-0.618000 -0.961255 
-0.617000 -0.941616 
-0.616000 -0.921973 
-0.615000 -0.902325 
-0.614000 -0.882676 
-0.613000 -0.863026 
-0.612000 -0.843377 
-0.611000 -0.823731 
-0.610000 -0.804089 
-0.609000 -0.784452 
-0.608000 -0.764823 
-0.607000 -0.745201 
-0.606000 -0.725590 
-0.605000 -0.705990 
-0.604000 -0.686403 
-0.603000 -0.666830 
-0.602000 -0.647272 
-0.601000 -0.627732 
-0.600000 -0.608210 
-0.599000 -0.588707 
-0.598000 -0.569225 
-0.597000 -0.549766 
-0.596000 -0.530330 
-0.595000 -0.510919 
-0.594000 -0.491534 
-0.593000 -0.472177 
-0.592000 -0.452848 
-0.591000 -0.433549 
-0.590000 -0.414281 
-0.589000 -0.395045 
-0.588000 -0.375843 
-0.587000 -0.356675 
-0.586000 -0.337543 
-0.585000 -0.318447 
-0.584000 -0.299390 
-0.583000 -0.280372 
-0.582000 -0.261394 
-0.581000 -0.242457 
-0.580000 -0.223562 
-0.579000 -0.204710 
-0.578000 -0.185903 
-0.577000 -0.167141 
-0.576000 -0.148426 
-0.575000 -0.129757 
-0.574000 -0.111137 
-0.573000 -0.092566 
-0.572000 -0.074045 
-0.571000 -0.055575 
-0.570000 -0.037157 
-0.569000 -0.018792 
-0.568000 -0.000480 
-0.567000 0.017777 
-0.566000 0.035979 
-0.565000 0.054124 
-0.564000 0.072213 
-0.563000 0.090244 
-0.562000 0.108216 
-0.561000 0.126129 
-0.560000 0.143982 
-0.559000 0.161775 
-0.558000 0.179505 
-0.557000 0.197174 
-0.556000 0.214779 
-0.555000 0.232321 
-0.554000 0.249799 
-0.553000 0.267212 
-0.552000 0.284559 
-0.551000 0.301840 
-0.550000 0.319054 
-0.549000 0.336201 
-0.548000 0.353280 
-0.547000 0.370290 
-0.546000 0.387231 
-0.545000 0.404103 
-0.544000 0.420904 
-0.543000 0.437634 
-0.542000 0.454293 
-0.541000 0.470881 
-0.540000 0.487396 
-0.539000 0.503838 
-0.538000 0.520208 
-0.537000 0.536503 
-0.536000 0.552725 
-0.535000 0.568872 
-0.534000 0.584944 
-0.533000 0.600941 
-0.532000 0.616862 
-0.531000 0.632707 
-0.530000 0.648475 
-0.529000 0.664167 
-0.528000 0.679781 
-0.527000 0.695318 
-0.526000 0.710777 
-0.525000 0.726157 
-0.524000 0.741460 
-0.523000 0.756683 
-0.522000 0.771827 
-0.521000 0.786892 
-0.520000 0.801877 
-0.519000 0.816782 
-0.518000 0.831607 
-0.517000 0.846352 
-0.516000 0.861016 
-0.515000 0.875599 
-0.514000 0.890100 
-0.513000 0.904521 
-0.512000 0.918860 
-0.511000 0.933117 
-0.510000 0.947293 
-0.509000 0.961386 
-0.508000 0.975397 
-0.507000 0.989325 
-0.506000 1.003171 
-0.505000 1.016934 
-0.504000 1.030615 
-0.503000 1.044212 
-0.502000 1.057726 
-0.501000 1.071157 
-0.500000 1.084505 
-0.499000 1.097769 
-0.498000 1.110950 
-0.497000 1.124047 
-0.496000 1.137060 
-0.495000 1.149990 
-0.494000 1.162836 
-0.493000 1.175598 
-0.492000 1.188275 
-0.491000 1.200869 
-0.490000 1.213379 
-0.489000 1.225804 
-0.488000 1.238146 
-0.487000 1.250403 
-0.486000 1.262576 
-0.485000 1.274665 
-0.484000 1.286670 
-0.483000 1.298590 
-0.482000 1.310427 
-0.481000 1.322179 
-0.480000 1.333847 
-0.479000 1.345430 
-0.478000 1.356930 
-0.477000 1.368345 
-0.476000 1.379676 
-0.475000 1.390923 
-0.474000 1.402086 
-0.473000 1.413166 
-0.472000 1.424161 
-0.471000 1.435072 
-0.470000 1.445899 
-0.469000 1.456643 
-0.468000 1.467303 
-0.467000 1.477879 
-0.466000 1.488371 
-0.465000 1.498780 
-0.464000 1.509106 
-0.463000 1.519348 
-0.462000 1.529507 
-0.461000 1.539583 
-0.460000 1.549576 
-0.459000 1.559485 
-0.458000 1.569312 
-0.457000 1.579056 
-0.456000 1.588717 
-0.455000 1.598296 
-0.454000 1.607792 
-0.453000 1.617206 
-0.452000 1.626538 
-0.451000 1.635787 
-0.450000 1.644954 
-0.449000 1.654040 
-0.448000 1.663043 
-0.447000 1.671966 
-0.446000 1.680806 
-0.445000 1.689565 
-0.444000 1.698243 
-0.443000 1.706840 
-0.442000 1.715356 
-0.441000 1.723790 
-0.440000 1.732145 
-0.439000 1.740418 
-0.438000 1.748612 
-0.437000 1.756725 
-0.436000 1.764758 
-0.435000 1.772710 
-0.434000 1.780584 
-0.433000 1.788377 
-0.432000 1.796091 
-0.431000 1.803726 
-0.430000 1.811281 
-0.429000 1.818758 
-0.428000 1.826155 
-0.427000 1.833474 
-0.426000 1.840714 
-0.425000 1.847876 
-0.424000 1.854960 
-0.423000 1.861966 
-0.422000 1.868894 
-0.421000 1.875744 
-0.420000 1.882516 
-0.419000 1.889212 
-0.418000 1.895830 
-0.417000 1.902371 
-0.416000 1.908835 
-0.415000 1.915223 
-0.414000 1.921534 
-0.413000 1.927768 
-0.412000 1.933927 
-0.411000 1.940010 
-0.410000 1.946017 
-0.409000 1.951948 
-0.408000 1.957804 
-0.407000 1.963584 
-0.406000 1.969290 
-0.405000 1.974921 
-0.404000 1.980477 
-0.403000 1.985958 
-0.402000 1.991365 
-0.401000 1.996698 
-0.400000 2.001957 
-0.399000 2.007143 
-0.398000 2.012254 
-0.397000 2.017293 
-0.396000 2.022258 
-0.395000 2.027149 
-0.394000 2.031969 
-0.393000 2.036715 
-0.392000 2.041389 
-0.391000 2.045990 
-0.390000 2.050520 
-0.389000 2.054977 
-0.388000 2.059363 
-0.387000 2.063677 
-0.386000 2.067920 
-0.385000 2.072091 
-0.384000 2.076192 
-0.383000 2.080221 
-0.382000 2.084180 
-0.381000 2.088069 
-0.380000 2.091887 
-0.379000 2.095635 
-0.378000 2.099313 
-0.377000 2.102921 
-0.376000 2.106460 
-0.375000 2.109930 
-0.374000 2.113330 
-0.373000 2.116661 
-0.372000 2.119924 
-0.371000 2.123117 
-0.370000 2.126242 
-0.369000 2.129299 
-0.368000 2.132288 
-0.367000 2.135209 
-0.366000 2.138062 
-0.365000 2.140848 
-0.364000 2.143566 
-0.363000 2.146217 
-0.362000 2.148800 
-0.361000 2.151317 
-0.360000 2.153768 
-0.359000 2.156151 
-0.358000 2.158469 
-0.357000 2.160720 
-0.356000 2.162905 
-0.355000 2.165025 
-0.354000 2.167078 
-0.353000 2.169067 
-0.352000 2.170990 
-0.351000 2.172847 
-0.350000 2.174640 
-0.349000 2.176368 
-0.348000 2.178032 
-0.347000 2.179631 
-0.346000 2.181166 
-0.345000 2.182636 
-0.344000 2.184043 
-0.343000 2.185386 
-0.342000 2.186665 
-0.341000 2.187881 
-0.340000 2.189033 
-0.339000 2.190123 
-0.338000 2.191149 
-0.337000 2.192113 
-0.336000 2.193014 
-0.335000 2.193852 
-0.334000 2.194629 
-0.333000 2.195343 
-0.332000 2.195995 
-0.331000 2.196585 
-0.330000 2.197114 
-0.329000 2.197581 
-0.328000 2.197987 
-0.327000 2.198331 
-0.326000 2.198614 
-0.325000 2.198837 
-0.324000 2.198999 
-0.323000 2.199100 
-0.322000 2.199141 
-0.321000 2.199121 
-0.320000 2.199042 
-0.319000 2.198902 
-0.318000 2.198703 
-0.317000 2.198444 
-0.316000 2.198125 
-0.315000 2.197747 
-0.314000 2.197309 
-0.313000 2.196813 
-0.312000 2.196258 
-0.311000 2.195643 
-0.310000 2.194971 
-0.309000 2.194239 
-0.308000 2.193449 
-0.307000 2.192601 
-0.306000 2.191695 
-0.305000 2.190731 
-0.304000 2.189709 
-0.303000 2.188630 
-0.302000 2.187492 
-0.301000 2.186298 
-0.300000 2.185046 
-0.299000 2.183737 
-0.298000 2.182371 
-0.297000 2.180948 
-0.296000 2.179468 
-0.295000 2.177932 
-0.294000 2.176339 
-0.293000 2.174690 
-0.292000 2.172985 
-0.291000 2.171223 
-0.290000 2.169406 
-0.289000 2.167533 
-0.288000 2.165604 
-0.287000 2.163619 
-0.286000 2.161579 
-0.285000 2.159484 
-0.284000 2.157333 
-0.283000 2.155127 
-0.282000 2.152867 
-0.281000 2.150551 
-0.280000 2.148181 
-0.279000 2.145756 
-0.278000 2.143277 
-0.277000 2.140743 
-0.276000 2.138155 
-0.275000 2.135513 
-0.274000 2.132816 
-0.273000 2.130066 
-0.272000 2.127262 
-0.271000 2.124405 
-0.270000 2.121493 
-0.269000 2.118529 
-0.268000 2.115511 
-0.267000 2.112440 
-0.266000 2.109315 
-0.265000 2.106138 
-0.264000 2.102907 
-0.263000 2.099624 
-0.262000 2.096288 
-0.261000 2.092900 
-0.260000 2.089459 
-0.259000 2.085966 
-0.258000 2.082420 
-0.257000 2.078822 
-0.256000 2.075173 
-0.255000 2.071471 
-0.254000 2.067717 
-0.253000 2.063912 
-0.252000 2.060055 
-0.251000 2.056146 
-0.250000 2.052186 
-0.249000 2.048174 
-0.248000 2.044111 
-0.247000 2.039997 
-0.246000 2.035832 
-0.245000 2.031616 
-0.244000 2.027349 
-0.243000 2.023031 
-0.242000 2.018663 
-0.241000 2.014244 
-0.240000 2.009774 
-0.239000 2.005254 
-0.238000 2.000684 
-0.237000 1.996063 
-0.236000 1.991392 
-0.235000 1.986671 
-0.234000 1.981900 
-0.233000 1.977080 
-0.232000 1.972209 
-0.231000 1.967289 
-0.230000 1.962319 
-0.229000 1.957300 
-0.228000 1.952231 
-0.227000 1.947112 
-0.226000 1.941945 
-0.225000 1.936728 
-0.224000 1.931462 
-0.223000 1.926147 
-0.222000 1.920783 
-0.221000 1.915370 
-0.220000 1.909908 
-0.219000 1.904398 
-0.218000 1.898839 
-0.217000 1.893232 
-0.216000 1.887575 
-0.215000 1.881871 
-0.214000 1.876118 
-0.213000 1.870317 
-0.212000 1.864468 
-0.211000 1.858570 
-0.210000 1.852625 
-0.209000 1.846632 
-0.208000 1.840591 
-0.207000 1.834502 
-0.206000 1.828365 
-0.205000 1.822181 
-0.204000 1.815949 
-0.203000 1.809669 
-0.202000 1.803342 
-0.201000 1.796968 
-0.200000 1.790547 
-0.199000 1.784078 
-0.198000 1.777562 
-0.197000 1.770999 
-0.196000 1.764389 
-0.195000 1.757732 
-0.194000 1.751028 
-0.193000 1.744278 
-0.192000 1.737481 
-0.191000 1.730637 
-0.190000 1.723746 
-0.189000 1.716809 
-0.188000 1.709826 
-0.187000 1.702796 
-0.186000 1.695719 
-0.185000 1.688597 
-0.184000 1.681428 
-0.183000 1.674213 
-0.182000 1.666952 
-0.181000 1.659646 
-0.180000 1.652293 
-0.179000 1.644894 
-0.178000 1.637450 
-0.177000 1.629959 
-0.176000 1.622423 
-0.175000 1.614842 
-0.174000 1.607215 
-0.173000 1.599542 
-0.172000 1.591824 
-0.171000 1.584061 
-0.170000 1.576253 
-0.169000 1.568399 
-0.168000 1.560500 
-0.167000 1.552556 
-0.166000 1.544567 
-0.165000 1.536533 
-0.164000 1.528454 
-0.163000 1.520330 
-0.162000 1.512161 
-0.161000 1.503948 
-0.160000 1.495690 
-0.159000 1.487387 
-0.158000 1.479040 
-0.157000 1.470649 
-0.156000 1.462213 
-0.155000 1.453732 
-0.154000 1.445208 
-0.153000 1.436639 
-0.152000 1.428026 
-0.151000 1.419369 
-0.150000 1.410667 
-0.149000 1.401922 
-0.148000 1.393133 
-0.147000 1.384300 
-0.146000 1.375424 
-0.145000 1.366503 
-0.144000 1.357539 
-0.143000 1.348532 
-0.142000 1.339480 
-0.141000 1.330386 
-0.140000 1.321248 
-0.139000 1.312066 
-0.138000 1.302841 
-0.137000 1.293574 
-0.136000 1.284263 
-0.135000 1.274908 
-0.134000 1.265511 
-0.133000 1.256071 
-0.132000 1.246588 
-0.131000 1.237062 
-0.130000 1.227494 
-0.129000 1.217882 
-0.128000 1.208228 
-0.127000 1.198532 
-0.126000 1.188793 
-0.125000 1.179012 
-0.124000 1.169188 
-0.123000 1.159322 
-0.122000 1.149414 
-0.121000 1.139463 
-0.120000 1.129471 
-0.119000 1.119437 
-0.118000 1.109360 
-0.117000 1.099242 
-0.116000 1.089082 
-0.115000 1.078880 
-0.114000 1.068637 
-0.113000 1.058352 
-0.112000 1.048026 
-0.111000 1.037658 
-0.110000 1.027249 
-0.109000 1.016798 
-0.108000 1.006307 
-0.107000 0.995774 
-0.106000 0.985200 
-0.105000 0.974586 
-0.104000 0.963930 
-0.103000 0.953234 
-0.102000 0.942497 
-0.101000 0.931719 
-0.100000 0.920901 
-0.099000 0.910042 
-0.098000 0.899143 
-0.097000 0.888204 
-0.096000 0.877224 
-0.095000 0.866204 
-0.094000 0.855145 
-0.093000 0.844045 
-0.092000 0.832905 
-0.091000 0.821726 
-0.090000 0.810507 
-0.089000 0.799249 
-0.088000 0.787951 
-0.087000 0.776614 
-0.086000 0.765237 
-0.085000 0.753821 
-0.084000 0.742367 
-0.083000 0.730873 
-0.082000 0.719340 
-0.081000 0.707769 
-0.080000 0.696158 
-0.079000 0.684510 
-0.078000 0.672822 
-0.077000 0.661097 
-0.076000 0.649333 
-0.075000 0.637531 
-0.074000 0.625691 
-0.073000 0.613813 
-0.072000 0.601898 
-0.071000 0.589944 
-0.070000 0.577954 
-0.069000 0.565925 
-0.068000 0.553860 
-0.067000 0.541757 
-0.066000 0.529617 
-0.065000 0.517440 
-0.064000 0.505227 
-0.063000 0.492976 
-0.062000 0.480689 
-0.061000 0.468366 
-0.060000 0.456006 
-0.059000 0.443611 
-0.058000 0.431179 
-0.057000 0.418711 
-0.056000 0.406208 
-0.055000 0.393669 
-0.054000 0.381095 
-0.053000 0.368485 
-0.052000 0.355840 
-0.051000 0.343160 
-0.050000 0.330446 
-0.049000 0.317696 
-0.048000 0.304912 
-0.047000 0.292094 
-0.046000 0.279242 
-0.045000 0.266355 
-0.044000 0.253435 
-0.043000 0.240481 
-0.042000 0.227494 
-0.041000 0.214473 
-0.040000 0.201419 
-0.039000 0.188332 
-0.038000 0.175212 
-0.037000 0.162060 
-0.036000 0.148875 
-0.035000 0.135658 
-0.034000 0.122409 
-0.033000 0.109128 
-0.032000 0.095815 
-0.031000 0.082471 
-0.030000 0.069096 
-0.029000 0.055689 
-0.028000 0.042252 
-0.027000 0.028784 
-0.026000 0.015286 
-0.025000 0.001758 
-0.024000 -0.011801 
-0.023000 -0.025389 
-0.022000 -0.039006 
-0.021000 -0.052653 
-0.020000 -0.066329 
-0.019000 -0.080034 
-0.018000 -0.093767 
-0.017000 -0.107529 
-0.016000 -0.121319 
-0.015000 -0.135136 
-0.014000 -0.148981 
-0.013000 -0.162853 
-0.012000 -0.176753 
-0.011000 -0.190679 
-0.010000 -0.204632 
-0.009000 -0.218611 
-0.008000 -0.232616 
-0.007000 -0.246646 
-0.006000 -0.260702 
-0.005000 -0.274783 
-0.004000 -0.288889 
-0.003000 -0.303020 
-0.002000 -0.317174 
-0.001000 -0.331353 
-0.000000 -0.345555 
0.001000 -0.359780 
0.002000 -0.374029 
0.003000 -0.388300 
0.004000 -0.402593 
0.005000 -0.416909 
0.006000 -0.431246 
0.007000 -0.445604 
0.008000 -0.459983 
0.009000 -0.474383 
0.010000 -0.488803 
0.011000 -0.503243 
0.012000 -0.517703 
0.013000 -0.532182 
0.014000 -0.546680 
0.015000 -0.561196 
0.016000 -0.575730 
0.017000 -0.590282 
0.018000 -0.604851 
0.019000 -0.619437 
0.020000 -0.634039 
0.021000 -0.648658 
0.022000 -0.663292 
0.023000 -0.677941 
0.024000 -0.692605 
0.025000 -0.707284 
0.026000 -0.721977 
0.027000 -0.736683 
0.028000 -0.751402 
0.029000 -0.766133 
0.030000 -0.780877 
0.031000 -0.795633 
0.032000 -0.810399 
0.033000 -0.825177 
0.034000 -0.839965 
0.035000 -0.854762 
0.036000 -0.869569 
0.037000 -0.884385 
0.038000 -0.899208 
0.039000 -0.914040 
0.040000 -0.928879 
0.041000 -0.943724 
0.042000 -0.958576 
0.043000 -0.973434 
0.044000 -0.988296 
0.045000 -1.003163 
0.046000 -1.018034 
0.047000 -1.032909 
0.048000 -1.047786 
0.049000 -1.062666 
0.050000 -1.077547 
0.051000 -1.092430 
0.052000 -1.107313 
0.053000 -1.122196 
0.054000 -1.137078 
0.055000 -1.151959 
0.056000 -1.166838 
0.057000 -1.181715 
0.058000 -1.196588 
0.059000 -1.211458 
0.060000 -1.226323 
0.061000 -1.241183 
0.062000 -1.256037 
0.063000 -1.270884 
0.064000 -1.285724 
0.065000 -1.300557 
0.066000 -1.315381 
0.067000 -1.330195 
0.068000 -1.345000 
0.069000 -1.359794 
0.070000 -1.374576 
0.071000 -1.389346 
0.072000 -1.404104 
0.073000 -1.418847 
0.074000 -1.433577 
0.075000 -1.448291 
0.076000 -1.462989 
0.077000 -1.477670 
0.078000 -1.492334 
0.079000 -1.506979 
0.080000 -1.521606 
0.081000 -1.536212 
0.082000 -1.550797 
0.083000 -1.565361 
0.084000 -1.579903 
0.085000 -1.594421 
0.086000 -1.608915 
0.087000 -1.623384 
0.088000 -1.637827 
0.089000 -1.652243 
0.090000 -1.666632 
0.091000 -1.680992 
0.092000 -1.695322 
0.093000 -1.709623 
0.094000 -1.723892 
0.095000 -1.738128 
0.096000 -1.752332 
0.097000 -1.766501 
0.098000 -1.780636 
0.099000 -1.794734 
0.100000 -1.808796 
0.101000 -1.822819 
0.102000 -1.836804 
0.103000 -1.850749 
0.104000 -1.864652 
0.105000 -1.878514 
0.106000 -1.892333 
0.107000 -1.906108 
0.108000 -1.919838 
0.109000 -1.933522 
0.110000 -1.947158 
0.111000 -1.960747 
0.112000 -1.974286 
0.113000 -1.987775 
0.114000 -2.001213 
0.115000 -2.014598 
0.116000 -2.027930 
0.117000 -2.041207 
0.118000 -2.054428 
0.119000 -2.067593 
0.120000 -2.080699 
0.121000 -2.093746 
0.122000 -2.106733 
0.123000 -2.119659 
0.124000 -2.132522 
0.125000 -2.145321 
0.126000 -2.158056 
0.127000 -2.170724 
0.128000 -2.183326 
0.129000 -2.195858 
0.130000 -2.208322 
0.131000 -2.220714 
0.132000 -2.233035 
0.133000 -2.245282 
0.134000 -2.257455 
0.135000 -2.269552 
0.136000 -2.281572 
0.137000 -2.293514 
0.138000 -2.305377 
0.139000 -2.317159 
0.140000 -2.328860 
0.141000 -2.340477 
0.142000 -2.352010 
0.143000 -2.363458 
0.144000 -2.374819 
0.145000 -2.386091 
0.146000 -2.397274 
0.147000 -2.408367 
0.148000 -2.419367 
0.149000 -2.430275 
0.150000 -2.441087 
0.151000 -2.451804 
0.152000 -2.462424 
0.153000 -2.472946 
0.154000 -2.483368 
0.155000 -2.493689 
0.156000 -2.503907 
0.157000 -2.514023 
0.158000 -2.524033 
0.159000 -2.533937 
0.160000 -2.543733 
0.161000 -2.553421 
0.162000 -2.562999 
0.163000 -2.572465 
0.164000 -2.581818 
0.165000 -2.591058 
0.166000 -2.600182 
0.167000 -2.609190 
0.168000 -2.618079 
0.169000 -2.626850 
0.170000 -2.635500 
0.171000 -2.644028 
0.172000 -2.652433 
0.173000 -2.660714 
0.174000 -2.668869 
0.175000 -2.676897 
0.176000 -2.684796 
0.177000 -2.692567 
0.178000 -2.700206 
0.179000 -2.707714 
0.180000 -2.715088 
0.181000 -2.722327 
0.182000 -2.729431 
0.183000 -2.736398 
0.184000 -2.743226 
0.185000 -2.749915 
0.186000 -2.756463 
0.187000 -2.762869 
0.188000 -2.769132 
0.189000 -2.775251 
0.190000 -2.781224 
0.191000 -2.787050 
0.192000 -2.792729 
0.193000 -2.798258 
0.194000 -2.803637 
0.195000 -2.808865 
0.196000 -2.813940 
0.197000 -2.818862 
0.198000 -2.823628 
0.199000 -2.828240 
0.200000 -2.832694 
0.201000 -2.836990 
0.202000 -2.841127 
0.203000 -2.845105 
0.204000 -2.848921 
0.205000 -2.852575 
0.206000 -2.856066 
0.207000 -2.859392 
0.208000 -2.862554 
0.209000 -2.865550 
0.210000 -2.868379 
0.211000 -2.871040 
0.212000 -2.873532 
0.213000 -2.875855 
0.214000 -2.878007 
0.215000 -2.879988 
0.216000 -2.881797 
0.217000 -2.883432 
0.218000 -2.884894 
0.219000 -2.886182 
0.220000 -2.887294 
0.221000 -2.888230 
0.222000 -2.888989 
0.223000 -2.889571 
0.224000 -2.889975 
0.225000 -2.890200 
0.226000 -2.890246 
0.227000 -2.890112 
0.228000 -2.889798 
0.229000 -2.889302 
0.230000 -2.888625 
0.231000 -2.887766 
0.232000 -2.886724 
0.233000 -2.885499 
0.234000 -2.884091 
0.235000 -2.882498 
0.236000 -2.880722 
0.237000 -2.878761 
0.238000 -2.876615 
0.239000 -2.874284 
0.240000 -2.871768 
0.241000 -2.869065 
0.242000 -2.866177 
0.243000 -2.863102 
0.244000 -2.859842 
0.245000 -2.856394 
0.246000 -2.852761 
0.247000 -2.848940 
0.248000 -2.844933 
0.249000 -2.840739 
0.250000 -2.836358 
0.251000 -2.831791 
0.252000 -2.827037 
0.253000 -2.822096 
0.254000 -2.816969 
0.255000 -2.811656 
0.256000 -2.806156 
0.257000 -2.800470 
0.258000 -2.794599 
0.259000 -2.788543 
0.260000 -2.782301 
0.261000 -2.775874 
0.262000 -2.769263 
0.263000 -2.762468 
0.264000 -2.755489 
0.265000 -2.748327 
0.266000 -2.740982 
0.267000 -2.733454 
0.268000 -2.725745 
0.269000 -2.717855 
0.270000 -2.709784 
0.271000 -2.701533 
0.272000 -2.693103 
0.273000 -2.684494 
0.274000 -2.675707 
0.275000 -2.666742 
0.276000 -2.657601 
0.277000 -2.648285 
0.278000 -2.638793 
0.279000 -2.629127 
0.280000 -2.619288 
0.281000 -2.609277 
0.282000 -2.599094 
0.283000 -2.588741 
0.284000 -2.578219 
0.285000 -2.567527 
0.286000 -2.556669 
0.287000 -2.545644 
0.288000 -2.534453 
0.289000 -2.523099 
0.290000 -2.511581 
0.291000 -2.499902 
0.292000 -2.488062 
0.293000 -2.476062 
0.294000 -2.463904 
0.295000 -2.451588 
0.296000 -2.439117 
0.297000 -2.426492 
0.298000 -2.413713 
0.299000 -2.400783 
0.300000 -2.387702 
0.301000 -2.374472 
0.302000 -2.361094 
0.303000 -2.347570 
0.304000 -2.333902 
0.305000 -2.320090 
0.306000 -2.306136 
0.307000 -2.292042 
0.308000 -2.277809 
0.309000 -2.263439 
0.310000 -2.248933 
0.311000 -2.234293 
0.312000 -2.219521 
0.313000 -2.204617 
0.314000 -2.189584 
0.315000 -2.174424 
0.316000 -2.159138 
0.317000 -2.143727 
0.318000 -2.128193 
0.319000 -2.112539 
0.320000 -2.096765 
0.321000 -2.080874 
0.322000 -2.064867 
0.323000 -2.048746 
0.324000 -2.032513 
0.325000 -2.016169 
0.326000 -1.999717 
0.327000 -1.983157 
0.328000 -1.966492 
0.329000 -1.949724 
0.330000 -1.932854 
0.331000 -1.915885 
0.332000 -1.898817 
0.333000 -1.881654 
0.334000 -1.864396 
0.335000 -1.847045 
0.336000 -1.829604 
0.337000 -1.812075 
0.338000 -1.794458 
0.339000 -1.776756 
0.340000 -1.758971 
0.341000 -1.741105 
0.342000 -1.723159 
0.343000 -1.705136 
0.344000 -1.687036 
0.345000 -1.668863 
0.346000 -1.650618 
0.347000 -1.632303 
0.348000 -1.613919 
0.349000 -1.595469 
0.350000 -1.576954 
0.351000 -1.558377 
0.352000 -1.539739 
0.353000 -1.521041 
0.354000 -1.502287 
0.355000 -1.483477 
0.356000 -1.464613 
0.357000 -1.445698 
0.358000 -1.426733 
0.359000 -1.407721 
0.360000 -1.388661 
0.361000 -1.369558 
0.362000 -1.350412 
0.363000 -1.331225 
0.364000 -1.311999 
0.365000 -1.292736 
0.366000 -1.273437 
0.367000 -1.254105 
0.368000 -1.234741 
0.369000 -1.215347 
0.370000 -1.195924 
0.371000 -1.176475 
0.372000 -1.157001 
0.373000 -1.137503 
0.374000 -1.117984 
0.375000 -1.098445 
0.376000 -1.078888 
0.377000 -1.059314 
0.378000 -1.039725 
0.379000 -1.020123 
0.380000 -1.000510 
0.381000 -0.980887 
0.382000 -0.961255 
0.383000 -0.941616 
0.384000 -0.921973 
0.385000 -0.902325 
0.386000 -0.882676 
0.387000 -0.863026 
0.388000 -0.843377 
0.389000 -0.823731 
0.390000 -0.804089 
0.391000 -0.784452 
0.392000 -0.764823 
0.393000 -0.745201 
0.394000 -0.725590 
0.395000 -0.705990 
0.396000 -0.686403 
0.397000 -0.666830 
0.398000 -0.647272 
0.399000 -0.627732 
0.400000 -0.608210 
0.401000 -0.588707 
0.402000 -0.569225 
0.403000 -0.549766 
0.404000 -0.530330 
0.405000 -0.510919 
0.406000 -0.491534 
0.407000 -0.472177 
0.408000 -0.452848 
0.409000 -0.433549 
0.410000 -0.414281 
0.411000 -0.395045 
0.412000 -0.375843 
0.413000 -0.356675 
0.414000 -0.337543 
0.415000 -0.318447 
0.416000 -0.299390 
0.417000 -0.280372 
0.418000 -0.261394 
0.419000 -0.242457 
0.420000 -0.223562 
0.421000 -0.204710 
0.422000 -0.185903 
0.423000 -0.167141 
0.424000 -0.148426 
0.425000 -0.129757 
0.426000 -0.111137 
0.427000 -0.092566 
0.428000 -0.074045 
0.429000 -0.055575 
0.430000 -0.037157 
0.431000 -0.018792 
0.432000 -0.000480 
0.433000 0.017777 
0.434000 0.035979 
0.435000 0.054124 
0.436000 0.072213 
0.437000 0.090244 
0.438000 0.108216 
0.439000 0.126129 
0.440000 0.143982 
0.441000 0.161775 
0.442000 0.179505 
0.443000 0.197174 
0.444000 0.214779 
0.445000 0.232321 
0.446000 0.249799 
0.447000 0.267212 
0.448000 0.284559 
0.449000 0.301840 
0.450000 0.319054 
0.451000 0.336201 
0.452000 0.353280 
0.453000 0.370290 
0.454000 0.387231 
0.455000 0.404103 
0.456000 0.420904 
0.457000 0.437634 
0.458000 0.454293 
0.459000 0.470881 
0.460000 0.487396 
0.461000 0.503838 
0.462000 0.520208 
0.463000 0.536503 
0.464000 0.552725 
0.465000 0.568872 
0.466000 0.584944 
0.467000 0.600941 
0.468000 0.616862 
0.469000 0.632707 
0.470000 0.648475 
0.471000 0.664167 
0.472000 0.679781 
0.473000 0.695318 
0.474000 0.710777 
0.475000 0.726157 
0.476000 0.741460 
0.477000 0.756683 
0.478000 0.771827 
0.479000 0.786892 
0.480000 0.801877 
0.481000 0.816782 
0.482000 0.831607 
0.483000 0.846352 
0.484000 0.861016 
0.485000 0.875599 
0.486000 0.890100 
0.487000 0.904521 
0.488000 0.918860 
0.489000 0.933117 
0.490000 0.947293 
0.491000 0.961386 
0.492000 0.975397 
0.493000 0.989325 
0.494000 1.003171 
0.495000 1.016934 
0.496000 1.030615 
0.497000 1.044212 
0.498000 1.057726 
0.499000 1.071157 
0.500000 1.084505 
0.501000 1.097769 
0.502000 1.110950 
0.503000 1.124047 
0.504000 1.137060 
0.505000 1.149990 
0.506000 1.162836 
0.507000 1.175598 
0.508000 1.188275 
0.509000 1.200869 
0.510000 1.213379 
0.511000 1.225804 
0.512000 1.238146 
0.513000 1.250403 
0.514000 1.262576 
0.515000 1.274665 
0.516000 1.286670 
0.517000 1.298590 
0.518000 1.310427 
0.519000 1.322179 
0.520000 1.333847 
0.521000 1.345430 
0.522000 1.356930 
0.523000 1.368345 
0.524000 1.379676 
0.525000 1.390923 
0.526000 1.402086 
0.527000 1.413166 
0.528000 1.424161 
0.529000 1.435072 
0.530000 1.445899 
0.531000 1.456643 
0.532000 1.467303 
0.533000 1.477879 
0.534000 1.488371 
0.535000 1.498780 
0.536000 1.509106 
0.537000 1.519348 
0.538000 1.529507 
0.539000 1.539583 
0.540000 1.549576 
0.541000 1.559485 
0.542000 1.569312 
0.543000 1.579056 
0.544000 1.588717 
0.545000 1.598296 
0.546000 1.607792 
0.547000 1.617206 
0.548000 1.626538 
0.549000 1.635787 
0.550000 1.644954 
0.551000 1.654040 
0.552000 1.663043 
0.553000 1.671966 
0.554000 1.680806 
0.555000 1.689565 
0.556000 1.698243 
0.557000 1.706840 
0.558000 1.715356 
0.559000 1.723790 
0.560000 1.732145 
0.561000 1.740418 
0.562000 1.748612 
0.563000 1.756725 
0.564000 1.764758 
0.565000 1.772710 
0.566000 1.780584 
0.567000 1.788377 
0.568000 1.796091 
0.569000 1.803726 
0.570000 1.811281 
0.571000 1.818758 
0.572000 1.826155 
0.573000 1.833474 
0.574000 1.840714 
0.575000 1.847876 
0.576000 1.854960 
0.577000 1.861966 
0.578000 1.868894 
0.579000 1.875744 
0.580000 1.882516 
0.581000 1.889212 
0.582000 1.895830 
0.583000 1.902371 
0.584000 1.908835 
0.585000 1.915223 
0.586000 1.921534 
0.587000 1.927768 
0.588000 1.933927 
0.589000 1.940010 
0.590000 1.946017 
0.591000 1.951948 
0.592000 1.957804 
0.593000 1.963584 
0.594000 1.969290 
0.595000 1.974921 
0.596000 1.980477 
0.597000 1.985958 
0.598000 1.991365 
0.599000 1.996698 
0.600000 2.001957 
0.601000 2.007143 
0.602000 2.012254 
0.603000 2.017293 
0.604000 2.022258 
0.605000 2.027149 
0.606000 2.031969 
0.607000 2.036715 
0.608000 2.041389 
0.609000 2.045990 
0.610000 2.050520 
0.611000 2.054977 
0.612000 2.059363 
0.613000 2.063677 
0.614000 2.067920 
0.615000 2.072091 
0.616000 2.076192 
0.617000 2.080221 
0.618000 2.084180 
0.619000 2.088069 
0.620000 2.091887 
0.621000 2.095635 
0.622000 2.099313 
0.623000 2.102921 
0.624000 2.106460 
0.625000 2.109930 
0.626000 2.113330 
0.627000 2.116661 
0.628000 2.119924 
0.629000 2.123117 
0.630000 2.126242 
0.631000 2.129299 
0.632000 2.132288 
0.633000 2.135209 
0.634000 2.138062 
0.635000 2.140848 
0.636000 2.143566 
0.637000 2.146217 
0.638000 2.148800 
0.639000 2.151317 
0.640000 2.153768 
0.641000 2.156151 
0.642000 2.158469 
0.643000 2.160720 
0.644000 2.162905 
0.645000 2.165025 
0.646000 2.167078 
0.647000 2.169067 
0.648000 2.170990 
0.649000 2.172847 
0.650000 2.174640 
0.651000 2.176368 
0.652000 2.178032 
0.653000 2.179631 
0.654000 2.181166 
0.655000 2.182636 
0.656000 2.184043 
0.657000 2.185386 
0.658000 2.186665 
0.659000 2.187881 
0.660000 2.189033 
0.661000 2.190123 
0.662000 2.191149 
0.663000 2.192113 
0.664000 2.193014 
0.665000 2.193852 
0.666000 2.194629 
0.667000 2.195343 
0.668000 2.195995 
0.669000 2.196585 
0.670000 2.197114 
0.671000 2.197581 
0.672000 2.197987 
0.673000 2.198331 
0.674000 2.198614 
0.675000 2.198837 
0.676000 2.198999 
0.677000 2.199100 
0.678000 2.199141 
0.679000 2.199121 
0.680000 2.199042 
0.681000 2.198902 
0.682000 2.198703 
0.683000 2.198444 
0.684000 2.198125 
0.685000 2.197747 
0.686000 2.197309 
0.687000 2.196813 
0.688000 2.196258 
0.689000 2.195643 
0.690000 2.194971 
0.691000 2.194239 
0.692000 2.193449 
0.693000 2.192601 
0.694000 2.191695 
0.695000 2.190731 
0.696000 2.189709 
0.697000 2.188630 
0.698000 2.187492 
0.699000 2.186298 
0.700000 2.185046 
0.701000 2.183737 
0.702000 2.182371 
0.703000 2.180948 
0.704000 2.179468 
0.705000 2.177932 
0.706000 2.176339 
0.707000 2.174690 
0.708000 2.172985 
0.709000 2.171223 
0.710000 2.169406 
0.711000 2.167533 
0.712000 2.165604 
0.713000 2.163619 
0.714000 2.161579 
0.715000 2.159484 
0.716000 2.157333 
0.717000 2.155127 
0.718000 2.152867 
0.719000 2.150551 
0.720000 2.148181 
0.721000 2.145756 
0.722000 2.143277 
0.723000 2.140743 
0.724000 2.138155 
0.725000 2.135513 
0.726000 2.132816 
0.727000 2.130066 
0.728000 2.127262 
0.729000 2.124405 
0.730000 2.121493 
0.731000 2.118529 
0.732000 2.115511 
0.733000 2.112440 
0.734000 2.109315 
0.735000 2.106138 
0.736000 2.102907 
0.737000 2.099624 
0.738000 2.096288 
0.739000 2.092900 
0.740000 2.089459 
0.741000 2.085966 
0.742000 2.082420 
0.743000 2.078822 
0.744000 2.075173 
0.745000 2.071471 
0.746000 2.067717 
0.747000 2.063912 
0.748000 2.060055 
0.749000 2.056146 
0.750000 2.052186 
0.751000 2.048174 
0.752000 2.044111 
0.753000 2.039997 
0.754000 2.035832 
0.755000 2.031616 
0.756000 2.027349 
0.757000 2.023031 
0.758000 2.018663 
0.759000 2.014244 
0.760000 2.009774 
0.761000 2.005254 
0.762000 2.000684 
0.763000 1.996063 
0.764000 1.991392 
0.765000 1.986671 
0.766000 1.981900 
0.767000 1.977080 
0.768000 1.972209 
0.769000 1.967289 
0.770000 1.962319 
0.771000 1.957300 
0.772000 1.952231 
0.773000 1.947112 
0.774000 1.941945 
0.775000 1.936728 
0.776000 1.931462 
0.777000 1.926147 
0.778000 1.920783 
0.779000 1.915370 
0.780000 1.909908 
0.781000 1.904398 
0.782000 1.898839 
0.783000 1.893232 
0.784000 1.887575 
0.785000 1.881871 
0.786000 1.876118 
0.787000 1.870317 
0.788000 1.864468 
0.789000 1.858570 
0.790000 1.852625 
0.791000 1.846632 
0.792000 1.840591 
0.793000 1.834502 
0.794000 1.828365 
0.795000 1.822181 
0.796000 1.815949 
0.797000 1.809669 
0.798000 1.803342 
0.799000 1.796968 
0.800000 1.790547 
0.801000 1.784078 
0.802000 1.777562 
0.803000 1.770999 
0.804000 1.764389 
0.805000 1.757732 
0.806000 1.751028 
0.807000 1.744278 
0.808000 1.737481 
0.809000 1.730637 
0.810000 1.723746 
0.811000 1.716809 
0.812000 1.709826 
0.813000 1.702796 
0.814000 1.695719 
0.815000 1.688597 
0.816000 1.681428 
0.817000 1.674213 
0.818000 1.666952 
0.819000 1.659646 
0.820000 1.652293 
0.821000 1.644894 
0.822000 1.637450 
0.823000 1.629959 
0.824000 1.622423 
0.825000 1.614842 
0.826000 1.607215 
0.827000 1.599542 
0.828000 1.591824 
0.829000 1.584061 
0.830000 1.576253 
0.831000 1.568399 
0.832000 1.560500 
0.833000 1.552556 
0.834000 1.544567 
0.835000 1.536533 
0.836000 1.528454 
0.837000 1.520330 
0.838000 1.512161 
0.839000 1.503948 
0.840000 1.495690 
0.841000 1.487387 
0.842000 1.479040 
0.843000 1.470649 
0.844000 1.462213 
0.845000 1.453732 
0.846000 1.445208 
0.847000 1.436639 
0.848000 1.428026 
0.849000 1.419369 
0.850000 1.410667 
0.851000 1.401922 
0.852000 1.393133 
0.853000 1.384300 
0.854000 1.375424 
0.855000 1.366503 
0.856000 1.357539 
0.857000 1.348532 
0.858000 1.339480 
0.859000 1.330386 
0.860000 1.321248 
0.861000 1.312066 
0.862000 1.302841 
0.863000 1.293574 
0.864000 1.284263 
0.865000 1.274908 
0.866000 1.265511 
0.867000 1.256071 
0.868000 1.246588 
0.869000 1.237062 
0.870000 1.227494 
0.871000 1.217882 
0.872000 1.208228 
0.873000 1.198532 
0.874000 1.188793 
0.875000 1.179012 
0.876000 1.169188 
0.877000 1.159322 
0.878000 1.149414 
0.879000 1.139463 
0.880000 1.129471 
0.881000 1.119437 
0.882000 1.109360 
0.883000 1.099242 
0.884000 1.089082 
0.885000 1.078880 
0.886000 1.068637 
0.887000 1.058352 
0.888000 1.048026 
0.889000 1.037658 
0.890000 1.027249 
0.891000 1.016798 
0.892000 1.006307 
0.893000 0.995774 
0.894000 0.985200 
0.895000 0.974586 
0.896000 0.963930 
0.897000 0.953234 
0.898000 0.942497 
0.899000 0.931719 
0.900000 0.920901 
0.901000 0.910042 
0.902000 0.899143 
0.903000 0.888204 
0.904000 0.877224 
0.905000 0.866204 
0.906000 0.855145 
0.907000 0.844045 
0.908000 0.832905 
0.909000 0.821726 
0.910000 0.810507 
0.911000 0.799249 
0.912000 0.787951 
0.913000 0.776614 
0.914000 0.765237 
0.915000 0.753821 
0.916000 0.742367 
0.917000 0.730873 
0.918000 0.719340 
0.919000 0.707769 
0.920000 0.696158 
0.921000 0.684510 
0.922000 0.672822 
0.923000 0.661097 
0.924000 0.649333 
0.925000 0.637531 
0.926000 0.625691 
0.927000 0.613813 
0.928000 0.601898 
0.929000 0.589944 
0.930000 0.577954 
0.931000 0.565925 
0.932000 0.553860 
0.933000 0.541757 
0.934000 0.529617 
0.935000 0.517440 
0.936000 0.505227 
0.937000 0.492976 
0.938000 0.480689 
0.939000 0.468366 
0.940000 0.456006 
0.941000 0.443611 
0.942000 0.431179 
0.943000 0.418711 
0.944000 0.406208 
0.945000 0.393669 
0.946000 0.381095 
0.947000 0.368485 
0.948000 0.355840 
0.949000 0.343160 
0.950000 0.330446 
0.951000 0.317696 
0.952000 0.304912 
0.953000 0.292094 
0.954000 0.279242 
0.955000 0.266355 
0.956000 0.253435 
0.957000 0.240481 
0.958000 0.227494 
0.959000 0.214473 
0.960000 0.201419 
0.961000 0.188332 
0.962000 0.175212 
0.963000 0.162060 
0.964000 0.148875 
0.965000 0.135658 
0.966000 0.122409 
0.967000 0.109128 
0.968000 0.095815 
0.969000 0.082471 
0.970000 0.069096 
0.971000 0.055689 
0.972000 0.042252 
0.973000 0.028784 
0.974000 0.015286 
0.975000 0.001758 
0.976000 -0.011801 
0.977000 -0.025389 
0.978000 -0.039006 
0.979000 -0.052653 
0.980000 -0.066329 
0.981000 -0.080034 
0.982000 -0.093767 
0.983000 -0.107529 
0.984000 -0.121319 
0.985000 -0.135136 
0.986000 -0.148981 
0.987000 -0.162853 
0.988000 -0.176753 
0.989000 -0.190679 
0.990000 -0.204632 
0.991000 -0.218611 
0.992000 -0.232616 
0.993000 -0.246646 
0.994000 -0.260702 
0.995000 -0.274783 
0.996000 -0.288889 
0.997000 -0.303020 
0.998000 -0.317174 
0.999000 -0.331353 
1.000000 -0.345555 
1.001000 -0.359780 
1.002000 -0.374029 
1.003000 -0.388300 
1.004000 -0.402593 
1.005000 -0.416909 
1.006000 -0.431246 
1.007000 -0.445604 
1.008000 -0.459983 
1.009000 -0.474383 
1.010000 -0.488803 
1.011000 -0.503243 
1.012000 -0.517703 
1.013000 -0.532182 
1.014000 -0.546680 
1.015000 -0.561196 
1.016000 -0.575730 
1.017000 -0.590282 
1.018000 -0.604851 
1.019000 -0.619437 
1.020000 -0.634039 
1.021000 -0.648658 
1.022000 -0.663292 
1.023000 -0.677941 
1.024000 -0.692605 
1.025000 -0.707284 
1.026000 -0.721977 
1.027000 -0.736683 
1.028000 -0.751402 
1.029000 -0.766133 
1.030000 -0.780877 
1.031000 -0.795633 
1.032000 -0.810399 
1.033000 -0.825177 
1.034000 -0.839965 
1.035000 -0.854762 
1.036000 -0.869569 
1.037000 -0.884385 
1.038000 -0.899208 
1.039000 -0.914040 
1.040000 -0.928879 
1.041000 -0.943724 
1.042000 -0.958576 
1.043000 -0.973434 
1.044000 -0.988296 
1.045000 -1.003163 
1.046000 -1.018034 
1.047000 -1.032909 
1.048000 -1.047786 
1.049000 -1.062666 
1.050000 -1.077547 
1.051000 -1.092430 
1.052000 -1.107313 
1.053000 -1.122196 
1.054000 -1.137078 
1.055000 -1.151959 
1.056000 -1.166838 
1.057000 -1.181715 
1.058000 -1.196588 
1.059000 -1.211458 
1.060000 -1.226323 
1.061000 -1.241183 
1.062000 -1.256037 
1.063000 -1.270884 
1.064000 -1.285724 
1.065000 -1.300557 
1.066000 -1.315381 
1.067000 -1.330195 
1.068000 -1.345000 
1.069000 -1.359794 
1.070000 -1.374576 
1.071000 -1.389346 
1.072000 -1.404104 
1.073000 -1.418847 
1.074000 -1.433577 
1.075000 -1.448291 
1.076000 -1.462989 
1.077000 -1.477670 
1.078000 -1.492334 
1.079000 -1.506979 
1.080000 -1.521606 
1.081000 -1.536212 
1.082000 -1.550797 
1.083000 -1.565361 
1.084000 -1.579903 
1.085000 -1.594421 
1.086000 -1.608915 
1.087000 -1.623384 
1.088000 -1.637827 
1.089000 -1.652243 
1.090000 -1.666632 
1.091000 -1.680992 
1.092000 -1.695322 
1.093000 -1.709623 
1.094000 -1.723892 
1.095000 -1.738128 
1.096000 -1.752332 
1.097000 -1.766501 
1.098000 -1.780636 
1.099000 -1.794734 
1.100000 -1.808796 
1.101000 -1.822819 
1.102000 -1.836804 
1.103000 -1.850749 
1.104000 -1.864652 
1.105000 -1.878514 
1.106000 -1.892333 
1.107000 -1.906108 
1.108000 -1.919838 
1.109000 -1.933522 
1.110000 -1.947158 
1.111000 -1.960747 
1.112000 -1.974286 
1.113000 -1.987775 
1.114000 -2.001213 
1.115000 -2.014598 
1.116000 -2.027930 
1.117000 -2.041207 
1.118000 -2.054428 
1.119000 -2.067593 
1.120000 -2.080699 
1.121000 -2.093746 
1.122000 -2.106733 
1.123000 -2.119659 
1.124000 -2.132522 
1.125000 -2.145321 
1.126000 -2.158056 
1.127000 -2.170724 
1.128000 -2.183326 
1.129000 -2.195858 
1.130000 -2.208322 
1.131000 -2.220714 
1.132000 -2.233035 
1.133000 -2.245282 
1.134000 -2.257455 
1.135000 -2.269552 
1.136000 -2.281572 
1.137000 -2.293514 
1.138000 -2.305377 
1.139000 -2.317159 
1.140000 -2.328860 
1.141000 -2.340477 
1.142000 -2.352010 
1.143000 -2.363458 
1.144000 -2.374819 
1.145000 -2.386091 
1.146000 -2.397274 
1.147000 -2.408367 
1.148000 -2.419367 
1.149000 -2.430275 
1.150000 -2.441087 
1.151000 -2.451804 
1.152000 -2.462424 
1.153000 -2.472946 
1.154000 -2.483368 
1.155000 -2.493689 
1.156000 -2.503907 
1.157000 -2.514023 
1.158000 -2.524033 
1.159000 -2.533937 
1.160000 -2.543733 
1.161000 -2.553421 
1.162000 -2.562999 
1.163000 -2.572465 
1.164000 -2.581818 
1.165000 -2.591058 
1.166000 -2.600182 
1.167000 -2.609190 
1.168000 -2.618079 
1.169000 -2.626850 
1.170000 -2.635500 
1.171000 -2.644028 
1.172000 -2.652433 
1.173000 -2.660714 
1.174000 -2.668869 
1.175000 -2.676897 
1.176000 -2.684796 
1.177000 -2.692567 
1.178000 -2.700206 
1.179000 -2.707714 
1.180000 -2.715088 
1.181000 -2.722327 
1.182000 -2.729431 
1.183000 -2.736398 
1.184000 -2.743226 
1.185000 -2.749915 
1.186000 -2.756463 
1.187000 -2.762869 
1.188000 -2.769132 
1.189000 -2.775251 
1.190000 -2.781224 
1.191000 -2.787050 
1.192000 -2.792729 
1.193000 -2.798258 
1.194000 -2.803637 
1.195000 -2.808865 
1.196000 -2.813940 
1.197000 -2.818862 
1.198000 -2.823628 
1.199000 -2.828240 
1.200000 -2.832694 
1.201000 -2.836990 
1.202000 -2.841127 
1.203000 -2.845105 
1.204000 -2.848921 
1.205000 -2.852575 
1.206000 -2.856066 
1.207000 -2.859392 
1.208000 -2.862554 
1.209000 -2.865550 
1.210000 -2.868379 
1.211000 -2.871040 
1.212000 -2.873532 
1.213000 -2.875855 
1.214000 -2.878007 
1.215000 -2.879988 
1.216000 -2.881797 
1.217000 -2.883432 
1.218000 -2.884894 
1.219000 -2.886182 
1.220000 -2.887294 
1.221000 -2.888230 
1.222000 -2.888989 
1.223000 -2.889571 
1.224000 -2.889975 
1.225000 -2.890200 
1.226000 -2.890246 
1.227000 -2.890112 
1.228000 -2.889798 
1.229000 -2.889302 
1.230000 -2.888625 
1.231000 -2.887766 
1.232000 -2.886724 
1.233000 -2.885499 
1.234000 -2.884091 
1.235000 -2.882498 
1.236000 -2.880722 
1.237000 -2.878761 
1.238000 -2.876615 
1.239000 -2.874284 
1.240000 -2.871768 
1.241000 -2.869065 
1.242000 -2.866177 
1.243000 -2.863102 
1.244000 -2.859842 
1.245000 -2.856394 
1.246000 -2.852761 
1.247000 -2.848940 
1.248000 -2.844933 
1.249000 -2.840739 
1.250000 -2.836358 
1.251000 -2.831791 
1.252000 -2.827037 
1.253000 -2.822096 
1.254000 -2.816969 
1.255000 -2.811656 
1.256000 -2.806156 
1.257000 -2.800470 
1.258000 -2.794599 
1.259000 -2.788543 
1.260000 -2.782301 
1.261000 -2.775874 
1.262000 -2.769263 
1.263000 -2.762468 
1.264000 -2.755489 
1.265000 -2.748327 
1.266000 -2.740982 
1.267000 -2.733454 
1.268000 -2.725745 
1.269000 -2.717855 
1.270000 -2.709784 
1.271000 -2.701533 
1.272000 -2.693103 
1.273000 -2.684494 
1.274000 -2.675707 
1.275000 -2.666742 
1.276000 -2.657601 
1.277000 -2.648285 
1.278000 -2.638793 
1.279000 -2.629127 
1.280000 -2.619288 
1.281000 -2.609277 
1.282000 -2.599094 
1.283000 -2.588741 
1.284000 -2.578219 
1.285000 -2.567527 
1.286000 -2.556669 
1.287000 -2.545644 
1.288000 -2.534453 
1.289000 -2.523099 
1.290000 -2.511581 
1.291000 -2.499902 
1.292000 -2.488062 
1.293000 -2.476062 
1.294000 -2.463904 
1.295000 -2.451588 
1.296000 -2.439117 
1.297000 -2.426492 
1.298000 -2.413713 
1.299000 -2.400783 
1.300000 -2.387702 
1.301000 -2.374472 
1.302000 -2.361094 
1.303000 -2.347570 
1.304000 -2.333902 
1.305000 -2.320090 
1.306000 -2.306136 
1.307000 -2.292042 
1.308000 -2.277809 
1.309000 -2.263439 
1.310000 -2.248933 
1.311000 -2.234293 
1.312000 -2.219521 
1.313000 -2.204617 
1.314000 -2.189584 
1.315000 -2.174424 
1.316000 -2.159138 
1.317000 -2.143727 
1.318000 -2.128193 
1.319000 -2.112539 
1.320000 -2.096765 
1.321000 -2.080874 
1.322000 -2.064867 
1.323000 -2.048746 
1.324000 -2.032513 
1.325000 -2.016169 
1.326000 -1.999717 
1.327000 -1.983157 
1.328000 -1.966492 
1.329000 -1.949724 
1.330000 -1.932854 
1.331000 -1.915885 
1.332000 -1.898817 
1.333000 -1.881654 
1.334000 -1.864396 
1.335000 -1.847045 
1.336000 -1.829604 
1.337000 -1.812075 
1.338000 -1.794458 
1.339000 -1.776756 
1.340000 -1.758971 
1.341000 -1.741105 
1.342000 -1.723159 
1.343000 -1.705136 
1.344000 -1.687036 
1.345000 -1.668863 
1.346000 -1.650618 
1.347000 -1.632303 
1.348000 -1.613919 
1.349000 -1.595469 
1.350000 -1.576954 
1.351000 -1.558377 
1.352000 -1.539739 
1.353000 -1.521041 
1.354000 -1.502287 
1.355000 -1.483477 
1.356000 -1.464613 
1.357000 -1.445698 
1.358000 -1.426733 
1.359000 -1.407721 
1.360000 -1.388661 
1.361000 -1.369558 
1.362000 -1.350412 
1.363000 -1.331225 
1.364000 -1.311999 
1.365000 -1.292736 
1.366000 -1.273437 
1.367000 -1.254105 
1.368000 -1.234741 
1.369000 -1.215347 
1.370000 -1.195924 
1.371000 -1.176475 
1.372000 -1.157001 
1.373000 -1.137503 
1.374000 -1.117984 
1.375000 -1.098445 
1.376000 -1.078888 
1.377000 -1.059314 
1.378000 -1.039725 
1.379000 -1.020123 
1.380000 -1.000510 
1.381000 -0.980887 
1.382000 -0.961255 
1.383000 -0.941616 
1.384000 -0.921973 
1.385000 -0.902325 
1.386000 -0.882676 
1.387000 -0.863026 
1.388000 -0.843377 
1.389000 -0.823731 
1.390000 -0.804089 
1.391000 -0.784452 
1.392000 -0.764823 
1.393000 -0.745201 
1.394000 -0.725590 
1.395000 -0.705990 
1.396000 -0.686403 
1.397000 -0.666830 
1.398000 -0.647272 
1.399000 -0.627732 
1.400000 -0.608210 
1.401000 -0.588707 
1.402000 -0.569225 
1.403000 -0.549766 
1.404000 -0.530330 
1.405000 -0.510919 
1.406000 -0.491534 
1.407000 -0.472177 
1.408000 -0.452848 
1.409000 -0.433549 
1.410000 -0.414281 
1.411000 -0.395045 
1.412000 -0.375843 
1.413000 -0.356675 
1.414000 -0.337543 
1.415000 -0.318447 
1.416000 -0.299390 
1.417000 -0.280372 
1.418000 -0.261394 
1.419000 -0.242457 
1.420000 -0.223562 
1.421000 -0.204710 
1.422000 -0.185903 
1.423000 -0.167141 
1.424000 -0.148426 
1.425000 -0.129757 
1.426000 -0.111137 
1.427000 -0.092566 
1.428000 -0.074045 
1.429000 -0.055575 
1.430000 -0.037157 
1.431000 -0.018792 
1.432000 -0.000480 
1.433000 0.017777 
1.434000 0.035979 
1.435000 0.054124 
1.436000 0.072213 
1.437000 0.090244 
1.438000 0.108216 
1.439000 0.126129 
1.440000 0.143982 
1.441000 0.161775 
1.442000 0.179505 
1.443000 0.197174 
1.444000 0.214779 
1.445000 0.232321 
1.446000 0.249799 
1.447000 0.267212 
1.448000 0.284559 
1.449000 0.301840 
1.450000 0.319054 
1.451000 0.336201 
1.452000 0.353280 
1.453000 0.370290 
1.454000 0.387231 
1.455000 0.404103 
1.456000 0.420904 
1.457000 0.437634 
1.458000 0.454293 
1.459000 0.470881 
1.460000 0.487396 
1.461000 0.503838 
1.462000 0.520208 
1.463000 0.536503 
1.464000 0.552725 
1.465000 0.568872 
1.466000 0.584944 
1.467000 0.600941 
1.468000 0.616862 
1.469000 0.632707 
1.470000 0.648475 
1.471000 0.664167 
1.472000 0.679781 
1.473000 0.695318 
1.474000 0.710777 
1.475000 0.726157 
1.476000 0.741460 
1.477000 0.756683 
1.478000 0.771827 
1.479000 0.786892 
1.480000 0.801877 
1.481000 0.816782 
1.482000 0.831607 
1.483000 0.846352 
1.484000 0.861016 
1.485000 0.875599 
1.486000 0.890100 
1.487000 0.904521 
1.488000 0.918860 
1.489000 0.933117 
1.490000 0.947293 
1.491000 0.961386 
1.492000 0.975397 
1.493000 0.989325 
1.494000 1.003171 
1.495000 1.016934 
1.496000 1.030615 
1.497000 1.044212 
1.498000 1.057726 
1.499000 1.071157 
