# time model 
59329.394057 -1.817592 
59329.405285 -1.818626 
59329.416513 -1.819665 
59329.427741 -1.820706 
59329.438969 -1.821751 
59329.450197 -1.822798 
59329.461424 -1.823849 
59329.472652 -1.824904 
59329.483880 -1.825961 
59329.495108 -1.827022 
59329.506336 -1.828086 
59329.517564 -1.829152 
59329.528792 -1.830222 
59329.540020 -1.831296 
59329.551247 -1.832372 
59329.562475 -1.833451 
59329.573703 -1.834534 
59329.584931 -1.835619 
59329.596159 -1.836708 
59329.607387 -1.837800 
59329.618615 -1.838894 
59329.629842 -1.839992 
59329.641070 -1.841093 
59329.652298 -1.842197 
59329.663526 -1.843303 
59329.674754 -1.844413 
59329.685982 -1.845526 
59329.697210 -1.846641 
59329.708438 -1.847760 
59329.719665 -1.848882 
59329.730893 -1.850006 
59329.742121 -1.851133 
59329.753349 -1.852264 
59329.764577 -1.853397 
59329.775805 -1.854533 
59329.787033 -1.855672 
59329.798261 -1.856814 
59329.809488 -1.857958 
59329.820716 -1.859106 
59329.831944 -1.860256 
59329.843172 -1.861409 
59329.854400 -1.862565 
59329.865628 -1.863724 
59329.876856 -1.864885 
59329.888084 -1.866049 
59329.899311 -1.867216 
59329.910539 -1.868386 
59329.921767 -1.869558 
59329.932995 -1.870733 
59329.944223 -1.871911 
59329.955451 -1.873091 
59329.966679 -1.874274 
59329.977906 -1.875460 
59329.989134 -1.876649 
59330.000362 -1.877840 
59330.011590 -1.879033 
59330.022818 -1.880230 
59330.034046 -1.881429 
59330.045274 -1.882630 
59330.056502 -1.883834 
59330.067729 -1.885041 
59330.078957 -1.886250 
59330.090185 -1.887462 
59330.101413 -1.888676 
59330.112641 -1.889893 
59330.123869 -1.891112 
59330.135097 -1.892334 
59330.146325 -1.893558 
59330.157552 -1.894785 
59330.168780 -1.896014 
59330.180008 -1.897246 
59330.191236 -1.898480 
59330.202464 -1.899716 
59330.213692 -1.900955 
59330.224920 -1.902196 
59330.236148 -1.903440 
59330.247375 -1.904686 
59330.258603 -1.905934 
59330.269831 -1.907185 
59330.281059 -1.908438 
59330.292287 -1.909694 
59330.303515 -1.910951 
59330.314743 -1.912211 
59330.325970 -1.913474 
59330.337198 -1.914738 
59330.348426 -1.916005 
59330.359654 -1.917274 
59330.370882 -1.918546 
59330.382110 -1.919819 
59330.393338 -1.921095 
59330.404566 -1.922373 
59330.415793 -1.923653 
59330.427021 -1.924936 
59330.438249 -1.926220 
59330.449477 -1.927507 
59330.460705 -1.928796 
59330.471933 -1.930087 
59330.483161 -1.931380 
59330.494389 -1.932675 
59330.505616 -1.933972 
59330.516844 -1.935271 
59330.528072 -1.936573 
59330.539300 -1.937876 
59330.550528 -1.939182 
59330.561756 -1.940489 
59330.572984 -1.941799 
59330.584211 -1.943111 
59330.595439 -1.944424 
59330.606667 -1.945740 
59330.617895 -1.947057 
59330.629123 -1.948377 
59330.640351 -1.949698 
59330.651579 -1.951022 
59330.662807 -1.952347 
59330.674034 -1.953674 
59330.685262 -1.955003 
59330.696490 -1.956334 
59330.707718 -1.957667 
59330.718946 -1.959002 
59330.730174 -1.960339 
59330.741402 -1.961677 
59330.752630 -1.963017 
59330.763857 -1.964359 
59330.775085 -1.965703 
59330.786313 -1.967049 
59330.797541 -1.968396 
59330.808769 -1.969746 
59330.819997 -1.971097 
59330.831225 -1.972449 
59330.842453 -1.973804 
59330.853680 -1.975160 
59330.864908 -1.976518 
59330.876136 -1.977877 
59330.887364 -1.979238 
59330.898592 -1.980601 
59330.909820 -1.981966 
59330.921048 -1.983332 
59330.932275 -1.984700 
59330.943503 -1.986069 
59330.954731 -1.987440 
59330.965959 -1.988813 
59330.977187 -1.990187 
59330.988415 -1.991563 
59330.999643 -1.992940 
59331.010871 -1.994319 
59331.022098 -1.995700 
59331.033326 -1.997081 
59331.044554 -1.998465 
59331.055782 -1.999850 
59331.067010 -2.001236 
59331.078238 -2.002624 
59331.089466 -2.004013 
59331.100694 -2.005404 
59331.111921 -2.006796 
59331.123149 -2.008190 
59331.134377 -2.009585 
59331.145605 -2.010981 
59331.156833 -2.012379 
59331.168061 -2.013778 
59331.179289 -2.015179 
59331.190517 -2.016581 
59331.201744 -2.017984 
59331.212972 -2.019389 
59331.224200 -2.020794 
59331.235428 -2.022202 
59331.246656 -2.023610 
59331.257884 -2.025020 
59331.269112 -2.026431 
59331.280339 -2.027843 
59331.291567 -2.029256 
59331.302795 -2.030671 
59331.314023 -2.032087 
59331.325251 -2.033504 
59331.336479 -2.034922 
59331.347707 -2.036341 
59331.358935 -2.037762 
59331.370162 -2.039184 
59331.381390 -2.040607 
59331.392618 -2.042030 
59331.403846 -2.043456 
59331.415074 -2.044882 
59331.426302 -2.046309 
59331.437530 -2.047737 
59331.448758 -2.049167 
59331.459985 -2.050597 
59331.471213 -2.052029 
59331.482441 -2.053461 
59331.493669 -2.054895 
59331.504897 -2.056329 
59331.516125 -2.057764 
59331.527353 -2.059201 
59331.538580 -2.060638 
59331.549808 -2.062077 
59331.561036 -2.063516 
59331.572264 -2.064956 
59331.583492 -2.066397 
59331.594720 -2.067839 
59331.605948 -2.069282 
59331.617176 -2.070726 
59331.628403 -2.072170 
59331.639631 -2.073616 
59331.650859 -2.075062 
59331.662087 -2.076509 
59331.673315 -2.077957 
59331.684543 -2.079406 
59331.695771 -2.080855 
59331.706999 -2.082306 
59331.718226 -2.083757 
59331.729454 -2.085208 
59331.740682 -2.086661 
59331.751910 -2.088114 
59331.763138 -2.089568 
59331.774366 -2.091023 
59331.785594 -2.092478 
59331.796822 -2.093934 
59331.808049 -2.095390 
59331.819277 -2.096848 
59331.830505 -2.098305 
59331.841733 -2.099764 
59331.852961 -2.101223 
59331.864189 -2.102683 
59331.875417 -2.104143 
59331.886644 -2.105604 
59331.897872 -2.107065 
59331.909100 -2.108527 
59331.920328 -2.109990 
59331.931556 -2.111453 
59331.942784 -2.112916 
59331.954012 -2.114380 
59331.965240 -2.115844 
59331.976467 -2.117309 
59331.987695 -2.118775 
59331.998923 -2.120240 
59332.010151 -2.121707 
59332.021379 -2.123173 
59332.032607 -2.124640 
59332.043835 -2.126108 
59332.055063 -2.127575 
59332.066290 -2.129044 
59332.077518 -2.130512 
59332.088746 -2.131981 
59332.099974 -2.133450 
59332.111202 -2.134920 
59332.122430 -2.136389 
59332.133658 -2.137859 
59332.144886 -2.139330 
59332.156113 -2.140800 
59332.167341 -2.142271 
59332.178569 -2.143742 
59332.189797 -2.145213 
59332.201025 -2.146685 
59332.212253 -2.148157 
59332.223481 -2.149629 
59332.234708 -2.151101 
59332.245936 -2.152573 
59332.257164 -2.154045 
59332.268392 -2.155518 
59332.279620 -2.156990 
59332.290848 -2.158463 
59332.302076 -2.159936 
59332.313304 -2.161408 
59332.324531 -2.162881 
59332.335759 -2.164354 
59332.346987 -2.165827 
59332.358215 -2.167300 
59332.369443 -2.168773 
59332.380671 -2.170246 
59332.391899 -2.171720 
59332.403127 -2.173193 
59332.414354 -2.174666 
59332.425582 -2.176138 
59332.436810 -2.177611 
59332.448038 -2.179084 
59332.459266 -2.180557 
59332.470494 -2.182029 
59332.481722 -2.183502 
59332.492950 -2.184974 
59332.504177 -2.186446 
59332.515405 -2.187918 
59332.526633 -2.189390 
59332.537861 -2.190862 
59332.549089 -2.192334 
59332.560317 -2.193805 
59332.571545 -2.195276 
59332.582772 -2.196747 
59332.594000 -2.198217 
59332.605228 -2.199688 
59332.616456 -2.201158 
59332.627684 -2.202627 
59332.638912 -2.204097 
59332.650140 -2.205566 
59332.661368 -2.207035 
59332.672595 -2.208503 
59332.683823 -2.209972 
59332.695051 -2.211439 
59332.706279 -2.212907 
59332.717507 -2.214374 
59332.728735 -2.215840 
59332.739963 -2.217307 
59332.751191 -2.218772 
59332.762418 -2.220238 
59332.773646 -2.221703 
59332.784874 -2.223167 
59332.796102 -2.224631 
59332.807330 -2.226094 
59332.818558 -2.227557 
59332.829786 -2.229020 
59332.841013 -2.230481 
59332.852241 -2.231943 
59332.863469 -2.233403 
59332.874697 -2.234864 
59332.885925 -2.236323 
59332.897153 -2.237782 
59332.908381 -2.239240 
59332.919609 -2.240698 
59332.930836 -2.242155 
59332.942064 -2.243612 
59332.953292 -2.245067 
59332.964520 -2.246522 
59332.975748 -2.247977 
59332.986976 -2.249430 
59332.998204 -2.250883 
59333.009432 -2.252336 
59333.020659 -2.253787 
59333.031887 -2.255238 
59333.043115 -2.256688 
59333.054343 -2.258137 
59333.065571 -2.259585 
59333.076799 -2.261033 
59333.088027 -2.262479 
59333.099255 -2.263925 
59333.110482 -2.265370 
59333.121710 -2.266814 
59333.132938 -2.268258 
59333.144166 -2.269700 
59333.155394 -2.271141 
59333.166622 -2.272582 
59333.177850 -2.274021 
59333.189077 -2.275460 
59333.200305 -2.276898 
59333.211533 -2.278335 
59333.222761 -2.279770 
59333.233989 -2.281205 
59333.245217 -2.282639 
59333.256445 -2.284071 
59333.267673 -2.285503 
59333.278900 -2.286933 
59333.290128 -2.288363 
59333.301356 -2.289791 
59333.312584 -2.291219 
59333.323812 -2.292645 
59333.335040 -2.294070 
59333.346268 -2.295494 
59333.357496 -2.296917 
59333.368723 -2.298338 
59333.379951 -2.299759 
59333.391179 -2.301178 
59333.402407 -2.302596 
59333.413635 -2.304013 
59333.424863 -2.305429 
59333.436091 -2.306843 
59333.447319 -2.308256 
59333.458546 -2.309668 
59333.469774 -2.311078 
59333.481002 -2.312488 
59333.492230 -2.313896 
59333.503458 -2.315302 
59333.514686 -2.316708 
59333.525914 -2.318112 
59333.537141 -2.319514 
59333.548369 -2.320915 
59333.559597 -2.322315 
59333.570825 -2.323713 
59333.582053 -2.325110 
59333.593281 -2.326506 
59333.604509 -2.327900 
59333.615737 -2.329293 
59333.626964 -2.330684 
59333.638192 -2.332073 
59333.649420 -2.333462 
59333.660648 -2.334848 
59333.671876 -2.336233 
59333.683104 -2.337617 
59333.694332 -2.338999 
59333.705560 -2.340379 
59333.716787 -2.341758 
59333.728015 -2.343135 
59333.739243 -2.344511 
59333.750471 -2.345885 
59333.761699 -2.347257 
59333.772927 -2.348628 
59333.784155 -2.349997 
59333.795383 -2.351365 
59333.806610 -2.352730 
59333.817838 -2.354094 
59333.829066 -2.355457 
59333.840294 -2.356817 
59333.851522 -2.358176 
59333.862750 -2.359533 
59333.873978 -2.360888 
59333.885205 -2.362242 
59333.896433 -2.363593 
59333.907661 -2.364943 
59333.918889 -2.366291 
59333.930117 -2.367637 
59333.941345 -2.368981 
59333.952573 -2.370324 
59333.963801 -2.371664 
59333.975028 -2.373003 
59333.986256 -2.374340 
59333.997484 -2.375675 
59334.008712 -2.377007 
59334.019940 -2.378338 
59334.031168 -2.379667 
59334.042396 -2.380994 
59334.053624 -2.382319 
59334.064851 -2.383642 
59334.076079 -2.384963 
59334.087307 -2.386282 
59334.098535 -2.387599 
59334.109763 -2.388914 
59334.120991 -2.390226 
59334.132219 -2.391537 
59334.143446 -2.392846 
59334.154674 -2.394152 
59334.165902 -2.395456 
59334.177130 -2.396758 
59334.188358 -2.398058 
59334.199586 -2.399356 
59334.210814 -2.400652 
59334.222042 -2.401945 
59334.233269 -2.403236 
59334.244497 -2.404525 
59334.255725 -2.405812 
59334.266953 -2.407096 
59334.278181 -2.408378 
59334.289409 -2.409658 
59334.300637 -2.410936 
59334.311865 -2.412211 
59334.323092 -2.413484 
59334.334320 -2.414755 
59334.345548 -2.416023 
59334.356776 -2.417289 
59334.368004 -2.418552 
59334.379232 -2.419813 
59334.390460 -2.421072 
59334.401688 -2.422328 
59334.412915 -2.423582 
59334.424143 -2.424833 
59334.435371 -2.426082 
59334.446599 -2.427329 
59334.457827 -2.428573 
59334.469055 -2.429814 
59334.480283 -2.431053 
59334.491510 -2.432289 
59334.502738 -2.433523 
59334.513966 -2.434755 
59334.525194 -2.435983 
59334.536422 -2.437209 
59334.547650 -2.438433 
59334.558878 -2.439654 
59334.570106 -2.440872 
59334.581333 -2.442088 
59334.592561 -2.443300 
59334.603789 -2.444511 
59334.615017 -2.445718 
59334.626245 -2.446923 
59334.637473 -2.448125 
59334.648701 -2.449325 
59334.659929 -2.450521 
59334.671156 -2.451715 
59334.682384 -2.452907 
59334.693612 -2.454095 
59334.704840 -2.455280 
59334.716068 -2.456463 
59334.727296 -2.457643 
59334.738524 -2.458820 
59334.749752 -2.459994 
59334.760979 -2.461166 
59334.772207 -2.462334 
59334.783435 -2.463500 
59334.794663 -2.464663 
59334.805891 -2.465822 
59334.817119 -2.466979 
59334.828347 -2.468133 
59334.839574 -2.469284 
59334.850802 -2.470432 
59334.862030 -2.471577 
59334.873258 -2.472719 
59334.884486 -2.473858 
59334.895714 -2.474993 
59334.906942 -2.476126 
59334.918170 -2.477256 
59334.929397 -2.478383 
59334.940625 -2.479506 
59334.951853 -2.480627 
59334.963081 -2.481744 
59334.974309 -2.482858 
59334.985537 -2.483969 
59334.996765 -2.485077 
59335.007993 -2.486182 
59335.019220 -2.487283 
59335.030448 -2.488382 
59335.041676 -2.489477 
59335.052904 -2.490569 
59335.064132 -2.491657 
59335.075360 -2.492743 
59335.086588 -2.493825 
59335.097816 -2.494904 
59335.109043 -2.495979 
59335.120271 -2.497052 
59335.131499 -2.498120 
59335.142727 -2.499186 
59335.153955 -2.500248 
59335.165183 -2.501307 
59335.176411 -2.502362 
59335.187638 -2.503414 
59335.198866 -2.504463 
59335.210094 -2.505508 
59335.221322 -2.506550 
59335.232550 -2.507588 
59335.243778 -2.508623 
59335.255006 -2.509655 
59335.266234 -2.510682 
59335.277461 -2.511707 
59335.288689 -2.512728 
59335.299917 -2.513745 
59335.311145 -2.514759 
59335.322373 -2.515769 
59335.333601 -2.516775 
59335.344829 -2.517778 
59335.356057 -2.518778 
59335.367284 -2.519774 
59335.378512 -2.520766 
59335.389740 -2.521754 
59335.400968 -2.522739 
59335.412196 -2.523720 
59335.423424 -2.524698 
59335.434652 -2.525672 
59335.445879 -2.526642 
59335.457107 -2.527608 
59335.468335 -2.528570 
59335.479563 -2.529529 
59335.490791 -2.530484 
59335.502019 -2.531436 
59335.513247 -2.532383 
59335.524475 -2.533327 
59335.535702 -2.534267 
59335.546930 -2.535203 
59335.558158 -2.536135 
59335.569386 -2.537063 
59335.580614 -2.537987 
59335.591842 -2.538908 
59335.603070 -2.539824 
59335.614298 -2.540737 
59335.625525 -2.541646 
59335.636753 -2.542550 
59335.647981 -2.543451 
59335.659209 -2.544348 
59335.670437 -2.545241 
59335.681665 -2.546130 
59335.692893 -2.547015 
59335.704121 -2.547895 
59335.715348 -2.548772 
59335.726576 -2.549645 
59335.737804 -2.550513 
59335.749032 -2.551378 
59335.760260 -2.552238 
59335.771488 -2.553094 
59335.782716 -2.553947 
59335.793943 -2.554795 
59335.805171 -2.555638 
59335.816399 -2.556478 
59335.827627 -2.557313 
59335.838855 -2.558145 
59335.850083 -2.558972 
59335.861311 -2.559795 
59335.872539 -2.560613 
59335.883766 -2.561428 
59335.894994 -2.562238 
59335.906222 -2.563044 
59335.917450 -2.563845 
59335.928678 -2.564642 
59335.939906 -2.565435 
59335.951134 -2.566224 
59335.962362 -2.567008 
59335.973589 -2.567788 
59335.984817 -2.568563 
59335.996045 -2.569334 
59336.007273 -2.570101 
59336.018501 -2.570863 
59336.029729 -2.571621 
59336.040957 -2.572374 
59336.052185 -2.573123 
59336.063412 -2.573868 
59336.074640 -2.574608 
59336.085868 -2.575343 
59336.097096 -2.576074 
59336.108324 -2.576801 
59336.119552 -2.577523 
59336.130780 -2.578240 
59336.142007 -2.578953 
59336.153235 -2.579661 
59336.164463 -2.580365 
59336.175691 -2.581064 
59336.186919 -2.581758 
59336.198147 -2.582448 
59336.209375 -2.583133 
59336.220603 -2.583814 
59336.231830 -2.584489 
59336.243058 -2.585161 
59336.254286 -2.585827 
59336.265514 -2.586489 
59336.276742 -2.587146 
59336.287970 -2.587798 
59336.299198 -2.588445 
59336.310426 -2.589088 
59336.321653 -2.589726 
59336.332881 -2.590359 
59336.344109 -2.590988 
59336.355337 -2.591611 
59336.366565 -2.592230 
59336.377793 -2.592844 
59336.389021 -2.593453 
59336.400249 -2.594057 
59336.411476 -2.594656 
59336.422704 -2.595251 
59336.433932 -2.595840 
59336.445160 -2.596425 
59336.456388 -2.597004 
59336.467616 -2.597579 
59336.478844 -2.598149 
59336.490071 -2.598713 
59336.501299 -2.599273 
59336.512527 -2.599828 
59336.523755 -2.600378 
59336.534983 -2.600922 
59336.546211 -2.601462 
59336.557439 -2.601996 
59336.568667 -2.602526 
59336.579894 -2.603050 
59336.591122 -2.603570 
59336.602350 -2.604084 
59336.613578 -2.604593 
59336.624806 -2.605097 
59336.636034 -2.605596 
59336.647262 -2.606090 
59336.658490 -2.606578 
59336.669717 -2.607062 
59336.680945 -2.607540 
59336.692173 -2.608013 
59336.703401 -2.608481 
59336.714629 -2.608943 
59336.725857 -2.609400 
59336.737085 -2.609852 
59336.748312 -2.610299 
59336.759540 -2.610741 
59336.770768 -2.611177 
59336.781996 -2.611608 
59336.793224 -2.612033 
59336.804452 -2.612453 
59336.815680 -2.612868 
59336.826908 -2.613278 
59336.838135 -2.613682 
59336.849363 -2.614080 
59336.860591 -2.614474 
59336.871819 -2.614862 
59336.883047 -2.615244 
59336.894275 -2.615621 
59336.905503 -2.615993 
59336.916731 -2.616359 
59336.927958 -2.616720 
59336.939186 -2.617075 
59336.950414 -2.617424 
59336.961642 -2.617769 
59336.972870 -2.618107 
59336.984098 -2.618440 
59336.995326 -2.618768 
59337.006554 -2.619090 
59337.017781 -2.619407 
59337.029009 -2.619717 
59337.040237 -2.620023 
59337.051465 -2.620322 
59337.062693 -2.620616 
59337.073921 -2.620905 
59337.085149 -2.621187 
59337.096376 -2.621465 
59337.107604 -2.621736 
59337.118832 -2.622002 
59337.130060 -2.622262 
59337.141288 -2.622516 
59337.152516 -2.622765 
59337.163744 -2.623008 
59337.174972 -2.623245 
59337.186199 -2.623476 
59337.197427 -2.623702 
59337.208655 -2.623922 
59337.219883 -2.624136 
59337.231111 -2.624344 
59337.242339 -2.624547 
59337.253567 -2.624743 
59337.264795 -2.624934 
59337.276022 -2.625119 
59337.287250 -2.625298 
59337.298478 -2.625471 
59337.309706 -2.625639 
59337.320934 -2.625800 
59337.332162 -2.625956 
59337.343390 -2.626105 
59337.354618 -2.626249 
59337.365845 -2.626387 
59337.377073 -2.626518 
59337.388301 -2.626644 
59337.399529 -2.626764 
59337.410757 -2.626878 
59337.421985 -2.626986 
59337.433213 -2.627088 
59337.444440 -2.627183 
59337.455668 -2.627273 
59337.466896 -2.627357 
59337.478124 -2.627434 
59337.489352 -2.627506 
59337.500580 -2.627572 
59337.511808 -2.627631 
59337.523036 -2.627684 
59337.534263 -2.627731 
59337.545491 -2.627773 
59337.556719 -2.627807 
59337.567947 -2.627836 
59337.579175 -2.627859 
59337.590403 -2.627875 
59337.601631 -2.627886 
59337.612859 -2.627890 
59337.624086 -2.627888 
59337.635314 -2.627879 
59337.646542 -2.627865 
59337.657770 -2.627844 
59337.668998 -2.627817 
59337.680226 -2.627784 
59337.691454 -2.627744 
59337.702682 -2.627698 
59337.713909 -2.627646 
59337.725137 -2.627587 
59337.736365 -2.627523 
59337.747593 -2.627452 
59337.758821 -2.627374 
59337.770049 -2.627290 
59337.781277 -2.627200 
59337.792504 -2.627104 
59337.803732 -2.627001 
59337.814960 -2.626892 
59337.826188 -2.626776 
59337.837416 -2.626654 
59337.848644 -2.626525 
59337.859872 -2.626390 
59337.871100 -2.626249 
59337.882327 -2.626101 
59337.893555 -2.625947 
59337.904783 -2.625786 
59337.916011 -2.625619 
59337.927239 -2.625445 
59337.938467 -2.625265 
59337.949695 -2.625078 
59337.960923 -2.624885 
59337.972150 -2.624685 
59337.983378 -2.624479 
59337.994606 -2.624266 
59338.005834 -2.624046 
59338.017062 -2.623820 
59338.028290 -2.623587 
59338.039518 -2.623348 
59338.050745 -2.623102 
59338.061973 -2.622850 
59338.073201 -2.622591 
59338.084429 -2.622325 
59338.095657 -2.622053 
59338.106885 -2.621774 
59338.118113 -2.621488 
59338.129341 -2.621196 
59338.140568 -2.620897 
59338.151796 -2.620591 
59338.163024 -2.620278 
59338.174252 -2.619959 
59338.185480 -2.619633 
59338.196708 -2.619301 
59338.207936 -2.618961 
59338.219164 -2.618615 
59338.230391 -2.618262 
59338.241619 -2.617903 
59338.252847 -2.617536 
59338.264075 -2.617163 
59338.275303 -2.616783 
59338.286531 -2.616396 
59338.297759 -2.616003 
59338.308987 -2.615602 
59338.320214 -2.615195 
59338.331442 -2.614781 
59338.342670 -2.614360 
59338.353898 -2.613932 
59338.365126 -2.613497 
59338.376354 -2.613056 
59338.387582 -2.612607 
59338.398809 -2.612152 
59338.410037 -2.611690 
59338.421265 -2.611220 
59338.432493 -2.610744 
59338.443721 -2.610261 
59338.454949 -2.609771 
59338.466177 -2.609274 
59338.477405 -2.608770 
59338.488632 -2.608259 
59338.499860 -2.607741 
59338.511088 -2.607217 
59338.522316 -2.606685 
59338.533544 -2.606146 
59338.544772 -2.605600 
59338.556000 -2.605047 
59338.567228 -2.604487 
59338.578455 -2.603920 
59338.589683 -2.603346 
59338.600911 -2.602765 
59338.612139 -2.602177 
59338.623367 -2.601582 
59338.634595 -2.600979 
59338.645823 -2.600370 
59338.657051 -2.599754 
59338.668278 -2.599130 
59338.679506 -2.598499 
59338.690734 -2.597862 
59338.701962 -2.597217 
59338.713190 -2.596565 
59338.724418 -2.595905 
59338.735646 -2.595239 
59338.746873 -2.594565 
59338.758101 -2.593885 
59338.769329 -2.593197 
59338.780557 -2.592502 
59338.791785 -2.591800 
59338.803013 -2.591090 
59338.814241 -2.590374 
59338.825469 -2.589650 
59338.836696 -2.588919 
59338.847924 -2.588180 
59338.859152 -2.587435 
59338.870380 -2.586682 
59338.881608 -2.585922 
59338.892836 -2.585155 
59338.904064 -2.584380 
59338.915292 -2.583599 
59338.926519 -2.582810 
59338.937747 -2.582013 
59338.948975 -2.581210 
59338.960203 -2.580399 
59338.971431 -2.579580 
59338.982659 -2.578755 
59338.993887 -2.577922 
59339.005115 -2.577082 
59339.016342 -2.576234 
59339.027570 -2.575379 
59339.038798 -2.574517 
59339.050026 -2.573647 
59339.061254 -2.572770 
59339.072482 -2.571886 
59339.083710 -2.570994 
59339.094937 -2.570095 
59339.106165 -2.569189 
59339.117393 -2.568275 
59339.128621 -2.567354 
59339.139849 -2.566425 
59339.151077 -2.565489 
59339.162305 -2.564545 
59339.173533 -2.563595 
59339.184760 -2.562636 
59339.195988 -2.561670 
59339.207216 -2.560697 
59339.218444 -2.559717 
59339.229672 -2.558728 
59339.240900 -2.557733 
59339.252128 -2.556730 
59339.263356 -2.555719 
59339.274583 -2.554701 
59339.285811 -2.553676 
59339.297039 -2.552643 
59339.308267 -2.551602 
59339.319495 -2.550554 
59339.330723 -2.549499 
59339.341951 -2.548436 
59339.353178 -2.547365 
59339.364406 -2.546287 
59339.375634 -2.545202 
59339.386862 -2.544109 
59339.398090 -2.543008 
59339.409318 -2.541900 
59339.420546 -2.540784 
59339.431774 -2.539661 
59339.443001 -2.538530 
59339.454229 -2.537391 
59339.465457 -2.536245 
59339.476685 -2.535092 
59339.487913 -2.533931 
59339.499141 -2.532762 
59339.510369 -2.531586 
59339.521597 -2.530402 
59339.532824 -2.529210 
59339.544052 -2.528011 
59339.555280 -2.526804 
59339.566508 -2.525590 
59339.577736 -2.524368 
59339.588964 -2.523139 
59339.600192 -2.521901 
59339.611420 -2.520656 
59339.622647 -2.519404 
59339.633875 -2.518144 
59339.645103 -2.516876 
59339.656331 -2.515601 
59339.667559 -2.514318 
59339.678787 -2.513027 
59339.690015 -2.511729 
59339.701242 -2.510423 
59339.712470 -2.509109 
59339.723698 -2.507788 
59339.734926 -2.506458 
59339.746154 -2.505122 
59339.757382 -2.503777 
59339.768610 -2.502425 
59339.779838 -2.501065 
59339.791065 -2.499698 
59339.802293 -2.498323 
59339.813521 -2.496940 
59339.824749 -2.495549 
59339.835977 -2.494151 
59339.847205 -2.492745 
59339.858433 -2.491331 
59339.869661 -2.489910 
59339.880888 -2.488481 
59339.892116 -2.487044 
59339.903344 -2.485599 
59339.914572 -2.484147 
59339.925800 -2.482687 
59339.937028 -2.481219 
59339.948256 -2.479743 
59339.959484 -2.478260 
59339.970711 -2.476769 
59339.981939 -2.475270 
59339.993167 -2.473763 
59340.004395 -2.472249 
59340.015623 -2.470727 
59340.026851 -2.469197 
59340.038079 -2.467660 
59340.049306 -2.466114 
59340.060534 -2.464561 
59340.071762 -2.463000 
59340.082990 -2.461432 
59340.094218 -2.459855 
59340.105446 -2.458271 
59340.116674 -2.456679 
59340.127902 -2.455079 
59340.139129 -2.453472 
59340.150357 -2.451856 
59340.161585 -2.450233 
59340.172813 -2.448602 
59340.184041 -2.446964 
59340.195269 -2.445317 
59340.206497 -2.443663 
59340.217725 -2.442001 
59340.228952 -2.440331 
59340.240180 -2.438653 
59340.251408 -2.436968 
59340.262636 -2.435275 
59340.273864 -2.433574 
59340.285092 -2.431865 
59340.296320 -2.430148 
59340.307548 -2.428424 
59340.318775 -2.426691 
59340.330003 -2.424951 
59340.341231 -2.423203 
59340.352459 -2.421448 
59340.363687 -2.419684 
59340.374915 -2.417913 
59340.386143 -2.416134 
59340.397370 -2.414347 
59340.408598 -2.412552 
59340.419826 -2.410749 
59340.431054 -2.408939 
59340.442282 -2.407121 
59340.453510 -2.405295 
59340.464738 -2.403461 
59340.475966 -2.401619 
59340.487193 -2.399770 
59340.498421 -2.397913 
59340.509649 -2.396047 
59340.520877 -2.394174 
59340.532105 -2.392294 
59340.543333 -2.390405 
59340.554561 -2.388509 
59340.565789 -2.386605 
59340.577016 -2.384693 
59340.588244 -2.382773 
59340.599472 -2.380845 
59340.610700 -2.378910 
59340.621928 -2.376966 
59340.633156 -2.375015 
59340.644384 -2.373056 
59340.655611 -2.371090 
59340.666839 -2.369115 
59340.678067 -2.367133 
59340.689295 -2.365143 
59340.700523 -2.363145 
59340.711751 -2.361139 
59340.722979 -2.359125 
59340.734207 -2.357104 
59340.745434 -2.355075 
59340.756662 -2.353037 
59340.767890 -2.350993 
59340.779118 -2.348940 
59340.790346 -2.346880 
59340.801574 -2.344811 
59340.812802 -2.342735 
59340.824030 -2.340651 
59340.835257 -2.338560 
59340.846485 -2.336460 
59340.857713 -2.334353 
59340.868941 -2.332238 
59340.880169 -2.330115 
59340.891397 -2.327984 
59340.902625 -2.325846 
59340.913853 -2.323700 
59340.925080 -2.321546 
59340.936308 -2.319384 
59340.947536 -2.317215 
59340.958764 -2.315037 
59340.969992 -2.312852 
59340.981220 -2.310659 
59340.992448 -2.308458 
59341.003675 -2.306250 
59341.014903 -2.304034 
59341.026131 -2.301810 
59341.037359 -2.299578 
59341.048587 -2.297339 
59341.059815 -2.295091 
59341.071043 -2.292836 
59341.082271 -2.290574 
59341.093498 -2.288303 
59341.104726 -2.286025 
59341.115954 -2.283739 
59341.127182 -2.281445 
59341.138410 -2.279143 
59341.149638 -2.276834 
59341.160866 -2.274517 
59341.172094 -2.272193 
59341.183321 -2.269860 
59341.194549 -2.267520 
59341.205777 -2.265172 
59341.217005 -2.262816 
59341.228233 -2.260453 
59341.239461 -2.258082 
59341.250689 -2.255703 
59341.261917 -2.253317 
59341.273144 -2.250923 
59341.284372 -2.248521 
59341.295600 -2.246112 
59341.306828 -2.243694 
59341.318056 -2.241269 
59341.329284 -2.238837 
59341.340512 -2.236397 
59341.351739 -2.233949 
59341.362967 -2.231493 
59341.374195 -2.229030 
59341.385423 -2.226559 
59341.396651 -2.224080 
59341.407879 -2.221594 
59341.419107 -2.219100 
59341.430335 -2.216599 
59341.441562 -2.214090 
59341.452790 -2.211573 
59341.464018 -2.209049 
59341.475246 -2.206517 
59341.486474 -2.203977 
59341.497702 -2.201430 
59341.508930 -2.198875 
59341.520158 -2.196312 
59341.531385 -2.193742 
59341.542613 -2.191165 
59341.553841 -2.188579 
59341.565069 -2.185986 
59341.576297 -2.183386 
59341.587525 -2.180778 
59341.598753 -2.178163 
59341.609981 -2.175539 
59341.621208 -2.172909 
59341.632436 -2.170271 
59341.643664 -2.167625 
59341.654892 -2.164971 
59341.666120 -2.162311 
59341.677348 -2.159642 
59341.688576 -2.156966 
59341.699803 -2.154283 
59341.711031 -2.151592 
59341.722259 -2.148894 
59341.733487 -2.146188 
59341.744715 -2.143474 
59341.755943 -2.140753 
59341.767171 -2.138025 
59341.778399 -2.135289 
59341.789626 -2.132546 
59341.800854 -2.129795 
59341.812082 -2.127037 
59341.823310 -2.124271 
59341.834538 -2.121498 
59341.845766 -2.118717 
59341.856994 -2.115929 
59341.868222 -2.113134 
59341.879449 -2.110331 
59341.890677 -2.107521 
59341.901905 -2.104703 
59341.913133 -2.101878 
59341.924361 -2.099046 
59341.935589 -2.096206 
59341.946817 -2.093359 
59341.958044 -2.090504 
59341.969272 -2.087643 
59341.980500 -2.084773 
59341.991728 -2.081897 
59342.002956 -2.079013 
59342.014184 -2.076122 
59342.025412 -2.073223 
59342.036640 -2.070317 
59342.047867 -2.067404 
59342.059095 -2.064484 
59342.070323 -2.061556 
59342.081551 -2.058621 
59342.092779 -2.055678 
59342.104007 -2.052729 
59342.115235 -2.049772 
59342.126463 -2.046808 
59342.137690 -2.043837 
59342.148918 -2.040858 
59342.160146 -2.037872 
59342.171374 -2.034879 
59342.182602 -2.031879 
59342.193830 -2.028872 
59342.205058 -2.025857 
59342.216286 -2.022835 
59342.227513 -2.019806 
59342.238741 -2.016770 
59342.249969 -2.013727 
59342.261197 -2.010677 
59342.272425 -2.007619 
59342.283653 -2.004554 
59342.294881 -2.001483 
59342.306108 -1.998404 
59342.317336 -1.995318 
59342.328564 -1.992225 
59342.339792 -1.989124 
59342.351020 -1.986017 
59342.362248 -1.982903 
59342.373476 -1.979782 
59342.384704 -1.976653 
59342.395931 -1.973518 
59342.407159 -1.970375 
59342.418387 -1.967226 
59342.429615 -1.964069 
59342.440843 -1.960906 
59342.452071 -1.957735 
59342.463299 -1.954558 
59342.474527 -1.951373 
59342.485754 -1.948182 
59342.496982 -1.944984 
59342.508210 -1.941778 
59342.519438 -1.938566 
59342.530666 -1.935347 
59342.541894 -1.932121 
59342.553122 -1.928888 
59342.564350 -1.925648 
59342.575577 -1.922401 
59342.586805 -1.919148 
59342.598033 -1.915887 
59342.609261 -1.912620 
59342.620489 -1.909346 
59342.631717 -1.906065 
59342.642945 -1.902777 
59342.654172 -1.899483 
59342.665400 -1.896182 
59342.676628 -1.892874 
59342.687856 -1.889559 
59342.699084 -1.886237 
59342.710312 -1.882909 
59342.721540 -1.879574 
59342.732768 -1.876232 
59342.743995 -1.872883 
59342.755223 -1.869528 
59342.766451 -1.866166 
59342.777679 -1.862797 
59342.788907 -1.859422 
59342.800135 -1.856040 
59342.811363 -1.852652 
59342.822591 -1.849256 
59342.833818 -1.845855 
59342.845046 -1.842446 
59342.856274 -1.839031 
59342.867502 -1.835610 
59342.878730 -1.832181 
59342.889958 -1.828747 
59342.901186 -1.825305 
59342.912413 -1.821857 
59342.923641 -1.818403 
59342.934869 -1.814942 
59342.946097 -1.811475 
59342.957325 -1.808001 
59342.968553 -1.804521 
59342.979781 -1.801034 
59342.991009 -1.797541 
59343.002236 -1.794041 
59343.013464 -1.790535 
59343.024692 -1.787022 
59343.035920 -1.783503 
59343.047148 -1.779978 
59343.058376 -1.776446 
59343.069604 -1.772908 
59343.080832 -1.769364 
59343.092059 -1.765813 
59343.103287 -1.762256 
59343.114515 -1.758693 
59343.125743 -1.755123 
59343.136971 -1.751547 
59343.148199 -1.747965 
59343.159427 -1.744376 
59343.170655 -1.740782 
59343.181882 -1.737181 
59343.193110 -1.733573 
59343.204338 -1.729960 
59343.215566 -1.726341 
59343.226794 -1.722715 
59343.238022 -1.719083 
59343.249250 -1.715445 
59343.260477 -1.711801 
59343.271705 -1.708150 
59343.282933 -1.704494 
59343.294161 -1.700831 
59343.305389 -1.697163 
59343.316617 -1.693488 
59343.327845 -1.689807 
59343.339073 -1.686121 
59343.350300 -1.682428 
59343.361528 -1.678729 
59343.372756 -1.675024 
59343.383984 -1.671314 
59343.395212 -1.667597 
59343.406440 -1.663874 
59343.417668 -1.660146 
59343.428896 -1.656411 
59343.440123 -1.652671 
59343.451351 -1.648924 
59343.462579 -1.645172 
59343.473807 -1.641414 
59343.485035 -1.637650 
59343.496263 -1.633880 
59343.507491 -1.630105 
59343.518719 -1.626323 
59343.529946 -1.622536 
59343.541174 -1.618743 
59343.552402 -1.614945 
59343.563630 -1.611140 
59343.574858 -1.607330 
59343.586086 -1.603514 
59343.597314 -1.599692 
59343.608541 -1.595865 
59343.619769 -1.592032 
59343.630997 -1.588194 
59343.642225 -1.584349 
59343.653453 -1.580499 
59343.664681 -1.576644 
59343.675909 -1.572783 
59343.687137 -1.568916 
59343.698364 -1.565044 
59343.709592 -1.561166 
59343.720820 -1.557283 
59343.732048 -1.553394 
59343.743276 -1.549500 
59343.754504 -1.545600 
59343.765732 -1.541695 
59343.776960 -1.537784 
59343.788187 -1.533868 
59343.799415 -1.529947 
59343.810643 -1.526020 
59343.821871 -1.522087 
59343.833099 -1.518150 
59343.844327 -1.514207 
59343.855555 -1.510258 
59343.866783 -1.506305 
59343.878010 -1.502346 
59343.889238 -1.498381 
59343.900466 -1.494412 
59343.911694 -1.490437 
59343.922922 -1.486457 
59343.934150 -1.482472 
59343.945378 -1.478481 
59343.956605 -1.474486 
59343.967833 -1.470485 
59343.979061 -1.466479 
59343.990289 -1.462468 
59344.001517 -1.458451 
59344.012745 -1.454430 
59344.023973 -1.450404 
59344.035201 -1.446372 
59344.046428 -1.442336 
59344.057656 -1.438294 
59344.068884 -1.434248 
59344.080112 -1.430196 
59344.091340 -1.426139 
59344.102568 -1.422078 
59344.113796 -1.418011 
59344.125024 -1.413940 
59344.136251 -1.409864 
59344.147479 -1.405782 
59344.158707 -1.401696 
59344.169935 -1.397605 
59344.181163 -1.393510 
59344.192391 -1.389409 
59344.203619 -1.385303 
59344.214846 -1.381193 
59344.226074 -1.377078 
59344.237302 -1.372958 
59344.248530 -1.368834 
59344.259758 -1.364705 
59344.270986 -1.360571 
59344.282214 -1.356432 
59344.293442 -1.352289 
59344.304669 -1.348141 
59344.315897 -1.343989 
59344.327125 -1.339831 
59344.338353 -1.335670 
59344.349581 -1.331503 
59344.360809 -1.327333 
59344.372037 -1.323157 
59344.383265 -1.318977 
59344.394492 -1.314793 
59344.405720 -1.310604 
59344.416948 -1.306411 
59344.428176 -1.302213 
59344.439404 -1.298010 
59344.450632 -1.293804 
59344.461860 -1.289593 
59344.473088 -1.285377 
59344.484315 -1.281158 
59344.495543 -1.276933 
59344.506771 -1.272705 
59344.517999 -1.268472 
59344.529227 -1.264235 
59344.540455 -1.259994 
59344.551683 -1.255749 
59344.562910 -1.251499 
59344.574138 -1.247245 
59344.585366 -1.242987 
59344.596594 -1.238725 
59344.607822 -1.234458 
59344.619050 -1.230188 
59344.630278 -1.225913 
59344.641506 -1.221634 
59344.652733 -1.217351 
59344.663961 -1.213065 
59344.675189 -1.208774 
59344.686417 -1.204479 
59344.697645 -1.200180 
59344.708873 -1.195877 
59344.720101 -1.191570 
59344.731329 -1.187259 
59344.742556 -1.182945 
59344.753784 -1.178626 
59344.765012 -1.174304 
59344.776240 -1.169977 
59344.787468 -1.165647 
59344.798696 -1.161313 
59344.809924 -1.156976 
59344.821152 -1.152634 
59344.832379 -1.148289 
59344.843607 -1.143940 
59344.854835 -1.139587 
59344.866063 -1.135231 
59344.877291 -1.130870 
59344.888519 -1.126507 
59344.899747 -1.122139 
59344.910974 -1.117768 
59344.922202 -1.113394 
59344.933430 -1.109015 
59344.944658 -1.104634 
59344.955886 -1.100248 
59344.967114 -1.095859 
59344.978342 -1.091467 
59344.989570 -1.087071 
59345.000797 -1.082672 
59345.012025 -1.078269 
59345.023253 -1.073863 
59345.034481 -1.069454 
59345.045709 -1.065041 
59345.056937 -1.060624 
59345.068165 -1.056205 
59345.079393 -1.051782 
59345.090620 -1.047356 
59345.101848 -1.042926 
59345.113076 -1.038494 
59345.124304 -1.034058 
59345.135532 -1.029618 
59345.146760 -1.025176 
59345.157988 -1.020730 
59345.169216 -1.016282 
59345.180443 -1.011830 
59345.191671 -1.007375 
59345.202899 -1.002917 
59345.214127 -0.998456 
59345.225355 -0.993992 
59345.236583 -0.989524 
59345.247811 -0.985054 
59345.259038 -0.980581 
59345.270266 -0.976105 
59345.281494 -0.971626 
59345.292722 -0.967144 
59345.303950 -0.962659 
59345.315178 -0.958171 
59345.326406 -0.953680 
59345.337634 -0.949187 
59345.348861 -0.944690 
59345.360089 -0.940191 
59345.371317 -0.935689 
59345.382545 -0.931185 
59345.393773 -0.926677 
59345.405001 -0.922167 
59345.416229 -0.917654 
59345.427457 -0.913139 
59345.438684 -0.908620 
59345.449912 -0.904100 
59345.461140 -0.899576 
59345.472368 -0.895050 
59345.483596 -0.890522 
59345.494824 -0.885991 
59345.506052 -0.881457 
59345.517279 -0.876921 
59345.528507 -0.872382 
59345.539735 -0.867841 
59345.550963 -0.863298 
59345.562191 -0.858752 
59345.573419 -0.854203 
59345.584647 -0.849653 
59345.595875 -0.845100 
59345.607102 -0.840544 
59345.618330 -0.835987 
59345.629558 -0.831427 
59345.640786 -0.826864 
59345.652014 -0.822300 
59345.663242 -0.817733 
59345.674470 -0.813164 
59345.685698 -0.808593 
59345.696925 -0.804020 
59345.708153 -0.799444 
59345.719381 -0.794867 
59345.730609 -0.790287 
59345.741837 -0.785706 
59345.753065 -0.781122 
59345.764293 -0.776536 
59345.775521 -0.771948 
59345.786748 -0.767358 
59345.797976 -0.762767 
59345.809204 -0.758173 
59345.820432 -0.753577 
59345.831660 -0.748980 
59345.842888 -0.744380 
59345.854116 -0.739779 
59345.865343 -0.735176 
59345.876571 -0.730571 
59345.887799 -0.725965 
59345.899027 -0.721356 
59345.910255 -0.716746 
59345.921483 -0.712134 
59345.932711 -0.707520 
59345.943939 -0.702905 
59345.955166 -0.698288 
59345.966394 -0.693669 
59345.977622 -0.689049 
59345.988850 -0.684427 
59346.000078 -0.679804 
59346.011306 -0.675179 
59346.022534 -0.670552 
59346.033762 -0.665924 
59346.044989 -0.661295 
59346.056217 -0.656664 
59346.067445 -0.652032 
59346.078673 -0.647398 
59346.089901 -0.642763 
59346.101129 -0.638126 
59346.112357 -0.633488 
59346.123585 -0.628849 
59346.134812 -0.624208 
59346.146040 -0.619567 
59346.157268 -0.614923 
59346.168496 -0.610279 
59346.179724 -0.605634 
59346.190952 -0.600987 
59346.202180 -0.596339 
59346.213407 -0.591690 
59346.224635 -0.587040 
59346.235863 -0.582388 
59346.247091 -0.577736 
59346.258319 -0.573082 
59346.269547 -0.568428 
59346.280775 -0.563772 
59346.292003 -0.559116 
59346.303230 -0.554458 
59346.314458 -0.549800 
59346.325686 -0.545140 
59346.336914 -0.540480 
59346.348142 -0.535819 
59346.359370 -0.531157 
59346.370598 -0.526494 
59346.381826 -0.521830 
59346.393053 -0.517166 
59346.404281 -0.512500 
59346.415509 -0.507834 
59346.426737 -0.503167 
59346.437965 -0.498500 
59346.449193 -0.493832 
59346.460421 -0.489163 
59346.471649 -0.484493 
59346.482876 -0.479823 
59346.494104 -0.475152 
59346.505332 -0.470481 
59346.516560 -0.465809 
59346.527788 -0.461137 
59346.539016 -0.456464 
59346.550244 -0.451791 
59346.561471 -0.447117 
59346.572699 -0.442443 
59346.583927 -0.437768 
59346.595155 -0.433093 
59346.606383 -0.428417 
59346.617611 -0.423741 
59346.628839 -0.419065 
59346.640067 -0.414389 
59346.651294 -0.409712 
59346.662522 -0.405035 
59346.673750 -0.400358 
59346.684978 -0.395680 
59346.696206 -0.391003 
59346.707434 -0.386325 
59346.718662 -0.381647 
59346.729890 -0.376969 
59346.741117 -0.372290 
59346.752345 -0.367612 
59346.763573 -0.362934 
59346.774801 -0.358255 
59346.786029 -0.353577 
59346.797257 -0.348898 
59346.808485 -0.344220 
59346.819712 -0.339541 
59346.830940 -0.334863 
59346.842168 -0.330185 
59346.853396 -0.325507 
59346.864624 -0.320829 
59346.875852 -0.316151 
59346.887080 -0.311473 
59346.898308 -0.306796 
59346.909535 -0.302119 
59346.920763 -0.297442 
59346.931991 -0.292765 
59346.943219 -0.288088 
59346.954447 -0.283412 
59346.965675 -0.278737 
59346.976903 -0.274061 
59346.988131 -0.269386 
59346.999358 -0.264712 
59347.010586 -0.260037 
59347.021814 -0.255364 
59347.033042 -0.250690 
59347.044270 -0.246017 
59347.055498 -0.241345 
59347.066726 -0.236673 
59347.077954 -0.232002 
59347.089181 -0.227332 
59347.100409 -0.222662 
59347.111637 -0.217992 
59347.122865 -0.213323 
59347.134093 -0.208655 
59347.145321 -0.203988 
59347.156549 -0.199321 
59347.167776 -0.194655 
59347.179004 -0.189990 
59347.190232 -0.185326 
59347.201460 -0.180662 
59347.212688 -0.175999 
59347.223916 -0.171337 
59347.235144 -0.166676 
59347.246372 -0.162016 
59347.257599 -0.157357 
59347.268827 -0.152698 
59347.280055 -0.148041 
59347.291283 -0.143384 
59347.302511 -0.138729 
59347.313739 -0.134075 
59347.324967 -0.129421 
59347.336195 -0.124769 
59347.347422 -0.120118 
59347.358650 -0.115467 
59347.369878 -0.110818 
59347.381106 -0.106171 
59347.392334 -0.101524 
59347.403562 -0.096878 
59347.414790 -0.092234 
59347.426018 -0.087591 
59347.437245 -0.082949 
59347.448473 -0.078309 
59347.459701 -0.073669 
59347.470929 -0.069031 
59347.482157 -0.064395 
59347.493385 -0.059760 
59347.504613 -0.055126 
59347.515840 -0.050493 
59347.527068 -0.045863 
59347.538296 -0.041233 
59347.549524 -0.036605 
59347.560752 -0.031978 
59347.571980 -0.027353 
59347.583208 -0.022730 
59347.594436 -0.018108 
59347.605663 -0.013488 
59347.616891 -0.008869 
59347.628119 -0.004252 
59347.639347 0.000364 
59347.650575 0.004978 
59347.661803 0.009590 
59347.673031 0.014200 
59347.684259 0.018809 
59347.695486 0.023416 
59347.706714 0.028021 
59347.717942 0.032625 
59347.729170 0.037226 
59347.740398 0.041826 
59347.751626 0.046424 
59347.762854 0.051020 
59347.774082 0.055614 
59347.785309 0.060206 
59347.796537 0.064796 
59347.807765 0.069385 
59347.818993 0.073971 
59347.830221 0.078555 
59347.841449 0.083137 
59347.852677 0.087718 
59347.863904 0.092296 
59347.875132 0.096872 
59347.886360 0.101446 
59347.897588 0.106018 
59347.908816 0.110587 
59347.920044 0.115155 
59347.931272 0.119720 
59347.942500 0.124283 
59347.953727 0.128844 
59347.964955 0.133403 
59347.976183 0.137959 
59347.987411 0.142513 
59347.998639 0.147065 
59348.009867 0.151614 
59348.021095 0.156161 
59348.032323 0.160706 
59348.043550 0.165248 
59348.054778 0.169788 
59348.066006 0.174325 
59348.077234 0.178860 
59348.088462 0.183393 
59348.099690 0.187923 
59348.110918 0.192450 
59348.122145 0.196975 
59348.133373 0.201497 
59348.144601 0.206017 
59348.155829 0.210534 
59348.167057 0.215049 
59348.178285 0.219560 
59348.189513 0.224070 
59348.200741 0.228576 
59348.211968 0.233080 
59348.223196 0.237581 
59348.234424 0.242079 
59348.245652 0.246575 
59348.256880 0.251068 
59348.268108 0.255558 
59348.279336 0.260045 
59348.290564 0.264529 
59348.301791 0.269010 
59348.313019 0.273489 
59348.324247 0.277965 
59348.335475 0.282437 
59348.346703 0.286907 
59348.357931 0.291374 
59348.369159 0.295838 
59348.380387 0.300299 
59348.391614 0.304756 
59348.402842 0.309211 
59348.414070 0.313663 
59348.425298 0.318111 
59348.436526 0.322557 
59348.447754 0.326999 
59348.458982 0.331438 
59348.470209 0.335875 
59348.481437 0.340307 
59348.492665 0.344737 
59348.503893 0.349164 
59348.515121 0.353587 
59348.526349 0.358007 
59348.537577 0.362423 
59348.548805 0.366837 
59348.560032 0.371247 
59348.571260 0.375654 
59348.582488 0.380057 
59348.593716 0.384457 
59348.604944 0.388854 
59348.616172 0.393247 
59348.627400 0.397637 
59348.638628 0.402023 
59348.649855 0.406406 
59348.661083 0.410785 
59348.672311 0.415161 
59348.683539 0.419533 
59348.694767 0.423902 
59348.705995 0.428267 
59348.717223 0.432629 
59348.728451 0.436987 
59348.739678 0.441342 
59348.750906 0.445692 
59348.762134 0.450040 
59348.773362 0.454383 
59348.784590 0.458723 
59348.795818 0.463059 
59348.807046 0.467391 
59348.818273 0.471720 
59348.829501 0.476045 
59348.840729 0.480366 
59348.851957 0.484683 
59348.863185 0.488996 
59348.874413 0.493306 
59348.885641 0.497611 
59348.896869 0.501913 
59348.908096 0.506211 
59348.919324 0.510505 
59348.930552 0.514795 
59348.941780 0.519081 
59348.953008 0.523364 
59348.964236 0.527642 
59348.975464 0.531916 
59348.986692 0.536186 
59348.997919 0.540452 
59349.009147 0.544714 
59349.020375 0.548972 
59349.031603 0.553226 
59349.042831 0.557476 
59349.054059 0.561722 
59349.065287 0.565963 
59349.076515 0.570201 
59349.087742 0.574434 
59349.098970 0.578663 
59349.110198 0.582887 
59349.121426 0.587108 
59349.132654 0.591324 
59349.143882 0.595536 
59349.155110 0.599744 
59349.166337 0.603947 
59349.177565 0.608147 
59349.188793 0.612341 
59349.200021 0.616532 
59349.211249 0.620718 
59349.222477 0.624899 
59349.233705 0.629077 
59349.244933 0.633250 
59349.256160 0.637418 
59349.267388 0.641582 
59349.278616 0.645741 
59349.289844 0.649896 
59349.301072 0.654047 
59349.312300 0.658193 
59349.323528 0.662334 
59349.334756 0.666471 
59349.345983 0.670603 
59349.357211 0.674731 
59349.368439 0.678854 
59349.379667 0.682973 
59349.390895 0.687087 
59349.402123 0.691196 
59349.413351 0.695300 
59349.424578 0.699400 
59349.435806 0.703495 
59349.447034 0.707586 
59349.458262 0.711672 
59349.469490 0.715752 
59349.480718 0.719829 
59349.491946 0.723900 
59349.503174 0.727967 
59349.514401 0.732028 
59349.525629 0.736085 
59349.536857 0.740138 
59349.548085 0.744185 
59349.559313 0.748227 
59349.570541 0.752265 
59349.581769 0.756297 
59349.592997 0.760325 
59349.604224 0.764348 
59349.615452 0.768365 
59349.626680 0.772378 
59349.637908 0.776386 
59349.649136 0.780389 
59349.660364 0.784387 
59349.671592 0.788379 
59349.682820 0.792367 
59349.694047 0.796350 
59349.705275 0.800327 
59349.716503 0.804300 
59349.727731 0.808267 
59349.738959 0.812229 
59349.750187 0.816186 
59349.761415 0.820138 
59349.772642 0.824085 
59349.783870 0.828027 
59349.795098 0.831963 
59349.806326 0.835894 
59349.817554 0.839820 
59349.828782 0.843741 
59349.840010 0.847657 
59349.851238 0.851567 
59349.862465 0.855472 
59349.873693 0.859371 
59349.884921 0.863266 
59349.896149 0.867155 
59349.907377 0.871038 
59349.918605 0.874917 
59349.929833 0.878790 
59349.941061 0.882657 
59349.952288 0.886519 
59349.963516 0.890376 
59349.974744 0.894227 
59349.985972 0.898073 
59349.997200 0.901914 
59350.008428 0.905749 
59350.019656 0.909578 
59350.030884 0.913402 
59350.042111 0.917221 
59350.053339 0.921034 
59350.064567 0.924841 
59350.075795 0.928643 
59350.087023 0.932439 
59350.098251 0.936230 
59350.109479 0.940015 
59350.120706 0.943795 
59350.131934 0.947568 
59350.143162 0.951337 
59350.154390 0.955099 
59350.165618 0.958856 
59350.176846 0.962608 
59350.188074 0.966353 
59350.199302 0.970093 
59350.210529 0.973828 
59350.221757 0.977556 
59350.232985 0.981279 
59350.244213 0.984996 
59350.255441 0.988707 
59350.266669 0.992413 
59350.277897 0.996112 
59350.289125 0.999806 
59350.300352 1.003495 
59350.311580 1.007177 
59350.322808 1.010853 
59350.334036 1.014524 
59350.345264 1.018189 
59350.356492 1.021848 
59350.367720 1.025501 
59350.378948 1.029148 
59350.390175 1.032789 
59350.401403 1.036424 
59350.412631 1.040054 
59350.423859 1.043677 
59350.435087 1.047295 
59350.446315 1.050906 
59350.457543 1.054512 
59350.468770 1.058111 
59350.479998 1.061705 
59350.491226 1.065292 
59350.502454 1.068874 
59350.513682 1.072449 
59350.524910 1.076018 
59350.536138 1.079582 
59350.547366 1.083139 
59350.558593 1.086690 
59350.569821 1.090235 
59350.581049 1.093774 
59350.592277 1.097307 
59350.603505 1.100834 
59350.614733 1.104355 
59350.625961 1.107869 
59350.637189 1.111377 
59350.648416 1.114879 
59350.659644 1.118375 
59350.670872 1.121865 
59350.682100 1.125349 
59350.693328 1.128826 
59350.704556 1.132297 
59350.715784 1.135762 
59350.727011 1.139221 
59350.738239 1.142673 
59350.749467 1.146119 
59350.760695 1.149559 
59350.771923 1.152992 
59350.783151 1.156420 
59350.794379 1.159841 
59350.805607 1.163255 
59350.816834 1.166664 
59350.828062 1.170065 
59350.839290 1.173461 
59350.850518 1.176850 
59350.861746 1.180233 
59350.872974 1.183610 
59350.884202 1.186980 
59350.895430 1.190343 
59350.906657 1.193701 
59350.917885 1.197052 
59350.929113 1.200396 
59350.940341 1.203734 
59350.951569 1.207066 
59350.962797 1.210391 
59350.974025 1.213709 
59350.985253 1.217021 
59350.996480 1.220327 
59351.007708 1.223626 
59351.018936 1.226919 
59351.030164 1.230205 
59351.041392 1.233485 
59351.052620 1.236758 
59351.063848 1.240025 
59351.075075 1.243285 
59351.086303 1.246538 
59351.097531 1.249785 
59351.108759 1.253025 
59351.119987 1.256259 
59351.131215 1.259486 
59351.142443 1.262707 
59351.153671 1.265921 
59351.164898 1.269128 
59351.176126 1.272329 
59351.187354 1.275523 
59351.198582 1.278710 
59351.209810 1.281891 
59351.221038 1.285065 
59351.232266 1.288233 
59351.243494 1.291394 
59351.254721 1.294548 
59351.265949 1.297695 
59351.277177 1.300836 
59351.288405 1.303970 
59351.299633 1.307097 
59351.310861 1.310218 
59351.322089 1.313332 
59351.333317 1.316439 
59351.344544 1.319539 
59351.355772 1.322633 
59351.367000 1.325719 
59351.378228 1.328800 
59351.389456 1.331873 
59351.400684 1.334939 
59351.411912 1.337999 
59351.423139 1.341052 
59351.434367 1.344098 
59351.445595 1.347137 
59351.456823 1.350170 
59351.468051 1.353196 
59351.479279 1.356215 
59351.490507 1.359227 
59351.501735 1.362232 
59351.512962 1.365230 
59351.524190 1.368221 
59351.535418 1.371206 
59351.546646 1.374184 
59351.557874 1.377155 
59351.569102 1.380118 
59351.580330 1.383076 
59351.591558 1.386026 
59351.602785 1.388969 
59351.614013 1.391905 
59351.625241 1.394835 
59351.636469 1.397757 
59351.647697 1.400673 
59351.658925 1.403581 
59351.670153 1.406483 
59351.681381 1.409378 
59351.692608 1.412265 
59351.703836 1.415146 
59351.715064 1.418020 
59351.726292 1.420887 
59351.737520 1.423747 
59351.748748 1.426600 
59351.759976 1.429446 
59351.771203 1.432285 
59351.782431 1.435117 
59351.793659 1.437941 
59351.804887 1.440759 
59351.816115 1.443570 
59351.827343 1.446374 
59351.838571 1.449171 
59351.849799 1.451961 
59351.861026 1.454744 
59351.872254 1.457519 
59351.883482 1.460288 
59351.894710 1.463050 
59351.905938 1.465804 
59351.917166 1.468552 
59351.928394 1.471292 
59351.939622 1.474025 
59351.950849 1.476752 
59351.962077 1.479471 
59351.973305 1.482183 
59351.984533 1.484888 
59351.995761 1.487586 
59352.006989 1.490277 
59352.018217 1.492961 
59352.029444 1.495637 
59352.040672 1.498307 
59352.051900 1.500969 
59352.063128 1.503624 
59352.074356 1.506272 
59352.085584 1.508913 
59352.096812 1.511547 
59352.108040 1.514174 
59352.119267 1.516794 
59352.130495 1.519406 
59352.141723 1.522011 
59352.152951 1.524609 
59352.164179 1.527200 
59352.175407 1.529784 
59352.186635 1.532361 
59352.197863 1.534930 
59352.209090 1.537493 
59352.220318 1.540048 
59352.231546 1.542596 
59352.242774 1.545136 
59352.254002 1.547670 
59352.265230 1.550196 
59352.276458 1.552716 
59352.287686 1.555228 
59352.298913 1.557732 
59352.310141 1.560230 
59352.321369 1.562720 
59352.332597 1.565204 
59352.343825 1.567680 
59352.355053 1.570148 
59352.366281 1.572610 
59352.377508 1.575064 
59352.388736 1.577511 
59352.399964 1.579951 
59352.411192 1.582384 
59352.422420 1.584809 
59352.433648 1.587228 
59352.444876 1.589639 
59352.456104 1.592042 
59352.467331 1.594439 
59352.478559 1.596828 
59352.489787 1.599210 
59352.501015 1.601585 
59352.512243 1.603952 
59352.523471 1.606312 
59352.534699 1.608665 
59352.545927 1.611011 
59352.557154 1.613350 
59352.568382 1.615681 
59352.579610 1.618005 
59352.590838 1.620322 
59352.602066 1.622631 
59352.613294 1.624933 
59352.624522 1.627228 
59352.635750 1.629516 
59352.646977 1.631796 
59352.658205 1.634069 
59352.669433 1.636335 
59352.680661 1.638594 
59352.691889 1.640845 
59352.703117 1.643089 
59352.714345 1.645326 
59352.725572 1.647555 
59352.736800 1.649777 
59352.748028 1.651992 
59352.759256 1.654200 
59352.770484 1.656400 
59352.781712 1.658593 
59352.792940 1.660779 
59352.804168 1.662957 
59352.815395 1.665128 
59352.826623 1.667292 
59352.837851 1.669449 
59352.849079 1.671598 
59352.860307 1.673740 
59352.871535 1.675875 
59352.882763 1.678002 
59352.893991 1.680122 
59352.905218 1.682235 
59352.916446 1.684340 
59352.927674 1.686439 
59352.938902 1.688530 
59352.950130 1.690613 
59352.961358 1.692690 
59352.972586 1.694759 
59352.983813 1.696820 
59352.995041 1.698875 
59353.006269 1.700922 
59353.017497 1.702962 
59353.028725 1.704994 
59353.039953 1.707020 
59353.051181 1.709038 
59353.062409 1.711048 
59353.073636 1.713052 
59353.084864 1.715048 
59353.096092 1.717037 
59353.107320 1.719018 
59353.118548 1.720992 
59353.129776 1.722959 
59353.141004 1.724919 
59353.152232 1.726871 
59353.163459 1.728816 
59353.174687 1.730754 
59353.185915 1.732685 
59353.197143 1.734608 
59353.208371 1.736524 
59353.219599 1.738432 
59353.230827 1.740334 
59353.242055 1.742228 
59353.253282 1.744114 
59353.264510 1.745994 
59353.275738 1.747866 
59353.286966 1.749731 
59353.298194 1.751589 
59353.309422 1.753439 
59353.320650 1.755282 
59353.331877 1.757118 
59353.343105 1.758946 
59353.354333 1.760768 
59353.365561 1.762582 
59353.376789 1.764388 
59353.388017 1.766188 
59353.399245 1.767980 
59353.410473 1.769765 
59353.421700 1.771543 
59353.432928 1.773313 
59353.444156 1.775076 
59353.455384 1.776832 
59353.466612 1.778581 
59353.477840 1.780322 
59353.489068 1.782056 
59353.500296 1.783783 
59353.511523 1.785502 
59353.522751 1.787215 
59353.533979 1.788920 
59353.545207 1.790618 
59353.556435 1.792308 
59353.567663 1.793992 
59353.578891 1.795668 
59353.590119 1.797337 
59353.601346 1.798999 
59353.612574 1.800653 
59353.623802 1.802300 
59353.635030 1.803940 
59353.646258 1.805573 
59353.657486 1.807199 
59353.668714 1.808817 
59353.679941 1.810428 
59353.691169 1.812032 
59353.702397 1.813629 
59353.713625 1.815218 
59353.724853 1.816801 
59353.736081 1.818376 
59353.747309 1.819944 
59353.758537 1.821504 
59353.769764 1.823058 
59353.780992 1.824604 
59353.792220 1.826143 
59353.803448 1.827675 
59353.814676 1.829200 
59353.825904 1.830718 
59353.837132 1.832228 
59353.848360 1.833732 
59353.859587 1.835228 
59353.870815 1.836717 
59353.882043 1.838199 
59353.893271 1.839673 
59353.904499 1.841141 
59353.915727 1.842601 
59353.926955 1.844054 
59353.938183 1.845500 
59353.949410 1.846939 
59353.960638 1.848371 
59353.971866 1.849796 
59353.983094 1.851213 
59353.994322 1.852624 
59354.005550 1.854027 
59354.016778 1.855423 
59354.028005 1.856812 
59354.039233 1.858194 
59354.050461 1.859569 
59354.061689 1.860937 
59354.072917 1.862297 
59354.084145 1.863651 
59354.095373 1.864997 
59354.106601 1.866337 
59354.117828 1.867669 
59354.129056 1.868994 
59354.140284 1.870313 
59354.151512 1.871624 
59354.162740 1.872928 
59354.173968 1.874225 
59354.185196 1.875515 
59354.196424 1.876797 
59354.207651 1.878073 
59354.218879 1.879342 
59354.230107 1.880604 
59354.241335 1.881859 
59354.252563 1.883106 
59354.263791 1.884347 
59354.275019 1.885581 
59354.286246 1.886807 
59354.297474 1.888027 
59354.308702 1.889240 
59354.319930 1.890445 
59354.331158 1.891644 
59354.342386 1.892836 
59354.353614 1.894020 
59354.364842 1.895198 
59354.376069 1.896369 
59354.387297 1.897533 
59354.398525 1.898690 
59354.409753 1.899839 
59354.420981 1.900982 
59354.432209 1.902118 
59354.443437 1.903247 
59354.454665 1.904369 
59354.465892 1.905485 
59354.477120 1.906593 
59354.488348 1.907694 
59354.499576 1.908789 
59354.510804 1.909876 
59354.522032 1.910957 
59354.533260 1.912030 
59354.544488 1.913097 
59354.555715 1.914157 
59354.566943 1.915210 
59354.578171 1.916256 
59354.589399 1.917296 
59354.600627 1.918328 
59354.611855 1.919353 
59354.623083 1.920372 
59354.634310 1.921384 
59354.645538 1.922389 
59354.656766 1.923387 
59354.667994 1.924379 
59354.679222 1.925363 
59354.690450 1.926341 
59354.701678 1.927312 
59354.712906 1.928276 
59354.724133 1.929233 
59354.735361 1.930184 
59354.746589 1.931127 
59354.757817 1.932064 
59354.769045 1.932995 
59354.780273 1.933918 
59354.791501 1.934835 
59354.802729 1.935745 
59354.813956 1.936648 
59354.825184 1.937544 
59354.836412 1.938434 
59354.847640 1.939317 
59354.858868 1.940193 
59354.870096 1.941062 
59354.881324 1.941925 
59354.892552 1.942781 
59354.903779 1.943630 
59354.915007 1.944473 
59354.926235 1.945309 
59354.937463 1.946138 
59354.948691 1.946961 
59354.959919 1.947777 
59354.971147 1.948586 
59354.982374 1.949389 
59354.993602 1.950185 
59355.004830 1.950975 
59355.016058 1.951757 
59355.027286 1.952533 
59355.038514 1.953303 
59355.049742 1.954066 
59355.060970 1.954822 
59355.072197 1.955572 
59355.083425 1.956315 
59355.094653 1.957052 
59355.105881 1.957781 
59355.117109 1.958505 
59355.128337 1.959222 
59355.139565 1.959932 
59355.150793 1.960636 
59355.162020 1.961333 
59355.173248 1.962024 
59355.184476 1.962708 
59355.195704 1.963385 
59355.206932 1.964056 
59355.218160 1.964721 
59355.229388 1.965379 
59355.240616 1.966031 
59355.251843 1.966676 
59355.263071 1.967315 
59355.274299 1.967947 
59355.285527 1.968573 
59355.296755 1.969192 
59355.307983 1.969805 
59355.319211 1.970411 
59355.330438 1.971011 
59355.341666 1.971605 
59355.352894 1.972192 
59355.364122 1.972773 
59355.375350 1.973347 
59355.386578 1.973915 
59355.397806 1.974477 
59355.409034 1.975032 
59355.420261 1.975581 
59355.431489 1.976123 
59355.442717 1.976659 
59355.453945 1.977189 
59355.465173 1.977713 
59355.476401 1.978230 
59355.487629 1.978741 
59355.498857 1.979245 
59355.510084 1.979743 
59355.521312 1.980235 
59355.532540 1.980721 
59355.543768 1.981200 
59355.554996 1.981673 
59355.566224 1.982140 
59355.577452 1.982601 
59355.588679 1.983055 
59355.599907 1.983503 
59355.611135 1.983945 
59355.622363 1.984380 
59355.633591 1.984810 
59355.644819 1.985233 
59355.656047 1.985650 
59355.667275 1.986061 
59355.678502 1.986466 
59355.689730 1.986864 
59355.700958 1.987256 
59355.712186 1.987643 
59355.723414 1.988023 
59355.734642 1.988396 
59355.745870 1.988764 
59355.757098 1.989126 
59355.768325 1.989481 
59355.779553 1.989831 
59355.790781 1.990174 
59355.802009 1.990511 
59355.813237 1.990842 
59355.824465 1.991168 
59355.835693 1.991487 
59355.846921 1.991800 
59355.858148 1.992106 
59355.869376 1.992407 
59355.880604 1.992702 
59355.891832 1.992991 
59355.903060 1.993274 
59355.914288 1.993551 
59355.925516 1.993822 
59355.936743 1.994087 
59355.947971 1.994345 
59355.959199 1.994598 
59355.970427 1.994845 
59355.981655 1.995086 
59355.992883 1.995321 
59356.004111 1.995551 
59356.015339 1.995774 
59356.026566 1.995991 
59356.037794 1.996203 
59356.049022 1.996408 
59356.060250 1.996608 
59356.071478 1.996802 
59356.082706 1.996990 
59356.093934 1.997172 
59356.105162 1.997348 
59356.116389 1.997518 
59356.127617 1.997683 
59356.138845 1.997842 
59356.150073 1.997994 
59356.161301 1.998142 
59356.172529 1.998283 
59356.183757 1.998418 
59356.194985 1.998548 
59356.206212 1.998672 
59356.217440 1.998791 
59356.228668 1.998903 
59356.239896 1.999010 
59356.251124 1.999111 
59356.262352 1.999206 
59356.273580 1.999296 
59356.284807 1.999380 
59356.296035 1.999458 
59356.307263 1.999531 
59356.318491 1.999597 
59356.329719 1.999659 
59356.340947 1.999714 
59356.352175 1.999764 
59356.363403 1.999809 
59356.374630 1.999847 
59356.385858 1.999880 
59356.397086 1.999908 
59356.408314 1.999930 
59356.419542 1.999946 
59356.430770 1.999957 
59356.441998 1.999962 
59356.453226 1.999961 
59356.464453 1.999955 
59356.475681 1.999944 
59356.486909 1.999927 
59356.498137 1.999904 
59356.509365 1.999876 
59356.520593 1.999843 
59356.531821 1.999804 
59356.543049 1.999759 
59356.554276 1.999709 
59356.565504 1.999654 
59356.576732 1.999593 
59356.587960 1.999527 
59356.599188 1.999455 
59356.610416 1.999378 
59356.621644 1.999295 
59356.632871 1.999207 
59356.644099 1.999114 
59356.655327 1.999015 
59356.666555 1.998911 
59356.677783 1.998802 
59356.689011 1.998687 
59356.700239 1.998567 
59356.711467 1.998441 
59356.722694 1.998310 
59356.733922 1.998174 
59356.745150 1.998033 
59356.756378 1.997886 
59356.767606 1.997734 
59356.778834 1.997577 
59356.790062 1.997414 
59356.801290 1.997246 
59356.812517 1.997073 
59356.823745 1.996895 
59356.834973 1.996712 
59356.846201 1.996523 
59356.857429 1.996329 
59356.868657 1.996130 
59356.879885 1.995926 
59356.891112 1.995717 
59356.902340 1.995502 
59356.913568 1.995282 
59356.924796 1.995057 
59356.936024 1.994828 
59356.947252 1.994592 
59356.958480 1.994352 
59356.969708 1.994107 
59356.980935 1.993857 
59356.992163 1.993601 
59357.003391 1.993341 
59357.014619 1.993075 
59357.025847 1.992804 
59357.037075 1.992529 
59357.048303 1.992248 
59357.059531 1.991962 
59357.070758 1.991672 
59357.081986 1.991376 
59357.093214 1.991075 
59357.104442 1.990770 
59357.115670 1.990459 
59357.126898 1.990144 
59357.138126 1.989823 
59357.149354 1.989498 
59357.160581 1.989167 
59357.171809 1.988832 
59357.183037 1.988492 
59357.194265 1.988147 
59357.205493 1.987797 
59357.216721 1.987442 
59357.227949 1.987082 
59357.239176 1.986718 
59357.250404 1.986349 
59357.261632 1.985974 
59357.272860 1.985595 
59357.284088 1.985212 
59357.295316 1.984823 
59357.306544 1.984430 
59357.317772 1.984031 
59357.328999 1.983629 
59357.340227 1.983221 
59357.351455 1.982809 
59357.362683 1.982391 
59357.373911 1.981970 
59357.385139 1.981543 
59357.396367 1.981112 
59357.407595 1.980676 
59357.418822 1.980235 
59357.430050 1.979790 
59357.441278 1.979340 
59357.452506 1.978885 
59357.463734 1.978426 
59357.474962 1.977962 
59357.486190 1.977494 
59357.497418 1.977021 
59357.508645 1.976543 
59357.519873 1.976061 
59357.531101 1.975574 
59357.542329 1.975083 
59357.553557 1.974587 
59357.564785 1.974086 
59357.576013 1.973581 
59357.587240 1.973072 
59357.598468 1.972558 
59357.609696 1.972039 
59357.620924 1.971516 
59357.632152 1.970989 
59357.643380 1.970457 
59357.654608 1.969921 
59357.665836 1.969380 
59357.677063 1.968835 
59357.688291 1.968285 
59357.699519 1.967731 
59357.710747 1.967172 
59357.721975 1.966609 
59357.733203 1.966042 
59357.744431 1.965471 
59357.755659 1.964895 
59357.766886 1.964314 
59357.778114 1.963730 
59357.789342 1.963141 
59357.800570 1.962548 
59357.811798 1.961950 
59357.823026 1.961348 
59357.834254 1.960742 
59357.845482 1.960132 
59357.856709 1.959517 
59357.867937 1.958898 
59357.879165 1.958275 
59357.890393 1.957648 
59357.901621 1.957016 
59357.912849 1.956380 
59357.924077 1.955740 
59357.935304 1.955096 
59357.946532 1.954448 
59357.957760 1.953796 
59357.968988 1.953139 
59357.980216 1.952478 
59357.991444 1.951813 
59358.002672 1.951144 
59358.013900 1.950471 
59358.025127 1.949794 
59358.036355 1.949113 
59358.047583 1.948428 
59358.058811 1.947738 
59358.070039 1.947045 
59358.081267 1.946348 
59358.092495 1.945646 
59358.103723 1.944941 
59358.114950 1.944231 
59358.126178 1.943518 
59358.137406 1.942800 
59358.148634 1.942079 
59358.159862 1.941353 
59358.171090 1.940624 
59358.182318 1.939891 
59358.193545 1.939154 
59358.204773 1.938413 
59358.216001 1.937668 
59358.227229 1.936919 
59358.238457 1.936166 
59358.249685 1.935409 
59358.260913 1.934649 
59358.272141 1.933885 
59358.283368 1.933117 
59358.294596 1.932345 
59358.305824 1.931569 
59358.317052 1.930789 
59358.328280 1.930006 
59358.339508 1.929219 
59358.350736 1.928428 
59358.361964 1.927633 
59358.373191 1.926835 
59358.384419 1.926032 
59358.395647 1.925227 
59358.406875 1.924417 
59358.418103 1.923604 
59358.429331 1.922787 
59358.440559 1.921966 
59358.451787 1.921142 
59358.463014 1.920314 
59358.474242 1.919482 
59358.485470 1.918647 
59358.496698 1.917808 
59358.507926 1.916966 
59358.519154 1.916120 
59358.530382 1.915270 
59358.541609 1.914417 
59358.552837 1.913560 
59358.564065 1.912700 
59358.575293 1.911836 
59358.586521 1.910968 
59358.597749 1.910097 
59358.608977 1.909223 
59358.620205 1.908345 
59358.631432 1.907464 
59358.642660 1.906579 
59358.653888 1.905690 
59358.665116 1.904798 
59358.676344 1.903903 
59358.687572 1.903005 
59358.698800 1.902102 
59358.710028 1.901197 
59358.721255 1.900288 
59358.732483 1.899376 
59358.743711 1.898460 
59358.754939 1.897541 
59358.766167 1.896619 
59358.777395 1.895693 
59358.788623 1.894764 
59358.799851 1.893832 
59358.811078 1.892896 
59358.822306 1.891957 
59358.833534 1.891015 
59358.844762 1.890070 
59358.855990 1.889121 
59358.867218 1.888169 
59358.878446 1.887214 
59358.889673 1.886255 
59358.900901 1.885294 
59358.912129 1.884329 
59358.923357 1.883361 
59358.934585 1.882390 
59358.945813 1.881415 
59358.957041 1.880438 
59358.968269 1.879457 
59358.979496 1.878473 
59358.990724 1.877486 
59359.001952 1.876496 
59359.013180 1.875503 
59359.024408 1.874507 
59359.035636 1.873508 
59359.046864 1.872505 
59359.058092 1.871500 
59359.069319 1.870492 
59359.080547 1.869480 
59359.091775 1.868466 
59359.103003 1.867448 
59359.114231 1.866428 
59359.125459 1.865404 
59359.136687 1.864378 
59359.147915 1.863349 
59359.159142 1.862316 
59359.170370 1.861281 
59359.181598 1.860243 
59359.192826 1.859202 
59359.204054 1.858158 
59359.215282 1.857111 
59359.226510 1.856061 
59359.237737 1.855008 
59359.248965 1.853953 
59359.260193 1.852895 
59359.271421 1.851833 
59359.282649 1.850769 
59359.293877 1.849703 
59359.305105 1.848633 
59359.316333 1.847561 
59359.327560 1.846486 
59359.338788 1.845408 
59359.350016 1.844327 
59359.361244 1.843244 
59359.372472 1.842158 
59359.383700 1.841069 
59359.394928 1.839977 
59359.406156 1.838883 
59359.417383 1.837786 
59359.428611 1.836686 
59359.439839 1.835584 
59359.451067 1.834479 
59359.462295 1.833372 
59359.473523 1.832262 
59359.484751 1.831149 
59359.495978 1.830034 
59359.507206 1.828916 
59359.518434 1.827795 
59359.529662 1.826672 
59359.540890 1.825546 
59359.552118 1.824418 
59359.563346 1.823288 
59359.574574 1.822154 
59359.585801 1.821019 
59359.597029 1.819880 
59359.608257 1.818740 
59359.619485 1.817597 
59359.630713 1.816451 
59359.641941 1.815303 
59359.653169 1.814152 
59359.664397 1.812999 
59359.675624 1.811844 
59359.686852 1.810686 
59359.698080 1.809526 
59359.709308 1.808364 
59359.720536 1.807199 
59359.731764 1.806032 
59359.742992 1.804862 
59359.754220 1.803690 
59359.765447 1.802516 
59359.776675 1.801339 
59359.787903 1.800160 
59359.799131 1.798979 
59359.810359 1.797796 
59359.821587 1.796610 
59359.832815 1.795422 
59359.844042 1.794232 
59359.855270 1.793040 
59359.866498 1.791845 
59359.877726 1.790649 
59359.888954 1.789450 
59359.900182 1.788248 
59359.911410 1.787045 
59359.922638 1.785840 
59359.933865 1.784632 
59359.945093 1.783422 
59359.956321 1.782210 
59359.967549 1.780996 
59359.978777 1.779780 
59359.990005 1.778562 
59360.001233 1.777342 
59360.012461 1.776120 
59360.023688 1.774895 
59360.034916 1.773669 
59360.046144 1.772441 
59360.057372 1.771210 
59360.068600 1.769978 
59360.079828 1.768743 
59360.091056 1.767507 
59360.102284 1.766269 
59360.113511 1.765028 
59360.124739 1.763786 
59360.135967 1.762542 
59360.147195 1.761296 
59360.158423 1.760048 
59360.169651 1.758798 
59360.180879 1.757546 
59360.192106 1.756293 
59360.203334 1.755037 
59360.214562 1.753780 
59360.225790 1.752521 
59360.237018 1.751260 
59360.248246 1.749997 
59360.259474 1.748732 
59360.270702 1.747466 
59360.281929 1.746198 
59360.293157 1.744928 
59360.304385 1.743656 
59360.315613 1.742383 
59360.326841 1.741107 
59360.338069 1.739831 
59360.349297 1.738552 
59360.360525 1.737272 
59360.371752 1.735990 
59360.382980 1.734706 
59360.394208 1.733421 
59360.405436 1.732134 
59360.416664 1.730845 
59360.427892 1.729555 
59360.439120 1.728263 
59360.450348 1.726970 
59360.461575 1.725675 
59360.472803 1.724378 
59360.484031 1.723080 
59360.495259 1.721781 
59360.506487 1.720479 
59360.517715 1.719177 
59360.528943 1.717873 
59360.540170 1.716567 
59360.551398 1.715260 
59360.562626 1.713951 
59360.573854 1.712641 
59360.585082 1.711329 
59360.596310 1.710016 
59360.607538 1.708701 
59360.618766 1.707386 
59360.629993 1.706068 
59360.641221 1.704750 
59360.652449 1.703429 
59360.663677 1.702108 
59360.674905 1.700785 
59360.686133 1.699461 
59360.697361 1.698135 
59360.708589 1.696809 
59360.719816 1.695481 
59360.731044 1.694151 
59360.742272 1.692820 
59360.753500 1.691488 
59360.764728 1.690155 
59360.775956 1.688821 
59360.787184 1.687485 
59360.798411 1.686148 
59360.809639 1.684810 
59360.820867 1.683470 
59360.832095 1.682130 
59360.843323 1.680788 
59360.854551 1.679445 
59360.865779 1.678101 
59360.877007 1.676756 
59360.888234 1.675410 
59360.899462 1.674062 
59360.910690 1.672714 
59360.921918 1.671364 
59360.933146 1.670013 
59360.944374 1.668662 
59360.955602 1.667309 
59360.966830 1.665955 
59360.978057 1.664600 
59360.989285 1.663244 
59361.000513 1.661887 
59361.011741 1.660529 
59361.022969 1.659170 
59361.034197 1.657810 
59361.045425 1.656450 
59361.056653 1.655088 
59361.067880 1.653725 
59361.079108 1.652361 
59361.090336 1.650997 
59361.101564 1.649631 
59361.112792 1.648265 
59361.124020 1.646898 
59361.135248 1.645530 
59361.146475 1.644161 
59361.157703 1.642791 
59361.168931 1.641421 
59361.180159 1.640049 
59361.191387 1.638677 
59361.202615 1.637304 
59361.213843 1.635930 
59361.225071 1.634556 
59361.236298 1.633181 
59361.247526 1.631805 
59361.258754 1.630428 
59361.269982 1.629051 
59361.281210 1.627673 
59361.292438 1.626294 
59361.303666 1.624914 
59361.314894 1.623534 
59361.326121 1.622153 
59361.337349 1.620772 
59361.348577 1.619390 
59361.359805 1.618007 
59361.371033 1.616624 
59361.382261 1.615240 
59361.393489 1.613856 
59361.404717 1.612471 
59361.415944 1.611085 
59361.427172 1.609699 
59361.438400 1.608312 
59361.449628 1.606925 
59361.460856 1.605537 
59361.472084 1.604149 
59361.483312 1.602761 
59361.494539 1.601372 
59361.505767 1.599982 
59361.516995 1.598592 
59361.528223 1.597202 
59361.539451 1.595811 
59361.550679 1.594420 
59361.561907 1.593028 
59361.573135 1.591636 
59361.584362 1.590244 
59361.595590 1.588851 
59361.606818 1.587458 
59361.618046 1.586065 
59361.629274 1.584671 
59361.640502 1.583277 
59361.651730 1.581883 
59361.662958 1.580488 
59361.674185 1.579093 
59361.685413 1.577698 
59361.696641 1.576303 
59361.707869 1.574907 
59361.719097 1.573511 
59361.730325 1.572115 
59361.741553 1.570719 
59361.752781 1.569323 
59361.764008 1.567926 
59361.775236 1.566530 
59361.786464 1.565133 
59361.797692 1.563736 
59361.808920 1.562339 
59361.820148 1.560942 
59361.831376 1.559544 
59361.842603 1.558147 
59361.853831 1.556750 
59361.865059 1.555352 
59361.876287 1.553955 
59361.887515 1.552557 
59361.898743 1.551160 
59361.909971 1.549762 
59361.921199 1.548365 
59361.932426 1.546967 
59361.943654 1.545570 
59361.954882 1.544172 
59361.966110 1.542775 
59361.977338 1.541377 
59361.988566 1.539980 
59361.999794 1.538583 
59362.011022 1.537186 
59362.022249 1.535789 
59362.033477 1.534392 
59362.044705 1.532996 
59362.055933 1.531599 
59362.067161 1.530203 
59362.078389 1.528807 
59362.089617 1.527411 
59362.100844 1.526016 
59362.112072 1.524620 
59362.123300 1.523225 
59362.134528 1.521830 
59362.145756 1.520435 
59362.156984 1.519041 
59362.168212 1.517647 
59362.179440 1.516253 
59362.190667 1.514860 
59362.201895 1.513466 
59362.213123 1.512074 
59362.224351 1.510681 
59362.235579 1.509289 
59362.246807 1.507897 
59362.258035 1.506506 
59362.269263 1.505115 
59362.280490 1.503724 
59362.291718 1.502334 
59362.302946 1.500945 
59362.314174 1.499556 
59362.325402 1.498167 
59362.336630 1.496779 
59362.347858 1.495391 
59362.359086 1.494004 
59362.370313 1.492617 
59362.381541 1.491231 
59362.392769 1.489845 
59362.403997 1.488460 
59362.415225 1.487075 
59362.426453 1.485691 
59362.437681 1.484308 
59362.448908 1.482925 
59362.460136 1.481543 
59362.471364 1.480162 
59362.482592 1.478781 
59362.493820 1.477401 
59362.505048 1.476021 
59362.516276 1.474643 
59362.527504 1.473264 
59362.538731 1.471887 
59362.549959 1.470510 
59362.561187 1.469135 
59362.572415 1.467759 
59362.583643 1.466385 
59362.594871 1.465011 
59362.606099 1.463638 
59362.617327 1.462266 
59362.628554 1.460895 
59362.639782 1.459525 
59362.651010 1.458155 
59362.662238 1.456787 
59362.673466 1.455419 
59362.684694 1.454052 
59362.695922 1.452686 
59362.707150 1.451321 
59362.718377 1.449957 
59362.729605 1.448593 
59362.740833 1.447231 
59362.752061 1.445870 
59362.763289 1.444509 
59362.774517 1.443150 
59362.785745 1.441791 
59362.796972 1.440434 
59362.808200 1.439078 
59362.819428 1.437722 
59362.830656 1.436368 
59362.841884 1.435015 
59362.853112 1.433663 
59362.864340 1.432312 
59362.875568 1.430962 
59362.886795 1.429613 
59362.898023 1.428265 
59362.909251 1.426919 
59362.920479 1.425573 
59362.931707 0.000813 
