# time Tc_folded Tref_folded value value_err offset model full_model val_compare val_compare_err residuals residuals_err jitter jitter_flag offset_flag subset_flag 
59332.189797 0.000000 0.000000 2.969000 0.776000 -1.159505 1.006564 -0.152941 4.128505 0.776000 3.121941 0.776000 1.855297   0   0  -1 
59332.197387 0.000000 0.000000 -1.440000 0.775000 -1.159505 1.007028 -0.152476 -0.280495 0.775000 -1.287524 0.775000 1.855297   0   0  -1 
59332.200011 0.000000 0.000000 4.481000 0.776000 -1.159505 1.007189 -0.152316 5.640505 0.776000 4.633316 0.776000 1.855297   0   0  -1 
59334.234566 0.000000 0.000000 -0.543000 0.775000 -1.159505 1.126363 -0.033142 0.616505 0.775000 -0.509858 0.775000 1.855297   0   0  -1 
59334.237103 0.000000 0.000000 0.259000 0.776000 -1.159505 1.126497 -0.033008 1.418505 0.776000 0.292008 0.776000 1.855297   0   0  -1 
59334.239600 0.000000 0.000000 0.419000 0.775000 -1.159505 1.126629 -0.032876 1.578505 0.775000 0.451876 0.775000 1.855297   0   0  -1 
59335.326035 0.000000 0.000000 1.021000 0.776000 -1.159505 1.177936 0.018431 2.180505 0.776000 1.002569 0.776000 1.855297   0   0  -1 
59335.330868 0.000000 0.000000 -0.458000 0.775000 -1.159505 1.178133 0.018628 0.701505 0.775000 -0.476628 0.775000 1.855297   0   0  -1 
59335.333272 0.000000 0.000000 0.032000 0.777000 -1.159505 1.178230 0.018726 1.191505 0.777000 0.013274 0.777000 1.855297   0   0  -1 
59336.173315 0.000000 0.000000 1.754000 0.775000 -1.159505 1.207066 0.047562 2.913505 0.775000 1.706438 0.775000 1.855297   0   0  -1 
59336.175692 0.000000 0.000000 1.041000 0.775000 -1.159505 1.207132 0.047627 2.200505 0.775000 0.993373 0.775000 1.855297   0   0  -1 
59336.181796 0.000000 0.000000 2.982000 0.776000 -1.159505 1.207299 0.047794 4.141505 0.776000 2.934206 0.776000 1.855297   0   0  -1 
59337.233449 0.000000 0.000000 -4.553000 0.776000 -1.159505 1.225575 0.066070 -3.393495 0.776000 -4.619070 0.776000 1.855297   0   0  -1 
59337.235931 0.000000 0.000000 0.485000 0.775000 -1.159505 1.225591 0.066087 1.644505 0.775000 0.418913 0.775000 1.855297   0   0  -1 
59337.244221 0.000000 0.000000 -1.253000 0.776000 -1.159505 1.225645 0.066140 -0.093495 0.776000 -1.319140 0.776000 1.855297   0   0  -1 
59338.188239 0.000000 0.000000 -0.828000 0.776000 -1.159505 1.221396 0.061891 0.331505 0.776000 -0.889891 0.776000 1.855297   0   0  -1 
59338.190732 0.000000 0.000000 -2.309000 0.776000 -1.159505 1.221356 0.061852 -1.149495 0.776000 -2.370852 0.776000 1.855297   0   0  -1 
59338.193250 0.000000 0.000000 -1.060000 0.775000 -1.159505 1.221316 0.061811 0.099505 0.775000 -1.121811 0.775000 1.855297   0   0  -1 
59339.264851 0.000000 0.000000 -2.902000 0.776000 -1.159505 1.189090 0.029585 -1.742495 0.776000 -2.931585 0.776000 1.855297   0   0  -1 
59339.274735 0.000000 0.000000 -0.806000 0.775000 -1.159505 1.188648 0.029143 0.353505 0.775000 -0.835143 0.775000 1.855297   0   0  -1 
59339.345059 0.000000 0.000000 2.261000 0.777000 -1.159505 1.185424 0.025920 3.420505 0.777000 2.235080 0.777000 1.855297   0   0  -1 
59341.205674 0.000000 0.000000 1.219000 0.776000 -1.159505 1.048797 -0.110708 2.378505 0.776000 1.329708 0.776000 1.855297   0   0  -1 
59341.213678 0.000000 0.000000 1.820000 0.777000 -1.159505 1.047994 -0.111511 2.979505 0.777000 1.931511 0.777000 1.855297   0   0  -1 
59341.216302 0.000000 0.000000 1.194000 0.775000 -1.159505 1.047730 -0.111774 2.353505 0.775000 1.305774 0.775000 1.855297   0   0  -1 
59342.213085 0.000000 0.000000 -2.966000 0.775000 -1.159505 0.933704 -0.225800 -1.806495 0.775000 -2.740200 0.775000 1.855297   0   0  -1 
59342.215868 0.000000 0.000000 -0.273000 0.777000 -1.159505 0.933348 -0.226156 0.886505 0.777000 -0.046844 0.777000 1.855297   0   0  -1 
59342.218582 0.000000 0.000000 0.443000 0.776000 -1.159505 0.933001 -0.226504 1.602505 0.776000 0.669504 0.776000 1.855297   0   0  -1 
59345.350049 0.000000 0.000000 -1.684000 0.776000 -1.159505 0.424713 -0.734791 -0.524495 0.776000 -0.949209 0.776000 1.855297   0   0  -1 
59345.352391 0.000000 0.000000 -2.926000 0.776000 -1.159505 0.424273 -0.735231 -1.766495 0.776000 -2.190769 0.776000 1.855297   0   0  -1 
59345.358459 0.000000 0.000000 1.460000 0.776000 -1.159505 0.423133 -0.736371 2.619505 0.776000 2.196371 0.776000 1.855297   0   0  -1 
59346.170515 0.000000 0.000000 0.586000 0.776000 -1.159505 0.267970 -0.891535 1.745505 0.776000 1.477535 0.776000 1.855297   0   0  -1 
59346.172885 0.000000 0.000000 -1.415000 0.776000 -1.159505 0.267512 -0.891993 -0.255495 0.776000 -0.523007 0.776000 1.855297   0   0  -1 
59346.177612 0.000000 0.000000 1.097000 0.776000 -1.159505 0.266597 -0.892908 2.256505 0.776000 1.989908 0.776000 1.855297   0   0  -1 
59347.291118 0.000000 0.000000 -2.825000 0.776000 -1.159505 0.050476 -1.109028 -1.665495 0.776000 -1.715972 0.776000 1.855297   0   0  -1 
59347.296123 0.000000 0.000000 -1.055000 0.776000 -1.159505 0.049509 -1.109995 0.104505 0.776000 0.054995 0.776000 1.855297   0   0  -1 
59347.311002 0.000000 0.000000 -1.417000 0.776000 -1.159505 0.046636 -1.112869 -0.257495 0.776000 -0.304131 0.776000 1.855297   0   0  -1 
59348.287651 0.000000 0.000000 -0.725000 0.775000 -1.159505 -0.138757 -1.298262 0.434505 0.775000 0.573262 0.775000 1.855297   0   0  -1 
59348.290178 0.000000 0.000000 -4.993000 0.776000 -1.159505 -0.139226 -1.298730 -3.833495 0.776000 -3.694270 0.776000 1.855297   0   0  -1 
59348.292681 0.000000 0.000000 1.917000 0.775000 -1.159505 -0.139690 -1.299194 3.076505 0.775000 3.216194 0.775000 1.855297   0   0  -1 
59349.121628 0.000000 0.000000 -1.039000 0.776000 -1.159505 -0.288931 -1.448435 0.120505 0.776000 0.409435 0.776000 1.855297   0   0  -1 
59349.126921 0.000000 0.000000 -2.378000 0.776000 -1.159505 -0.289851 -1.449356 -1.218495 0.776000 -0.928644 0.776000 1.855297   0   0  -1 
59349.129550 0.000000 0.000000 4.714000 0.776000 -1.159505 -0.290309 -1.449813 5.873505 0.776000 6.163813 0.776000 1.855297   0   0  -1 
59350.304057 0.000000 0.000000 -1.045000 0.775000 -1.159505 -0.481884 -1.641389 0.114505 0.775000 0.596389 0.775000 1.855297   0   0  -1 
59350.306325 0.000000 0.000000 1.178000 0.776000 -1.159505 -0.482227 -1.641732 2.337505 0.776000 2.819732 0.776000 1.855297   0   0  -1 
59350.313185 0.000000 0.000000 2.846000 0.775000 -1.159505 -0.483264 -1.642768 4.005505 0.775000 4.488768 0.775000 1.855297   0   0  -1 
59351.202848 0.000000 0.000000 1.363000 0.776000 -1.159505 -0.608545 -1.768050 2.522505 0.776000 3.131050 0.776000 1.855297   0   0  -1 
59351.209430 0.000000 0.000000 -0.839000 0.776000 -1.159505 -0.609401 -1.768906 0.320505 0.776000 0.929906 0.776000 1.855297   0   0  -1 
59351.214571 0.000000 0.000000 0.134000 0.776000 -1.159505 -0.610069 -1.769574 1.293505 0.776000 1.903574 0.776000 1.855297   0   0  -1 
59352.100400 0.000000 0.000000 2.061000 0.776000 -1.159505 -0.715080 -1.874585 3.220505 0.776000 3.935585 0.776000 1.855297   0   0  -1 
59352.102986 0.000000 0.000000 0.964000 0.777000 -1.159505 -0.715357 -1.874862 2.123505 0.777000 2.838862 0.777000 1.855297   0   0  -1 
59352.111932 0.000000 0.000000 2.745000 0.776000 -1.159505 -0.716312 -1.875817 3.904505 0.776000 4.620817 0.776000 1.855297   0   0  -1 
59353.256297 0.000000 0.000000 2.356000 0.776000 -1.159505 -0.820830 -1.980334 3.515505 0.776000 4.336334 0.776000 1.855297   0   0  -1 
59353.261287 0.000000 0.000000 -4.686000 0.776000 -1.159505 -0.821208 -1.980713 -3.526495 0.776000 -2.705287 0.776000 1.855297   0   0  -1 
59353.273571 0.000000 0.000000 0.991000 0.777000 -1.159505 -0.822137 -1.981641 2.150505 0.777000 2.972641 0.777000 1.855297   0   0  -1 
59354.281496 0.000000 0.000000 -2.249000 0.776000 -1.159505 -0.884642 -2.044147 -1.089495 0.776000 -0.204853 0.776000 1.855297   0   0  -1 
59354.290542 0.000000 0.000000 -0.974000 0.776000 -1.159505 -0.885083 -2.044587 0.185505 0.776000 1.070587 0.776000 1.855297   0   0  -1 
59354.297835 0.000000 0.000000 -0.950000 0.776000 -1.159505 -0.885436 -2.044941 0.209505 0.776000 1.094941 0.776000 1.855297   0   0  -1 
59355.149128 0.000000 0.000000 0.827000 0.776000 -1.159505 -0.917449 -2.076954 1.986505 0.776000 2.903954 0.776000 1.855297   0   0  -1 
59355.151962 0.000000 0.000000 1.039000 0.775000 -1.159505 -0.917526 -2.077031 2.198505 0.775000 3.116031 0.775000 1.855297   0   0  -1 
59355.159002 0.000000 0.000000 -1.362000 0.775000 -1.159505 -0.917716 -2.077220 -0.202495 0.775000 0.715220 0.775000 1.855297   0   0  -1 
59356.201900 0.000000 0.000000 2.804000 0.776000 -1.159505 -0.933201 -2.092706 3.963505 0.776000 4.896706 0.776000 1.855297   0   0  -1 
59356.211845 0.000000 0.000000 -0.306000 0.776000 -1.159505 -0.933234 -2.092738 0.853505 0.776000 1.786738 0.776000 1.855297   0   0  -1 
59356.217239 0.000000 0.000000 -0.814000 0.776000 -1.159505 -0.933250 -2.092755 0.345505 0.776000 1.278755 0.776000 1.855297   0   0  -1 
59357.255224 0.000000 0.000000 -0.093000 0.776000 -1.159505 -0.925658 -2.085163 1.066505 0.776000 1.992163 0.776000 1.855297   0   0  -1 
59357.265503 0.000000 0.000000 0.551000 0.775000 -1.159505 -0.925482 -2.084987 1.710505 0.775000 2.635987 0.775000 1.855297   0   0  -1 
59357.277188 0.000000 0.000000 0.248000 0.775000 -1.159505 -0.925280 -2.084784 1.407505 0.775000 2.332784 0.775000 1.855297   0   0  -1 
59358.119845 0.000000 0.000000 2.017000 0.777000 -1.159505 -0.904747 -2.064252 3.176505 0.777000 4.081252 0.777000 1.855297   0   0  -1 
59358.129676 0.000000 0.000000 -1.356000 0.776000 -1.159505 -0.904443 -2.063947 -0.196495 0.776000 0.707947 0.776000 1.855297   0   0  -1 
59358.137335 0.000000 0.000000 1.898000 0.776000 -1.159505 -0.904205 -2.063709 3.057505 0.776000 3.961709 0.776000 1.855297   0   0  -1 
59359.215201 0.000000 0.000000 -1.437000 0.777000 -1.159505 -0.863071 -2.022576 -0.277495 0.777000 0.585576 0.777000 1.855297   0   0  -1 
59359.265786 0.000000 0.000000 1.196000 0.775000 -1.159505 -0.860809 -2.020313 2.355505 0.775000 3.216313 0.775000 1.855297   0   0  -1 
59359.269109 0.000000 0.000000 -1.473000 0.776000 -1.159505 -0.860659 -2.020164 -0.313495 0.776000 0.547164 0.776000 1.855297   0   0  -1 
59332.836022 0.000000 0.000000 0.536000 0.669000 -0.377449 1.046008 0.668558 0.913449 0.669000 -0.132558 0.669000 2.451576   1   1  -1 
59332.840022 0.000000 0.000000 -2.912000 0.668000 -0.377449 1.046250 0.668800 -2.534551 0.668000 -3.580800 0.668000 2.451576   1   1  -1 
59332.847022 0.000000 0.000000 2.018000 0.668000 -0.377449 1.046674 0.669224 2.395449 0.668000 1.348776 0.668000 2.451576   1   1  -1 
59334.861022 0.000000 0.000000 1.455000 0.668000 -0.377449 1.157606 0.780157 1.832449 0.668000 0.674843 0.668000 2.451576   1   1  -1 
59334.868022 0.000000 0.000000 1.131000 0.668000 -0.377449 1.157932 0.780482 1.508449 0.668000 0.350518 0.668000 2.451576   1   1  -1 
59334.872022 0.000000 0.000000 1.040000 0.669000 -0.377449 1.158118 0.780668 1.417449 0.669000 0.259332 0.669000 2.451576   1   1  -1 
59336.947022 0.000000 0.000000 1.517000 0.669000 -0.377449 1.222797 0.845347 1.894449 0.669000 0.671653 0.669000 2.451576   1   1  -1 
59336.958022 0.000000 0.000000 -2.341000 0.668000 -0.377449 1.222935 0.845486 -1.963551 0.668000 -3.186486 0.668000 2.451576   1   1  -1 
59336.962022 0.000000 0.000000 3.804000 0.668000 -0.377449 1.222985 0.845536 4.181449 0.668000 2.958464 0.668000 2.451576   1   1  -1 
59337.837022 0.000000 0.000000 1.863000 0.669000 -0.377449 1.225451 0.848002 2.240449 0.669000 1.014998 0.669000 2.451576   1   1  -1 
59337.844022 0.000000 0.000000 -1.226000 0.669000 -0.377449 1.225400 0.847950 -0.848551 0.669000 -2.073950 0.669000 2.451576   1   1  -1 
59337.852022 0.000000 0.000000 -0.030000 0.668000 -0.377449 1.225340 0.847890 0.347449 0.668000 -0.877890 0.668000 2.451576   1   1  -1 
59338.901022 0.000000 0.000000 -0.770000 0.668000 -0.377449 1.203483 0.826034 -0.392551 0.668000 -1.596034 0.668000 2.451576   1   1  -1 
59338.908022 0.000000 0.000000 -1.859000 0.669000 -0.377449 1.203240 0.825791 -1.481551 0.669000 -2.684791 0.669000 2.451576   1   1  -1 
59338.912022 0.000000 0.000000 1.580000 0.668000 -0.377449 1.203101 0.825652 1.957449 0.668000 0.754348 0.668000 2.451576   1   1  -1 
59339.831022 0.000000 0.000000 -3.004000 0.668000 -0.377449 1.159337 0.781887 -2.626551 0.668000 -3.785887 0.668000 2.451576   1   1  -1 
59339.835022 0.000000 0.000000 -2.184000 0.668000 -0.377449 1.159094 0.781645 -1.806551 0.668000 -2.965645 0.668000 2.451576   1   1  -1 
59339.839022 0.000000 0.000000 -0.035000 0.668000 -0.377449 1.158851 0.781402 0.342449 0.668000 -0.816402 0.668000 2.451576   1   1  -1 
59341.879022 0.000000 0.000000 3.447000 0.668000 -0.377449 0.974957 0.597507 3.824449 0.668000 2.849493 0.668000 2.451576   1   1  -1 
59341.883022 0.000000 0.000000 5.012000 0.668000 -0.377449 0.974480 0.597031 5.389449 0.668000 4.414969 0.668000 2.451576   1   1  -1 
59341.886022 0.000000 0.000000 -2.954000 0.668000 -0.377449 0.974123 0.596673 -2.576551 0.668000 -3.550673 0.668000 2.451576   1   1  -1 
59342.827022 0.000000 0.000000 -0.003000 0.668000 -0.377449 0.850328 0.472879 0.374449 0.668000 -0.475879 0.668000 2.451576   1   1  -1 
59342.835022 0.000000 0.000000 0.613000 0.668000 -0.377449 0.849180 0.471730 0.990449 0.668000 0.141270 0.668000 2.451576   1   1  -1 
59342.838022 0.000000 0.000000 1.841000 0.668000 -0.377449 0.848749 0.471299 2.218449 0.668000 1.369701 0.668000 2.451576   1   1  -1 
59343.864022 0.000000 0.000000 1.774000 0.668000 -0.377449 0.689397 0.311947 2.151449 0.668000 1.462053 0.668000 2.451576   1   1  -1 
59343.872022 0.000000 0.000000 -1.776000 0.668000 -0.377449 0.688068 0.310618 -1.398551 0.668000 -2.086618 0.668000 2.451576   1   1  -1 
59343.875022 0.000000 0.000000 1.523000 0.668000 -0.377449 0.687569 0.310120 1.900449 0.668000 1.212880 0.668000 2.451576   1   1  -1 
59348.951022 0.000000 0.000000 -2.732000 0.668000 -0.377449 -0.259016 -0.636466 -2.354551 0.668000 -2.095534 0.668000 2.451576   1   1  -1 
59348.959022 0.000000 0.000000 -1.077000 0.668000 -0.377449 -0.260429 -0.637879 -0.699551 0.668000 -0.439121 0.668000 2.451576   1   1  -1 
59348.970022 0.000000 0.000000 -3.766000 0.668000 -0.377449 -0.262370 -0.639820 -3.388551 0.668000 -3.126180 0.668000 2.451576   1   1  -1 
59351.925022 0.000000 0.000000 0.747000 0.669000 -0.377449 -0.695910 -1.073359 1.124449 0.669000 1.820359 0.669000 2.451576   1   1  -1 
59351.929022 0.000000 0.000000 4.274000 0.669000 -0.377449 -0.696356 -1.073805 4.651449 0.669000 5.347805 0.669000 2.451576   1   1  -1 
59351.933022 0.000000 0.000000 -0.663000 0.668000 -0.377449 -0.696802 -1.074251 -0.285551 0.668000 0.411251 0.668000 2.451576   1   1  -1 
59352.840022 0.000000 0.000000 1.088000 0.669000 -0.377449 -0.786894 -1.164343 1.465449 0.669000 2.252343 0.669000 2.451576   1   1  -1 
59352.851022 0.000000 0.000000 1.554000 0.668000 -0.377449 -0.787851 -1.165300 1.931449 0.668000 2.719300 0.668000 2.451576   1   1  -1 
59352.855022 0.000000 0.000000 -2.576000 0.669000 -0.377449 -0.788198 -1.165647 -2.198551 0.669000 -1.410353 0.669000 2.451576   1   1  -1 
59354.913022 0.000000 0.000000 2.531000 0.668000 -0.377449 -0.910373 -1.287823 2.908449 0.668000 3.818823 0.668000 2.451576   1   1  -1 
59354.921022 0.000000 0.000000 -3.369000 0.668000 -0.377449 -0.910635 -1.288085 -2.991551 0.668000 -2.080915 0.668000 2.451576   1   1  -1 
59354.928022 0.000000 0.000000 -0.604000 0.668000 -0.377449 -0.910863 -1.288313 -0.226551 0.668000 0.684313 0.668000 2.451576   1   1  -1 
59356.918022 0.000000 0.000000 -1.311000 0.668000 -0.377449 -0.930383 -1.307833 -0.933551 0.668000 -0.003167 0.668000 2.451576   1   1  -1 
59356.929022 0.000000 0.000000 -6.783000 0.668000 -0.377449 -0.930262 -1.307712 -6.405551 0.668000 -5.475288 0.668000 2.451576   1   1  -1 
59356.933022 0.000000 0.000000 -1.263000 0.668000 -0.377449 -0.930218 -1.307667 -0.885551 0.668000 0.044667 0.668000 2.451576   1   1  -1 
59357.975022 0.000000 0.000000 0.391000 0.668000 -0.377449 -0.909066 -1.286516 0.768449 0.668000 1.677516 0.668000 2.451576   1   1  -1 
59357.982022 0.000000 0.000000 -2.839000 0.668000 -0.377449 -0.908865 -1.286314 -2.461551 0.668000 -1.552686 0.668000 2.451576   1   1  -1 
59357.990022 0.000000 0.000000 2.168000 0.668000 -0.377449 -0.908633 -1.286083 2.545449 0.668000 3.454083 0.668000 2.451576   1   1  -1 
59358.889022 0.000000 0.000000 7.268000 0.669000 -0.377449 -0.877002 -1.254452 7.645449 0.669000 8.522452 0.669000 2.451576   1   1  -1 
59358.893022 0.000000 0.000000 2.085000 0.669000 -0.377449 -0.876838 -1.254288 2.462449 0.669000 3.339288 0.669000 2.451576   1   1  -1 
59358.897022 0.000000 0.000000 -2.134000 0.668000 -0.377449 -0.876675 -1.254124 -1.756551 0.668000 -0.879876 0.668000 2.451576   1   1  -1 
59359.898022 0.000000 0.000000 -1.662000 0.668000 -0.377449 -0.830506 -1.207956 -1.284551 0.668000 -0.454044 0.668000 2.451576   1   1  -1 
59359.901022 0.000000 0.000000 1.458000 0.669000 -0.377449 -0.830354 -1.207804 1.835449 0.669000 2.665804 0.669000 2.451576   1   1  -1 
59359.913022 0.000000 0.000000 -2.804000 0.669000 -0.377449 -0.829746 -1.207196 -2.426551 0.669000 -1.596804 0.669000 2.451576   1   1  -1 
59333.151961 0.000000 0.000000 4.847000 0.692000 0.011028 1.065001 1.076030 4.835972 0.692000 3.770970 0.692000 2.892602   2   2  -1 
59333.152667 0.000000 0.000000 3.598000 0.691000 0.011028 1.065043 1.076072 3.586972 0.691000 2.521928 0.691000 2.892602   2   2  -1 
59333.153373 0.000000 0.000000 -4.195000 0.692000 0.011028 1.065086 1.076114 -4.206028 0.692000 -5.271114 0.692000 2.892602   2   2  -1 
59336.044295 0.000000 0.000000 4.702000 0.692000 0.011028 1.203373 1.214401 4.690972 0.692000 3.487599 0.692000 2.892602   2   2  -1 
59336.045745 0.000000 0.000000 -3.379000 0.692000 0.011028 1.203416 1.214444 -3.390028 0.692000 -4.593444 0.692000 2.892602   2   2  -1 
59336.046451 0.000000 0.000000 -1.636000 0.691000 0.011028 1.203437 1.214465 -1.647028 0.691000 -2.850465 0.691000 2.892602   2   2  -1 
59337.054588 0.000000 0.000000 -4.084000 0.692000 0.011028 1.224044 1.235073 -4.095028 0.692000 -5.319073 0.692000 2.892602   2   2  -1 
59337.055294 0.000000 0.000000 2.703000 0.692000 0.011028 1.224052 1.235080 2.691972 0.692000 1.467920 0.692000 2.892602   2   2  -1 
59337.055999 0.000000 0.000000 2.385000 0.691000 0.011028 1.224059 1.235088 2.373972 0.691000 1.149912 0.691000 2.892602   2   2  -1 
59338.142666 0.000000 0.000000 -0.300000 0.692000 0.011028 1.222095 1.233123 -0.311028 0.692000 -1.533123 0.692000 2.892602   2   2  -1 
59338.143375 0.000000 0.000000 0.173000 0.692000 0.011028 1.222084 1.233113 0.161972 0.692000 -1.060113 0.692000 2.892602   2   2  -1 
59338.144784 0.000000 0.000000 -0.657000 0.692000 0.011028 1.222063 1.233092 -0.668028 0.692000 -1.890092 0.692000 2.892602   2   2  -1 
59339.164449 0.000000 0.000000 -0.618000 0.692000 0.011028 1.193426 1.204455 -0.629028 0.692000 -1.822455 0.692000 2.892602   2   2  -1 
59339.165155 0.000000 0.000000 0.712000 0.692000 0.011028 1.193397 1.204425 0.700972 0.692000 -0.492425 0.692000 2.892602   2   2  -1 
59339.166567 0.000000 0.000000 1.450000 0.692000 0.011028 1.193338 1.204366 1.438972 0.692000 0.245634 0.692000 2.892602   2   2  -1 
59340.102238 0.000000 0.000000 1.458000 0.691000 0.011028 1.141847 1.152875 1.446972 0.691000 0.305125 0.691000 2.892602   2   2  -1 
59340.103650 0.000000 0.000000 1.370000 0.692000 0.011028 1.141750 1.152778 1.358972 0.692000 0.217222 0.692000 2.892602   2   2  -1 
59340.104356 0.000000 0.000000 4.621000 0.692000 0.011028 1.141702 1.152730 4.609972 0.692000 3.468270 0.692000 2.892602   2   2  -1 
59341.060305 0.000000 0.000000 -5.680000 0.692000 0.011028 1.063061 1.074089 -5.691028 0.692000 -6.754089 0.692000 2.892602   2   2  -1 
59341.061717 0.000000 0.000000 5.805000 0.692000 0.011028 1.062925 1.073953 5.793972 0.692000 4.731047 0.692000 2.892602   2   2  -1 
59341.062423 0.000000 0.000000 6.534000 0.692000 0.011028 1.062857 1.073886 6.522972 0.692000 5.460114 0.692000 2.892602   2   2  -1 
59342.127214 0.000000 0.000000 -1.703000 0.691000 0.011028 0.944593 0.955621 -1.714028 0.691000 -2.658621 0.691000 2.892602   2   2  -1 
59342.128626 0.000000 0.000000 1.861000 0.691000 0.011028 0.944415 0.955444 1.849972 0.691000 0.905556 0.691000 2.892602   2   2  -1 
59342.129333 0.000000 0.000000 -1.470000 0.692000 0.011028 0.944327 0.955355 -1.481028 0.692000 -2.425355 0.692000 2.892602   2   2  -1 
59343.096509 0.000000 0.000000 1.576000 0.692000 0.011028 0.810805 0.821833 1.564972 0.692000 0.754167 0.692000 2.892602   2   2  -1 
59343.097921 0.000000 0.000000 -4.252000 0.691000 0.011028 0.810593 0.821622 -4.263028 0.691000 -5.073622 0.691000 2.892602   2   2  -1 
59343.098626 0.000000 0.000000 -4.033000 0.691000 0.011028 0.810487 0.821516 -4.044028 0.691000 -4.854516 0.691000 2.892602   2   2  -1 
59345.087496 0.000000 0.000000 2.479000 0.692000 0.011028 0.473672 0.484700 2.467972 0.692000 1.994300 0.692000 2.892602   2   2  -1 
59345.088908 0.000000 0.000000 2.274000 0.692000 0.011028 0.473410 0.484439 2.262972 0.692000 1.789561 0.692000 2.892602   2   2  -1 
59345.089615 0.000000 0.000000 0.425000 0.692000 0.011028 0.473279 0.484308 0.413972 0.692000 -0.059308 0.692000 2.892602   2   2  -1 
59347.165174 0.000000 0.000000 2.503000 0.692000 0.011028 0.074840 0.085869 2.491972 0.692000 2.417131 0.692000 2.892602   2   2  -1 
59347.165880 0.000000 0.000000 -3.040000 0.692000 0.011028 0.074703 0.085732 -3.051028 0.692000 -3.125732 0.692000 2.892602   2   2  -1 
59347.166589 0.000000 0.000000 -1.323000 0.691000 0.011028 0.074566 0.085594 -1.334028 0.691000 -1.408594 0.691000 2.892602   2   2  -1 
59349.156919 0.000000 0.000000 -1.684000 0.692000 0.011028 -0.295061 -0.284032 -1.695028 0.692000 -1.399968 0.692000 2.892602   2   2  -1 
59349.159037 0.000000 0.000000 2.061000 0.692000 0.011028 -0.295428 -0.284400 2.049972 0.692000 2.345400 0.692000 2.892602   2   2  -1 
59349.159743 0.000000 0.000000 -2.725000 0.692000 0.011028 -0.295550 -0.284522 -2.736028 0.692000 -2.440478 0.692000 2.892602   2   2  -1 
59351.095299 0.000000 0.000000 -0.117000 0.692000 0.011028 -0.594405 -0.583376 -0.128028 0.692000 0.466376 0.692000 2.892602   2   2  -1 
59351.096005 0.000000 0.000000 -1.482000 0.692000 0.011028 -0.594498 -0.583470 -1.493028 0.692000 -0.898530 0.692000 2.892602   2   2  -1 
59351.097417 0.000000 0.000000 -2.834000 0.692000 0.011028 -0.594686 -0.583657 -2.845028 0.692000 -2.250343 0.692000 2.892602   2   2  -1 
59352.132027 0.000000 0.000000 0.720000 0.692000 0.011028 -0.718451 -0.707422 0.708972 0.692000 1.427422 0.692000 2.892602   2   2  -1 
59352.134142 0.000000 0.000000 3.227000 0.692000 0.011028 -0.718675 -0.707647 3.215972 0.692000 3.934647 0.692000 2.892602   2   2  -1 
59352.134848 0.000000 0.000000 -0.390000 0.691000 0.011028 -0.718750 -0.707722 -0.401028 0.691000 0.317722 0.691000 2.892602   2   2  -1 
59358.106134 0.000000 0.000000 -2.908000 0.692000 0.011028 -0.905169 -0.894141 -2.919028 0.692000 -2.013859 0.692000 2.892602   2   2  -1 
59358.106840 0.000000 0.000000 2.010000 0.692000 0.011028 -0.905148 -0.894119 1.998972 0.692000 2.904119 0.692000 2.892602   2   2  -1 
59358.108959 0.000000 0.000000 -0.309000 0.692000 0.011028 -0.905082 -0.894054 -0.320028 0.692000 0.585054 0.692000 2.892602   2   2  -1 
59359.054266 0.000000 0.000000 -4.575000 0.692000 0.011028 -0.870090 -0.859062 -4.586028 0.692000 -3.715938 0.692000 2.892602   2   2  -1 
59359.056384 0.000000 0.000000 -3.449000 0.691000 0.011028 -0.869999 -0.858971 -3.460028 0.691000 -2.590029 0.691000 2.892602   2   2  -1 
59359.057090 0.000000 0.000000 -1.485000 0.692000 0.011028 -0.869969 -0.858941 -1.496028 0.692000 -0.626059 0.692000 2.892602   2   2  -1 
59360.145042 0.000000 0.000000 -3.316000 0.691000 0.011028 -0.817777 -0.806749 -3.327028 0.691000 -2.509251 0.691000 2.892602   2   2  -1 
59360.146454 0.000000 0.000000 1.691000 0.692000 0.011028 -0.817703 -0.806675 1.679972 0.692000 2.497675 0.692000 2.892602   2   2  -1 
59360.147195 0.000000 0.000000 0.473000 0.692000 0.011028 -0.817664 -0.806636 0.461972 0.692000 1.279636 0.692000 2.892602   2   2  -1 
59333.170022 0.000000 0.000000 0.629000 0.787000 0.615615 1.066077 1.681692 0.013385 0.787000 -1.052692 0.787000 3.609927   3   3  -1 
59333.173022 0.000000 0.000000 1.500000 0.787000 0.615615 1.066256 1.681871 0.884385 0.787000 -0.181871 0.787000 3.609927   3   3  -1 
59333.174022 0.000000 0.000000 4.748000 0.788000 0.615615 1.066315 1.681930 4.132385 0.788000 3.066070 0.788000 3.609927   3   3  -1 
59334.195022 0.000000 0.000000 0.145000 0.787000 0.615615 1.124265 1.739880 -0.470615 0.787000 -1.594880 0.787000 3.609927   3   3  -1 
59334.199022 0.000000 0.000000 -6.097000 0.786000 0.615615 1.124478 1.740093 -6.712615 0.786000 -7.837093 0.786000 3.609927   3   3  -1 
59334.200022 0.000000 0.000000 -6.862000 0.787000 0.615615 1.124531 1.740146 -7.477615 0.787000 -8.602146 0.787000 3.609927   3   3  -1 
59335.191022 0.000000 0.000000 1.688000 0.788000 0.615615 1.172317 1.787932 1.072385 0.788000 -0.099932 0.788000 3.609927   3   3  -1 
59335.193022 0.000000 0.000000 -7.119000 0.787000 0.615615 1.172402 1.788017 -7.734615 0.787000 -8.907017 0.787000 3.609927   3   3  -1 
59335.194022 0.000000 0.000000 -6.826000 0.786000 0.615615 1.172445 1.788060 -7.441615 0.786000 -8.614060 0.786000 3.609927   3   3  -1 
59336.256022 0.000000 0.000000 2.310000 0.787000 0.615615 1.209282 1.824897 1.694385 0.787000 0.485103 0.787000 3.609927   3   3  -1 
59336.258022 0.000000 0.000000 -7.925000 0.786000 0.615615 1.209334 1.824949 -8.540615 0.786000 -9.749949 0.786000 3.609927   3   3  -1 
59336.260022 0.000000 0.000000 2.514000 0.787000 0.615615 1.209386 1.825001 1.898385 0.787000 0.688999 0.787000 3.609927   3   3  -1 
59337.143022 0.000000 0.000000 2.423000 0.787000 0.615615 1.224887 1.840502 1.807385 0.787000 0.582498 0.787000 3.609927   3   3  -1 
59337.145022 0.000000 0.000000 1.937000 0.787000 0.615615 1.224904 1.840519 1.321385 0.787000 0.096481 0.787000 3.609927   3   3  -1 
59337.146022 0.000000 0.000000 1.270000 0.786000 0.615615 1.224913 1.840528 0.654385 0.786000 -0.570528 0.786000 3.609927   3   3  -1 
59338.236022 0.000000 0.000000 1.193000 0.787000 0.615615 1.220607 1.836222 0.577385 0.787000 -0.643222 0.787000 3.609927   3   3  -1 
59338.238022 0.000000 0.000000 3.294000 0.787000 0.615615 1.220573 1.836188 2.678385 0.787000 1.457812 0.787000 3.609927   3   3  -1 
59338.240022 0.000000 0.000000 4.327000 0.787000 0.615615 1.220538 1.836153 3.711385 0.787000 2.490847 0.787000 3.609927   3   3  -1 
59339.159022 0.000000 0.000000 0.450000 0.788000 0.615615 1.193653 1.809268 -0.165615 0.788000 -1.359268 0.788000 3.609927   3   3  -1 
59339.160022 0.000000 0.000000 1.363000 0.787000 0.615615 1.193611 1.809226 0.747385 0.787000 -0.446226 0.787000 3.609927   3   3  -1 
59339.161022 0.000000 0.000000 -6.031000 0.786000 0.615615 1.193569 1.809184 -6.646615 0.786000 -7.840184 0.786000 3.609927   3   3  -1 
59340.160022 0.000000 0.000000 2.278000 0.788000 0.615615 1.137846 1.753461 1.662385 0.788000 0.524539 0.788000 3.609927   3   3  -1 
59340.162022 0.000000 0.000000 0.372000 0.788000 0.615615 1.137706 1.753321 -0.243615 0.788000 -1.381321 0.788000 3.609927   3   3  -1 
59340.165022 0.000000 0.000000 1.819000 0.787000 0.615615 1.137496 1.753111 1.203385 0.787000 0.065889 0.787000 3.609927   3   3  -1 
59341.153022 0.000000 0.000000 -1.697000 0.788000 0.615615 1.054033 1.669648 -2.312615 0.788000 -3.366648 0.788000 3.609927   3   3  -1 
59341.154022 0.000000 0.000000 -6.916000 0.786000 0.615615 1.053934 1.669549 -7.531615 0.786000 -8.585549 0.786000 3.609927   3   3  -1 
59341.155022 0.000000 0.000000 1.808000 0.787000 0.615615 1.053835 1.669450 1.192385 0.787000 0.138550 0.787000 3.609927   3   3  -1 
59343.263022 0.000000 0.000000 -5.060000 0.786000 0.615615 0.785543 1.401158 -5.675615 0.786000 -6.461158 0.786000 3.609927   3   3  -1 
59343.268022 0.000000 0.000000 2.665000 0.787000 0.615615 0.784775 1.400390 2.049385 0.787000 1.264610 0.787000 3.609927   3   3  -1 
59343.271022 0.000000 0.000000 -5.256000 0.786000 0.615615 0.784313 1.399928 -5.871615 0.786000 -6.655928 0.786000 3.609927   3   3  -1 
59344.197022 0.000000 0.000000 1.348000 0.788000 0.615615 0.633070 1.248685 0.732385 0.788000 0.099315 0.788000 3.609927   3   3  -1 
59344.199022 0.000000 0.000000 2.093000 0.787000 0.615615 0.632726 1.248341 1.477385 0.787000 0.844659 0.787000 3.609927   3   3  -1 
59344.200022 0.000000 0.000000 2.131000 0.787000 0.615615 0.632554 1.248169 1.515385 0.787000 0.882831 0.787000 3.609927   3   3  -1 
59345.303022 0.000000 0.000000 -0.981000 0.787000 0.615615 0.433535 1.049150 -1.596615 0.787000 -2.030150 0.787000 3.609927   3   3  -1 
59345.305022 0.000000 0.000000 0.049000 0.788000 0.615615 0.433161 1.048776 -0.566615 0.788000 -0.999776 0.788000 3.609927   3   3  -1 
59345.309022 0.000000 0.000000 2.405000 0.787000 0.615615 0.432411 1.048026 1.789385 0.787000 1.356974 0.787000 3.609927   3   3  -1 
59346.243022 0.000000 0.000000 0.807000 0.788000 0.615615 0.253934 0.869549 0.191385 0.788000 -0.062549 0.788000 3.609927   3   3  -1 
59346.244022 0.000000 0.000000 -4.130000 0.786000 0.615615 0.253740 0.869355 -4.745615 0.786000 -4.999355 0.786000 3.609927   3   3  -1 
59346.247022 0.000000 0.000000 3.924000 0.787000 0.615615 0.253159 0.868774 3.308385 0.787000 3.055226 0.787000 3.609927   3   3  -1 
59347.181022 0.000000 0.000000 2.450000 0.788000 0.615615 0.071771 0.687386 1.834385 0.788000 1.762614 0.788000 3.609927   3   3  -1 
59347.182022 0.000000 0.000000 4.357000 0.788000 0.615615 0.071577 0.687192 3.741385 0.788000 3.669808 0.788000 3.609927   3   3  -1 
59347.183022 0.000000 0.000000 -2.490000 0.787000 0.615615 0.071384 0.686999 -3.105615 0.787000 -3.176999 0.787000 3.609927   3   3  -1 
59348.175022 0.000000 0.000000 2.102000 0.787000 0.615615 -0.117801 0.497814 1.486385 0.787000 1.604186 0.787000 3.609927   3   3  -1 
59348.176022 0.000000 0.000000 -0.643000 0.787000 0.615615 -0.117988 0.497627 -1.258615 0.787000 -1.140627 0.787000 3.609927   3   3  -1 
59348.177022 0.000000 0.000000 -0.827000 0.787000 0.615615 -0.118175 0.497440 -1.442615 0.787000 -1.324440 0.787000 3.609927   3   3  -1 
59349.164022 0.000000 0.000000 -3.220000 0.786000 0.615615 -0.296292 0.319323 -3.835615 0.786000 -3.539323 0.786000 3.609927   3   3  -1 
59349.166022 0.000000 0.000000 -6.055000 0.786000 0.615615 -0.296639 0.318976 -6.670615 0.786000 -6.373976 0.786000 3.609927   3   3  -1 
59349.167022 0.000000 0.000000 1.835000 0.788000 0.615615 -0.296812 0.318803 1.219385 0.788000 1.516197 0.788000 3.609927   3   3  -1 
59350.332022 0.000000 0.000000 2.833000 0.787000 0.615615 -0.486105 0.129510 2.217385 0.787000 2.703490 0.787000 3.609927   3   3  -1 
59350.334022 0.000000 0.000000 2.231000 0.788000 0.615615 -0.486407 0.129208 1.615385 0.788000 2.101792 0.788000 3.609927   3   3  -1 
59350.335022 0.000000 0.000000 -3.247000 0.787000 0.615615 -0.486557 0.129058 -3.862615 0.787000 -3.376058 0.787000 3.609927   3   3  -1 
59351.292022 0.000000 0.000000 -6.858000 0.787000 0.615615 -0.620052 -0.004437 -7.473615 0.787000 -6.853563 0.787000 3.609927   3   3  -1 
59351.293022 0.000000 0.000000 -5.755000 0.787000 0.615615 -0.620180 -0.004565 -6.370615 0.787000 -5.750435 0.787000 3.609927   3   3  -1 
59351.294022 0.000000 0.000000 -0.900000 0.787000 0.615615 -0.620308 -0.004693 -1.515615 0.787000 -0.895307 0.787000 3.609927   3   3  -1 
59352.321022 0.000000 0.000000 3.648000 0.787000 0.615615 -0.738037 -0.122422 3.032385 0.787000 3.770422 0.787000 3.609927   3   3  -1 
59352.323022 0.000000 0.000000 -1.266000 0.786000 0.615615 -0.738239 -0.122624 -1.881615 0.786000 -1.143376 0.786000 3.609927   3   3  -1 
59352.325022 0.000000 0.000000 -2.306000 0.786000 0.615615 -0.738441 -0.122826 -2.921615 0.786000 -2.183174 0.786000 3.609927   3   3  -1 
59353.239022 0.000000 0.000000 1.711000 0.787000 0.615615 -0.819514 -0.203899 1.095385 0.787000 1.914899 0.787000 3.609927   3   3  -1 
59353.241022 0.000000 0.000000 -1.520000 0.788000 0.615615 -0.819667 -0.204052 -2.135615 0.788000 -1.315948 0.788000 3.609927   3   3  -1 
59353.242022 0.000000 0.000000 3.923000 0.787000 0.615615 -0.819743 -0.204128 3.307385 0.787000 4.127128 0.787000 3.609927   3   3  -1 
59355.273022 0.000000 0.000000 1.887000 0.788000 0.615615 -0.920625 -0.305010 1.271385 0.788000 2.192010 0.788000 3.609927   3   3  -1 
59355.277022 0.000000 0.000000 -1.427000 0.787000 0.615615 -0.920721 -0.305106 -2.042615 0.787000 -1.121894 0.787000 3.609927   3   3  -1 
59355.281022 0.000000 0.000000 4.110000 0.787000 0.615615 -0.920817 -0.305203 3.494385 0.787000 4.415203 0.787000 3.609927   3   3  -1 
59356.227022 0.000000 0.000000 0.460000 0.787000 0.615615 -0.933279 -0.317664 -0.155615 0.787000 0.777664 0.787000 3.609927   3   3  -1 
59356.230022 0.000000 0.000000 -1.338000 0.787000 0.615615 -0.933287 -0.317672 -1.953615 0.787000 -1.020328 0.787000 3.609927   3   3  -1 
59356.232022 0.000000 0.000000 4.418000 0.788000 0.615615 -0.933292 -0.317677 3.802385 0.788000 4.735677 0.788000 3.609927   3   3  -1 
59357.201022 0.000000 0.000000 -1.554000 0.787000 0.615615 -0.926556 -0.310941 -2.169615 0.787000 -1.243059 0.787000 3.609927   3   3  -1 
59357.202022 0.000000 0.000000 1.718000 0.787000 0.615615 -0.926540 -0.310925 1.102385 0.787000 2.028925 0.787000 3.609927   3   3  -1 
59357.205022 0.000000 0.000000 6.829000 0.787000 0.615615 -0.926491 -0.310876 6.213385 0.787000 7.139876 0.787000 3.609927   3   3  -1 
59358.219022 0.000000 0.000000 5.495000 0.788000 0.615615 -0.901614 -0.285999 4.879385 0.788000 5.780999 0.788000 3.609927   3   3  -1 
59358.220022 0.000000 0.000000 -2.956000 0.786000 0.615615 -0.901582 -0.285967 -3.571615 0.786000 -2.670033 0.786000 3.609927   3   3  -1 
59358.223022 0.000000 0.000000 3.515000 0.788000 0.615615 -0.901485 -0.285870 2.899385 0.788000 3.800870 0.788000 3.609927   3   3  -1 
59359.157022 0.000000 0.000000 6.734000 0.788000 0.615615 -0.865640 -0.250025 6.118385 0.788000 6.984025 0.788000 3.609927   3   3  -1 
59359.158022 0.000000 0.000000 -0.531000 0.786000 0.615615 -0.865596 -0.249981 -1.146615 0.786000 -0.281019 0.786000 3.609927   3   3  -1 
59359.159022 0.000000 0.000000 -3.945000 0.787000 0.615615 -0.865552 -0.249937 -4.560615 0.787000 -3.695063 0.787000 3.609927   3   3  -1 
