# time model 
59329.394057 0.852165 
59329.405285 0.852660 
59329.416513 0.853155 
59329.427741 0.853653 
59329.438969 0.854151 
59329.450197 0.854651 
59329.461424 0.855153 
59329.472652 0.855656 
59329.483880 0.856161 
59329.495108 0.856667 
59329.506336 0.857174 
59329.517564 0.857683 
59329.528792 0.858193 
59329.540020 0.858705 
59329.551247 0.859218 
59329.562475 0.859732 
59329.573703 0.860248 
59329.584931 0.860766 
59329.596159 0.861284 
59329.607387 0.861804 
59329.618615 0.862326 
59329.629842 0.862849 
59329.641070 0.863373 
59329.652298 0.863898 
59329.663526 0.864425 
59329.674754 0.864954 
59329.685982 0.865483 
59329.697210 0.866014 
59329.708438 0.866546 
59329.719665 0.867080 
59329.730893 0.867615 
59329.742121 0.868151 
59329.753349 0.868689 
59329.764577 0.869227 
59329.775805 0.869768 
59329.787033 0.870309 
59329.798261 0.870852 
59329.809488 0.871396 
59329.820716 0.871941 
59329.831944 0.872488 
59329.843172 0.873035 
59329.854400 0.873584 
59329.865628 0.874135 
59329.876856 0.874686 
59329.888084 0.875239 
59329.899311 0.875793 
59329.910539 0.876349 
59329.921767 0.876905 
59329.932995 0.877463 
59329.944223 0.878022 
59329.955451 0.878582 
59329.966679 0.879144 
59329.977906 0.879706 
59329.989134 0.880270 
59330.000362 0.880835 
59330.011590 0.881401 
59330.022818 0.881968 
59330.034046 0.882537 
59330.045274 0.883107 
59330.056502 0.883677 
59330.067729 0.884249 
59330.078957 0.884822 
59330.090185 0.885397 
59330.101413 0.885972 
59330.112641 0.886549 
59330.123869 0.887126 
59330.135097 0.887705 
59330.146325 0.888285 
59330.157552 0.888866 
59330.168780 0.889448 
59330.180008 0.890031 
59330.191236 0.890616 
59330.202464 0.891201 
59330.213692 0.891788 
59330.224920 0.892375 
59330.236148 0.892964 
59330.247375 0.893554 
59330.258603 0.894144 
59330.269831 0.894736 
59330.281059 0.895329 
59330.292287 0.895923 
59330.303515 0.896518 
59330.314743 0.897114 
59330.325970 0.897711 
59330.337198 0.898309 
59330.348426 0.898908 
59330.359654 0.899508 
59330.370882 0.900109 
59330.382110 0.900711 
59330.393338 0.901314 
59330.404566 0.901918 
59330.415793 0.902523 
59330.427021 0.903129 
59330.438249 0.903736 
59330.449477 0.904344 
59330.460705 0.904953 
59330.471933 0.905562 
59330.483161 0.906173 
59330.494389 0.906785 
59330.505616 0.907397 
59330.516844 0.908011 
59330.528072 0.908625 
59330.539300 0.909241 
59330.550528 0.909857 
59330.561756 0.910474 
59330.572984 0.911092 
59330.584211 0.911711 
59330.595439 0.912331 
59330.606667 0.912952 
59330.617895 0.913574 
59330.629123 0.914196 
59330.640351 0.914820 
59330.651579 0.915444 
59330.662807 0.916069 
59330.674034 0.916695 
59330.685262 0.917322 
59330.696490 0.917949 
59330.707718 0.918578 
59330.718946 0.919207 
59330.730174 0.919837 
59330.741402 0.920468 
59330.752630 0.921100 
59330.763857 0.921732 
59330.775085 0.922366 
59330.786313 0.923000 
59330.797541 0.923635 
59330.808769 0.924271 
59330.819997 0.924907 
59330.831225 0.925544 
59330.842453 0.926182 
59330.853680 0.926821 
59330.864908 0.927460 
59330.876136 0.928101 
59330.887364 0.928742 
59330.898592 0.929383 
59330.909820 0.930026 
59330.921048 0.930669 
59330.932275 0.931313 
59330.943503 0.931958 
59330.954731 0.932603 
59330.965959 0.933249 
59330.977187 0.933896 
59330.988415 0.934543 
59330.999643 0.935191 
59331.010871 0.935840 
59331.022098 0.936489 
59331.033326 0.937139 
59331.044554 0.937790 
59331.055782 0.938441 
59331.067010 0.939093 
59331.078238 0.939746 
59331.089466 0.940399 
59331.100694 0.941053 
59331.111921 0.941708 
59331.123149 0.942363 
59331.134377 0.943019 
59331.145605 0.943675 
59331.156833 0.944332 
59331.168061 0.944990 
59331.179289 0.945648 
59331.190517 0.946307 
59331.201744 0.946966 
59331.212972 0.947626 
59331.224200 0.948287 
59331.235428 0.948948 
59331.246656 0.949609 
59331.257884 0.950272 
59331.269112 0.950934 
59331.280339 0.951598 
59331.291567 0.952261 
59331.302795 0.952926 
59331.314023 0.953590 
59331.325251 0.954256 
59331.336479 0.954922 
59331.347707 0.955588 
59331.358935 0.956255 
59331.370162 0.956922 
59331.381390 0.957590 
59331.392618 0.958258 
59331.403846 0.958927 
59331.415074 0.959596 
59331.426302 0.960266 
59331.437530 0.960936 
59331.448758 0.961607 
59331.459985 0.962278 
59331.471213 0.962949 
59331.482441 0.963621 
59331.493669 0.964293 
59331.504897 0.964966 
59331.516125 0.965639 
59331.527353 0.966313 
59331.538580 0.966987 
59331.549808 0.967661 
59331.561036 0.968336 
59331.572264 0.969011 
59331.583492 0.969687 
59331.594720 0.970363 
59331.605948 0.971039 
59331.617176 0.971716 
59331.628403 0.972393 
59331.639631 0.973070 
59331.650859 0.973748 
59331.662087 0.974426 
59331.673315 0.975104 
59331.684543 0.975783 
59331.695771 0.976462 
59331.706999 0.977141 
59331.718226 0.977821 
59331.729454 0.978500 
59331.740682 0.979181 
59331.751910 0.979861 
59331.763138 0.980542 
59331.774366 0.981223 
59331.785594 0.981904 
59331.796822 0.982586 
59331.808049 0.983268 
59331.819277 0.983950 
59331.830505 0.984632 
59331.841733 0.985315 
59331.852961 0.985998 
59331.864189 0.986681 
59331.875417 0.987364 
59331.886644 0.988048 
59331.897872 0.988731 
59331.909100 0.989415 
59331.920328 0.990100 
59331.931556 0.990784 
59331.942784 0.991468 
59331.954012 0.992153 
59331.965240 0.992838 
59331.976467 0.993523 
59331.987695 0.994208 
59331.998923 0.994894 
59332.010151 0.995579 
59332.021379 0.996265 
59332.032607 0.996951 
59332.043835 0.997637 
59332.055063 0.998323 
59332.066290 0.999009 
59332.077518 0.999695 
59332.088746 1.000382 
59332.099974 1.001068 
59332.111202 1.001755 
59332.122430 1.002442 
59332.133658 1.003129 
59332.144886 1.003815 
59332.156113 1.004502 
59332.167341 1.005190 
59332.178569 1.005877 
59332.189797 1.006564 
59332.201025 1.007251 
59332.212253 1.007938 
59332.223481 1.008626 
59332.234708 1.009313 
59332.245936 1.010000 
59332.257164 1.010688 
59332.268392 1.011375 
59332.279620 1.012063 
59332.290848 1.012750 
59332.302076 1.013437 
59332.313304 1.014125 
59332.324531 1.014812 
59332.335759 1.015500 
59332.346987 1.016187 
59332.358215 1.016874 
59332.369443 1.017561 
59332.380671 1.018249 
59332.391899 1.018936 
59332.403127 1.019623 
59332.414354 1.020310 
59332.425582 1.020997 
59332.436810 1.021684 
59332.448038 1.022371 
59332.459266 1.023057 
59332.470494 1.023744 
59332.481722 1.024431 
59332.492950 1.025117 
59332.504177 1.025803 
59332.515405 1.026489 
59332.526633 1.027176 
59332.537861 1.027861 
59332.549089 1.028547 
59332.560317 1.029233 
59332.571545 1.029918 
59332.582772 1.030604 
59332.594000 1.031289 
59332.605228 1.031974 
59332.616456 1.032659 
59332.627684 1.033344 
59332.638912 1.034028 
59332.650140 1.034712 
59332.661368 1.035396 
59332.672595 1.036080 
59332.683823 1.036764 
59332.695051 1.037447 
59332.706279 1.038131 
59332.717507 1.038814 
59332.728735 1.039496 
59332.739963 1.040179 
59332.751191 1.040861 
59332.762418 1.041543 
59332.773646 1.042225 
59332.784874 1.042907 
59332.796102 1.043588 
59332.807330 1.044269 
59332.818558 1.044949 
59332.829786 1.045630 
59332.841013 1.046310 
59332.852241 1.046990 
59332.863469 1.047669 
59332.874697 1.048348 
59332.885925 1.049027 
59332.897153 1.049705 
59332.908381 1.050384 
59332.919609 1.051061 
59332.930836 1.051739 
59332.942064 1.052416 
59332.953292 1.053093 
59332.964520 1.053769 
59332.975748 1.054445 
59332.986976 1.055121 
59332.998204 1.055796 
59333.009432 1.056471 
59333.020659 1.057146 
59333.031887 1.057820 
59333.043115 1.058493 
59333.054343 1.059166 
59333.065571 1.059839 
59333.076799 1.060512 
59333.088027 1.061184 
59333.099255 1.061855 
59333.110482 1.062526 
59333.121710 1.063197 
59333.132938 1.063867 
59333.144166 1.064537 
59333.155394 1.065206 
59333.166622 1.065875 
59333.177850 1.066543 
59333.189077 1.067211 
59333.200305 1.067878 
59333.211533 1.068545 
59333.222761 1.069211 
59333.233989 1.069877 
59333.245217 1.070542 
59333.256445 1.071207 
59333.267673 1.071871 
59333.278900 1.072535 
59333.290128 1.073198 
59333.301356 1.073860 
59333.312584 1.074522 
59333.323812 1.075184 
59333.335040 1.075844 
59333.346268 1.076505 
59333.357496 1.077164 
59333.368723 1.077823 
59333.379951 1.078482 
59333.391179 1.079140 
59333.402407 1.079797 
59333.413635 1.080454 
59333.424863 1.081110 
59333.436091 1.081765 
59333.447319 1.082420 
59333.458546 1.083074 
59333.469774 1.083727 
59333.481002 1.084380 
59333.492230 1.085032 
59333.503458 1.085684 
59333.514686 1.086335 
59333.525914 1.086985 
59333.537141 1.087634 
59333.548369 1.088283 
59333.559597 1.088931 
59333.570825 1.089578 
59333.582053 1.090225 
59333.593281 1.090871 
59333.604509 1.091516 
59333.615737 1.092161 
59333.626964 1.092804 
59333.638192 1.093447 
59333.649420 1.094090 
59333.660648 1.094731 
59333.671876 1.095372 
59333.683104 1.096012 
59333.694332 1.096651 
59333.705560 1.097289 
59333.716787 1.097927 
59333.728015 1.098564 
59333.739243 1.099200 
59333.750471 1.099835 
59333.761699 1.100469 
59333.772927 1.101103 
59333.784155 1.101736 
59333.795383 1.102368 
59333.806610 1.102999 
59333.817838 1.103629 
59333.829066 1.104258 
59333.840294 1.104887 
59333.851522 1.105514 
59333.862750 1.106141 
59333.873978 1.106767 
59333.885205 1.107392 
59333.896433 1.108016 
59333.907661 1.108640 
59333.918889 1.109262 
59333.930117 1.109883 
59333.941345 1.110504 
59333.952573 1.111123 
59333.963801 1.111742 
59333.975028 1.112360 
59333.986256 1.112977 
59333.997484 1.113592 
59334.008712 1.114207 
59334.019940 1.114821 
59334.031168 1.115434 
59334.042396 1.116046 
59334.053624 1.116657 
59334.064851 1.117267 
59334.076079 1.117876 
59334.087307 1.118484 
59334.098535 1.119091 
59334.109763 1.119697 
59334.120991 1.120302 
59334.132219 1.120906 
59334.143446 1.121509 
59334.154674 1.122111 
59334.165902 1.122712 
59334.177130 1.123311 
59334.188358 1.123910 
59334.199586 1.124508 
59334.210814 1.125104 
59334.222042 1.125700 
59334.233269 1.126294 
59334.244497 1.126888 
59334.255725 1.127480 
59334.266953 1.128071 
59334.278181 1.128661 
59334.289409 1.129250 
59334.300637 1.129838 
59334.311865 1.130424 
59334.323092 1.131010 
59334.334320 1.131594 
59334.345548 1.132178 
59334.356776 1.132760 
59334.368004 1.133341 
59334.379232 1.133920 
59334.390460 1.134499 
59334.401688 1.135076 
59334.412915 1.135653 
59334.424143 1.136228 
59334.435371 1.136801 
59334.446599 1.137374 
59334.457827 1.137945 
59334.469055 1.138516 
59334.480283 1.139085 
59334.491510 1.139652 
59334.502738 1.140219 
59334.513966 1.140784 
59334.525194 1.141348 
59334.536422 1.141911 
59334.547650 1.142472 
59334.558878 1.143032 
59334.570106 1.143591 
59334.581333 1.144149 
59334.592561 1.144705 
59334.603789 1.145260 
59334.615017 1.145814 
59334.626245 1.146366 
59334.637473 1.146918 
59334.648701 1.147467 
59334.659929 1.148016 
59334.671156 1.148563 
59334.682384 1.149109 
59334.693612 1.149653 
59334.704840 1.150196 
59334.716068 1.150738 
59334.727296 1.151278 
59334.738524 1.151817 
59334.749752 1.152355 
59334.760979 1.152891 
59334.772207 1.153426 
59334.783435 1.153959 
59334.794663 1.154491 
59334.805891 1.155022 
59334.817119 1.155551 
59334.828347 1.156079 
59334.839574 1.156605 
59334.850802 1.157130 
59334.862030 1.157653 
59334.873258 1.158175 
59334.884486 1.158696 
59334.895714 1.159215 
59334.906942 1.159732 
59334.918170 1.160248 
59334.929397 1.160763 
59334.940625 1.161276 
59334.951853 1.161788 
59334.963081 1.162298 
59334.974309 1.162806 
59334.985537 1.163313 
59334.996765 1.163819 
59335.007993 1.164323 
59335.019220 1.164825 
59335.030448 1.165326 
59335.041676 1.165826 
59335.052904 1.166323 
59335.064132 1.166820 
59335.075360 1.167314 
59335.086588 1.167807 
59335.097816 1.168299 
59335.109043 1.168789 
59335.120271 1.169277 
59335.131499 1.169764 
59335.142727 1.170249 
59335.153955 1.170733 
59335.165183 1.171214 
59335.176411 1.171695 
59335.187638 1.172173 
59335.198866 1.172650 
59335.210094 1.173126 
59335.221322 1.173599 
59335.232550 1.174071 
59335.243778 1.174542 
59335.255006 1.175010 
59335.266234 1.175477 
59335.277461 1.175943 
59335.288689 1.176406 
59335.299917 1.176868 
59335.311145 1.177328 
59335.322373 1.177787 
59335.333601 1.178244 
59335.344829 1.178699 
59335.356057 1.179152 
59335.367284 1.179604 
59335.378512 1.180053 
59335.389740 1.180501 
59335.400968 1.180948 
59335.412196 1.181392 
59335.423424 1.181835 
59335.434652 1.182276 
59335.445879 1.182715 
59335.457107 1.183153 
59335.468335 1.183588 
59335.479563 1.184022 
59335.490791 1.184454 
59335.502019 1.184884 
59335.513247 1.185313 
59335.524475 1.185739 
59335.535702 1.186164 
59335.546930 1.186587 
59335.558158 1.187008 
59335.569386 1.187427 
59335.580614 1.187845 
59335.591842 1.188260 
59335.603070 1.188674 
59335.614298 1.189085 
59335.625525 1.189495 
59335.636753 1.189903 
59335.647981 1.190309 
59335.659209 1.190713 
59335.670437 1.191115 
59335.681665 1.191516 
59335.692893 1.191914 
59335.704121 1.192310 
59335.715348 1.192705 
59335.726576 1.193097 
59335.737804 1.193488 
59335.749032 1.193877 
59335.760260 1.194263 
59335.771488 1.194648 
59335.782716 1.195031 
59335.793943 1.195411 
59335.805171 1.195790 
59335.816399 1.196167 
59335.827627 1.196542 
59335.838855 1.196914 
59335.850083 1.197285 
59335.861311 1.197654 
59335.872539 1.198020 
59335.883766 1.198385 
59335.894994 1.198748 
59335.906222 1.199108 
59335.917450 1.199467 
59335.928678 1.199823 
59335.939906 1.200178 
59335.951134 1.200530 
59335.962362 1.200880 
59335.973589 1.201228 
59335.984817 1.201574 
59335.996045 1.201918 
59336.007273 1.202260 
59336.018501 1.202600 
59336.029729 1.202938 
59336.040957 1.203273 
59336.052185 1.203607 
59336.063412 1.203938 
59336.074640 1.204267 
59336.085868 1.204594 
59336.097096 1.204919 
59336.108324 1.205241 
59336.119552 1.205562 
59336.130780 1.205880 
59336.142007 1.206196 
59336.153235 1.206510 
59336.164463 1.206822 
59336.175691 1.207132 
59336.186919 1.207439 
59336.198147 1.207744 
59336.209375 1.208047 
59336.220603 1.208348 
59336.231830 1.208646 
59336.243058 1.208943 
59336.254286 1.209237 
59336.265514 1.209529 
59336.276742 1.209818 
59336.287970 1.210105 
59336.299198 1.210390 
59336.310426 1.210673 
59336.321653 1.210954 
59336.332881 1.211232 
59336.344109 1.211508 
59336.355337 1.211781 
59336.366565 1.212053 
59336.377793 1.212322 
59336.389021 1.212588 
59336.400249 1.212853 
59336.411476 1.213115 
59336.422704 1.213374 
59336.433932 1.213632 
59336.445160 1.213887 
59336.456388 1.214139 
59336.467616 1.214390 
59336.478844 1.214638 
59336.490071 1.214883 
59336.501299 1.215126 
59336.512527 1.215367 
59336.523755 1.215606 
59336.534983 1.215842 
59336.546211 1.216075 
59336.557439 1.216307 
59336.568667 1.216535 
59336.579894 1.216762 
59336.591122 1.216986 
59336.602350 1.217207 
59336.613578 1.217427 
59336.624806 1.217643 
59336.636034 1.217858 
59336.647262 1.218069 
59336.658490 1.218279 
59336.669717 1.218486 
59336.680945 1.218690 
59336.692173 1.218892 
59336.703401 1.219091 
59336.714629 1.219288 
59336.725857 1.219483 
59336.737085 1.219675 
59336.748312 1.219864 
59336.759540 1.220051 
59336.770768 1.220236 
59336.781996 1.220418 
59336.793224 1.220597 
59336.804452 1.220774 
59336.815680 1.220948 
59336.826908 1.221120 
59336.838135 1.221289 
59336.849363 1.221456 
59336.860591 1.221620 
59336.871819 1.221781 
59336.883047 1.221940 
59336.894275 1.222097 
59336.905503 1.222250 
59336.916731 1.222402 
59336.927958 1.222550 
59336.939186 1.222696 
59336.950414 1.222840 
59336.961642 1.222980 
59336.972870 1.223118 
59336.984098 1.223254 
59336.995326 1.223387 
59337.006554 1.223517 
59337.017781 1.223645 
59337.029009 1.223770 
59337.040237 1.223892 
59337.051465 1.224012 
59337.062693 1.224129 
59337.073921 1.224243 
59337.085149 1.224354 
59337.096376 1.224463 
59337.107604 1.224570 
59337.118832 1.224673 
59337.130060 1.224774 
59337.141288 1.224872 
59337.152516 1.224968 
59337.163744 1.225060 
59337.174972 1.225150 
59337.186199 1.225238 
59337.197427 1.225322 
59337.208655 1.225404 
59337.219883 1.225483 
59337.231111 1.225559 
59337.242339 1.225633 
59337.253567 1.225704 
59337.264795 1.225772 
59337.276022 1.225837 
59337.287250 1.225899 
59337.298478 1.225959 
59337.309706 1.226016 
59337.320934 1.226070 
59337.332162 1.226121 
59337.343390 1.226170 
59337.354618 1.226215 
59337.365845 1.226258 
59337.377073 1.226298 
59337.388301 1.226336 
59337.399529 1.226370 
59337.410757 1.226402 
59337.421985 1.226430 
59337.433213 1.226456 
59337.444440 1.226479 
59337.455668 1.226499 
59337.466896 1.226517 
59337.478124 1.226531 
59337.489352 1.226543 
59337.500580 1.226551 
59337.511808 1.226557 
59337.523036 1.226560 
59337.534263 1.226560 
59337.545491 1.226557 
59337.556719 1.226552 
59337.567947 1.226543 
59337.579175 1.226531 
59337.590403 1.226517 
59337.601631 1.226499 
59337.612859 1.226479 
59337.624086 1.226456 
59337.635314 1.226429 
59337.646542 1.226400 
59337.657770 1.226368 
59337.668998 1.226333 
59337.680226 1.226295 
59337.691454 1.226254 
59337.702682 1.226210 
59337.713909 1.226163 
59337.725137 1.226113 
59337.736365 1.226060 
59337.747593 1.226004 
59337.758821 1.225945 
59337.770049 1.225883 
59337.781277 1.225818 
59337.792504 1.225750 
59337.803732 1.225679 
59337.814960 1.225605 
59337.826188 1.225528 
59337.837416 1.225448 
59337.848644 1.225365 
59337.859872 1.225279 
59337.871100 1.225190 
59337.882327 1.225098 
59337.893555 1.225003 
59337.904783 1.224904 
59337.916011 1.224803 
59337.927239 1.224699 
59337.938467 1.224591 
59337.949695 1.224480 
59337.960923 1.224367 
59337.972150 1.224250 
59337.983378 1.224130 
59337.994606 1.224007 
59338.005834 1.223881 
59338.017062 1.223752 
59338.028290 1.223620 
59338.039518 1.223485 
59338.050745 1.223346 
59338.061973 1.223205 
59338.073201 1.223060 
59338.084429 1.222912 
59338.095657 1.222761 
59338.106885 1.222607 
59338.118113 1.222450 
59338.129341 1.222289 
59338.140568 1.222126 
59338.151796 1.221959 
59338.163024 1.221789 
59338.174252 1.221616 
59338.185480 1.221440 
59338.196708 1.221260 
59338.207936 1.221078 
59338.219164 1.220892 
59338.230391 1.220703 
59338.241619 1.220511 
59338.252847 1.220315 
59338.264075 1.220117 
59338.275303 1.219915 
59338.286531 1.219710 
59338.297759 1.219502 
59338.308987 1.219291 
59338.320214 1.219076 
59338.331442 1.218858 
59338.342670 1.218637 
59338.353898 1.218413 
59338.365126 1.218185 
59338.376354 1.217954 
59338.387582 1.217720 
59338.398809 1.217483 
59338.410037 1.217243 
59338.421265 1.216999 
59338.432493 1.216752 
59338.443721 1.216501 
59338.454949 1.216248 
59338.466177 1.215991 
59338.477405 1.215731 
59338.488632 1.215467 
59338.499860 1.215201 
59338.511088 1.214931 
59338.522316 1.214657 
59338.533544 1.214381 
59338.544772 1.214101 
59338.556000 1.213817 
59338.567228 1.213531 
59338.578455 1.213241 
59338.589683 1.212948 
59338.600911 1.212651 
59338.612139 1.212352 
59338.623367 1.212049 
59338.634595 1.211742 
59338.645823 1.211432 
59338.657051 1.211119 
59338.668278 1.210803 
59338.679506 1.210483 
59338.690734 1.210160 
59338.701962 1.209833 
59338.713190 1.209503 
59338.724418 1.209170 
59338.735646 1.208833 
59338.746873 1.208493 
59338.758101 1.208150 
59338.769329 1.207803 
59338.780557 1.207453 
59338.791785 1.207100 
59338.803013 1.206743 
59338.814241 1.206382 
59338.825469 1.206019 
59338.836696 1.205652 
59338.847924 1.205281 
59338.859152 1.204907 
59338.870380 1.204530 
59338.881608 1.204149 
59338.892836 1.203765 
59338.904064 1.203378 
59338.915292 1.202987 
59338.926519 1.202593 
59338.937747 1.202195 
59338.948975 1.201794 
59338.960203 1.201389 
59338.971431 1.200981 
59338.982659 1.200570 
59338.993887 1.200155 
59339.005115 1.199736 
59339.016342 1.199314 
59339.027570 1.198889 
59339.038798 1.198460 
59339.050026 1.198028 
59339.061254 1.197593 
59339.072482 1.197153 
59339.083710 1.196711 
59339.094937 1.196265 
59339.106165 1.195815 
59339.117393 1.195362 
59339.128621 1.194906 
59339.139849 1.194446 
59339.151077 1.193983 
59339.162305 1.193516 
59339.173533 1.193045 
59339.184760 1.192572 
59339.195988 1.192094 
59339.207216 1.191613 
59339.218444 1.191129 
59339.229672 1.190641 
59339.240900 1.190150 
59339.252128 1.189655 
59339.263356 1.189157 
59339.274583 1.188655 
59339.285811 1.188149 
59339.297039 1.187640 
59339.308267 1.187128 
59339.319495 1.186612 
59339.330723 1.186093 
59339.341951 1.185570 
59339.353178 1.185043 
59339.364406 1.184513 
59339.375634 1.183980 
59339.386862 1.183442 
59339.398090 1.182902 
59339.409318 1.182358 
59339.420546 1.181810 
59339.431774 1.181259 
59339.443001 1.180704 
59339.454229 1.180145 
59339.465457 1.179584 
59339.476685 1.179018 
59339.487913 1.178449 
59339.499141 1.177876 
59339.510369 1.177300 
59339.521597 1.176721 
59339.532824 1.176137 
59339.544052 1.175551 
59339.555280 1.174960 
59339.566508 1.174366 
59339.577736 1.173769 
59339.588964 1.173168 
59339.600192 1.172563 
59339.611420 1.171955 
59339.622647 1.171343 
59339.633875 1.170727 
59339.645103 1.170108 
59339.656331 1.169486 
59339.667559 1.168860 
59339.678787 1.168230 
59339.690015 1.167597 
59339.701242 1.166960 
59339.712470 1.166319 
59339.723698 1.165675 
59339.734926 1.165027 
59339.746154 1.164376 
59339.757382 1.163721 
59339.768610 1.163063 
59339.779838 1.162401 
59339.791065 1.161735 
59339.802293 1.161066 
59339.813521 1.160393 
59339.824749 1.159716 
59339.835977 1.159036 
59339.847205 1.158352 
59339.858433 1.157665 
59339.869661 1.156974 
59339.880888 1.156279 
59339.892116 1.155581 
59339.903344 1.154879 
59339.914572 1.154174 
59339.925800 1.153465 
59339.937028 1.152752 
59339.948256 1.152036 
59339.959484 1.151316 
59339.970711 1.150593 
59339.981939 1.149865 
59339.993167 1.149135 
59340.004395 1.148400 
59340.015623 1.147662 
59340.026851 1.146920 
59340.038079 1.146175 
59340.049306 1.145426 
59340.060534 1.144674 
59340.071762 1.143917 
59340.082990 1.143158 
59340.094218 1.142394 
59340.105446 1.141627 
59340.116674 1.140856 
59340.127902 1.140082 
59340.139129 1.139304 
59340.150357 1.138522 
59340.161585 1.137737 
59340.172813 1.136948 
59340.184041 1.136155 
59340.195269 1.135359 
59340.206497 1.134559 
59340.217725 1.133756 
59340.228952 1.132949 
59340.240180 1.132138 
59340.251408 1.131323 
59340.262636 1.130505 
59340.273864 1.129684 
59340.285092 1.128858 
59340.296320 1.128029 
59340.307548 1.127197 
59340.318775 1.126360 
59340.330003 1.125520 
59340.341231 1.124677 
59340.352459 1.123830 
59340.363687 1.122979 
59340.374915 1.122124 
59340.386143 1.121266 
59340.397370 1.120404 
59340.408598 1.119539 
59340.419826 1.118670 
59340.431054 1.117797 
59340.442282 1.116920 
59340.453510 1.116040 
59340.464738 1.115157 
59340.475966 1.114269 
59340.487193 1.113378 
59340.498421 1.112483 
59340.509649 1.111585 
59340.520877 1.110683 
59340.532105 1.109778 
59340.543333 1.108868 
59340.554561 1.107955 
59340.565789 1.107039 
59340.577016 1.106119 
59340.588244 1.105195 
59340.599472 1.104267 
59340.610700 1.103336 
59340.621928 1.102401 
59340.633156 1.101463 
59340.644384 1.100521 
59340.655611 1.099575 
59340.666839 1.098626 
59340.678067 1.097673 
59340.689295 1.096716 
59340.700523 1.095756 
59340.711751 1.094792 
59340.722979 1.093824 
59340.734207 1.092853 
59340.745434 1.091878 
59340.756662 1.090900 
59340.767890 1.089918 
59340.779118 1.088932 
59340.790346 1.087942 
59340.801574 1.086949 
59340.812802 1.085953 
59340.824030 1.084952 
59340.835257 1.083948 
59340.846485 1.082941 
59340.857713 1.081930 
59340.868941 1.080915 
59340.880169 1.079896 
59340.891397 1.078874 
59340.902625 1.077848 
59340.913853 1.076819 
59340.925080 1.075786 
59340.936308 1.074749 
59340.947536 1.073709 
59340.958764 1.072665 
59340.969992 1.071618 
59340.981220 1.070567 
59340.992448 1.069512 
59341.003675 1.068454 
59341.014903 1.067392 
59341.026131 1.066326 
59341.037359 1.065257 
59341.048587 1.064184 
59341.059815 1.063108 
59341.071043 1.062028 
59341.082271 1.060944 
59341.093498 1.059857 
59341.104726 1.058766 
59341.115954 1.057671 
59341.127182 1.056573 
59341.138410 1.055472 
59341.149638 1.054367 
59341.160866 1.053258 
59341.172094 1.052145 
59341.183321 1.051029 
59341.194549 1.049910 
59341.205777 1.048786 
59341.217005 1.047660 
59341.228233 1.046529 
59341.239461 1.045395 
59341.250689 1.044258 
59341.261917 1.043116 
59341.273144 1.041972 
59341.284372 1.040823 
59341.295600 1.039672 
59341.306828 1.038516 
59341.318056 1.037357 
59341.329284 1.036195 
59341.340512 1.035028 
59341.351739 1.033859 
59341.362967 1.032685 
59341.374195 1.031509 
59341.385423 1.030328 
59341.396651 1.029144 
59341.407879 1.027957 
59341.419107 1.026766 
59341.430335 1.025571 
59341.441562 1.024373 
59341.452790 1.023171 
59341.464018 1.021966 
59341.475246 1.020757 
59341.486474 1.019545 
59341.497702 1.018329 
59341.508930 1.017109 
59341.520158 1.015887 
59341.531385 1.014660 
59341.542613 1.013430 
59341.553841 1.012197 
59341.565069 1.010960 
59341.576297 1.009719 
59341.587525 1.008475 
59341.598753 1.007227 
59341.609981 1.005976 
59341.621208 1.004722 
59341.632436 1.003464 
59341.643664 1.002202 
59341.654892 1.000937 
59341.666120 0.999668 
59341.677348 0.998396 
59341.688576 0.997121 
59341.699803 0.995842 
59341.711031 0.994559 
59341.722259 0.993273 
59341.733487 0.991984 
59341.744715 0.990691 
59341.755943 0.989394 
59341.767171 0.988095 
59341.778399 0.986791 
59341.789626 0.985484 
59341.800854 0.984174 
59341.812082 0.982860 
59341.823310 0.981543 
59341.834538 0.980223 
59341.845766 0.978899 
59341.856994 0.977571 
59341.868222 0.976240 
59341.879449 0.974906 
59341.890677 0.973568 
59341.901905 0.972227 
59341.913133 0.970882 
59341.924361 0.969534 
59341.935589 0.968182 
59341.946817 0.966827 
59341.958044 0.965469 
59341.969272 0.964107 
59341.980500 0.962742 
59341.991728 0.961374 
59342.002956 0.960002 
59342.014184 0.958626 
59342.025412 0.957248 
59342.036640 0.955866 
59342.047867 0.954480 
59342.059095 0.953091 
59342.070323 0.951699 
59342.081551 0.950303 
59342.092779 0.948904 
59342.104007 0.947502 
59342.115235 0.946096 
59342.126463 0.944687 
59342.137690 0.943275 
59342.148918 0.941859 
59342.160146 0.940440 
59342.171374 0.939018 
59342.182602 0.937592 
59342.193830 0.936163 
59342.205058 0.934731 
59342.216286 0.933295 
59342.227513 0.931856 
59342.238741 0.930413 
59342.249969 0.928968 
59342.261197 0.927519 
59342.272425 0.926067 
59342.283653 0.924611 
59342.294881 0.923152 
59342.306108 0.921690 
59342.317336 0.920225 
59342.328564 0.918756 
59342.339792 0.917284 
59342.351020 0.915809 
59342.362248 0.914330 
59342.373476 0.912849 
59342.384704 0.911364 
59342.395931 0.909875 
59342.407159 0.908384 
59342.418387 0.906889 
59342.429615 0.905391 
59342.440843 0.903890 
59342.452071 0.902386 
59342.463299 0.900878 
59342.474527 0.899367 
59342.485754 0.897853 
59342.496982 0.896336 
59342.508210 0.894815 
59342.519438 0.893292 
59342.530666 0.891765 
59342.541894 0.890235 
59342.553122 0.888702 
59342.564350 0.887165 
59342.575577 0.885626 
59342.586805 0.884083 
59342.598033 0.882537 
59342.609261 0.880988 
59342.620489 0.879436 
59342.631717 0.877880 
59342.642945 0.876322 
59342.654172 0.874760 
59342.665400 0.873196 
59342.676628 0.871628 
59342.687856 0.870057 
59342.699084 0.868483 
59342.710312 0.866905 
59342.721540 0.865325 
59342.732768 0.863742 
59342.743995 0.862155 
59342.755223 0.860566 
59342.766451 0.858973 
59342.777679 0.857377 
59342.788907 0.855778 
59342.800135 0.854176 
59342.811363 0.852572 
59342.822591 0.850964 
59342.833818 0.849353 
59342.845046 0.847738 
59342.856274 0.846121 
59342.867502 0.844501 
59342.878730 0.842878 
59342.889958 0.841252 
59342.901186 0.839623 
59342.912413 0.837990 
59342.923641 0.836355 
59342.934869 0.834717 
59342.946097 0.833076 
59342.957325 0.831432 
59342.968553 0.829784 
59342.979781 0.828134 
59342.991009 0.826481 
59343.002236 0.824825 
59343.013464 0.823166 
59343.024692 0.821504 
59343.035920 0.819839 
59343.047148 0.818172 
59343.058376 0.816501 
59343.069604 0.814827 
59343.080832 0.813151 
59343.092059 0.811471 
59343.103287 0.809789 
59343.114515 0.808103 
59343.125743 0.806415 
59343.136971 0.804724 
59343.148199 0.803030 
59343.159427 0.801333 
59343.170655 0.799634 
59343.181882 0.797931 
59343.193110 0.796226 
59343.204338 0.794517 
59343.215566 0.792806 
59343.226794 0.791092 
59343.238022 0.789376 
59343.249250 0.787656 
59343.260477 0.785934 
59343.271705 0.784208 
59343.282933 0.782480 
59343.294161 0.780750 
59343.305389 0.779016 
59343.316617 0.777280 
59343.327845 0.775541 
59343.339073 0.773799 
59343.350300 0.772054 
59343.361528 0.770307 
59343.372756 0.768556 
59343.383984 0.766804 
59343.395212 0.765048 
59343.406440 0.763290 
59343.417668 0.761528 
59343.428896 0.759765 
59343.440123 0.757998 
59343.451351 0.756229 
59343.462579 0.754457 
59343.473807 0.752683 
59343.485035 0.750905 
59343.496263 0.749125 
59343.507491 0.747343 
59343.518719 0.745558 
59343.529946 0.743770 
59343.541174 0.741979 
59343.552402 0.740186 
59343.563630 0.738390 
59343.574858 0.736592 
59343.586086 0.734791 
59343.597314 0.732987 
59343.608541 0.731181 
59343.619769 0.729372 
59343.630997 0.727561 
59343.642225 0.725747 
59343.653453 0.723930 
59343.664681 0.722111 
59343.675909 0.720290 
59343.687137 0.718465 
59343.698364 0.716639 
59343.709592 0.714810 
59343.720820 0.712978 
59343.732048 0.711143 
59343.743276 0.709307 
59343.754504 0.707467 
59343.765732 0.705626 
59343.776960 0.703781 
59343.788187 0.701934 
59343.799415 0.700085 
59343.810643 0.698234 
59343.821871 0.696379 
59343.833099 0.694523 
59343.844327 0.692664 
59343.855555 0.690802 
59343.866783 0.688938 
59343.878010 0.687072 
59343.889238 0.685203 
59343.900466 0.683332 
59343.911694 0.681459 
59343.922922 0.679583 
59343.934150 0.677705 
59343.945378 0.675824 
59343.956605 0.673941 
59343.967833 0.672056 
59343.979061 0.670168 
59343.990289 0.668278 
59344.001517 0.666386 
59344.012745 0.664491 
59344.023973 0.662594 
59344.035201 0.660695 
59344.046428 0.658793 
59344.057656 0.656889 
59344.068884 0.654983 
59344.080112 0.653075 
59344.091340 0.651164 
59344.102568 0.649251 
59344.113796 0.647336 
59344.125024 0.645418 
59344.136251 0.643499 
59344.147479 0.641577 
59344.158707 0.639653 
59344.169935 0.637726 
59344.181163 0.635798 
59344.192391 0.633867 
59344.203619 0.631934 
59344.214846 0.629999 
59344.226074 0.628062 
59344.237302 0.626123 
59344.248530 0.624181 
59344.259758 0.622238 
59344.270986 0.620292 
59344.282214 0.618344 
59344.293442 0.616394 
59344.304669 0.614442 
59344.315897 0.612488 
59344.327125 0.610531 
59344.338353 0.608573 
59344.349581 0.606612 
59344.360809 0.604650 
59344.372037 0.602685 
59344.383265 0.600719 
59344.394492 0.598750 
59344.405720 0.596779 
59344.416948 0.594807 
59344.428176 0.592832 
59344.439404 0.590855 
59344.450632 0.588877 
59344.461860 0.586896 
59344.473088 0.584913 
59344.484315 0.582929 
59344.495543 0.580942 
59344.506771 0.578954 
59344.517999 0.576963 
59344.529227 0.574971 
59344.540455 0.572977 
59344.551683 0.570980 
59344.562910 0.568982 
59344.574138 0.566982 
59344.585366 0.564980 
59344.596594 0.562977 
59344.607822 0.560971 
59344.619050 0.558964 
59344.630278 0.556954 
59344.641506 0.554943 
59344.652733 0.552930 
59344.663961 0.550915 
59344.675189 0.548899 
59344.686417 0.546880 
59344.697645 0.544860 
59344.708873 0.542838 
59344.720101 0.540814 
59344.731329 0.538789 
59344.742556 0.536761 
59344.753784 0.534732 
59344.765012 0.532701 
59344.776240 0.530669 
59344.787468 0.528635 
59344.798696 0.526599 
59344.809924 0.524561 
59344.821152 0.522522 
59344.832379 0.520481 
59344.843607 0.518438 
59344.854835 0.516393 
59344.866063 0.514347 
59344.877291 0.512300 
59344.888519 0.510250 
59344.899747 0.508199 
59344.910974 0.506147 
59344.922202 0.504093 
59344.933430 0.502037 
59344.944658 0.499980 
59344.955886 0.497921 
59344.967114 0.495860 
59344.978342 0.493798 
59344.989570 0.491734 
59345.000797 0.489669 
59345.012025 0.487602 
59345.023253 0.485534 
59345.034481 0.483465 
59345.045709 0.481393 
59345.056937 0.479321 
59345.068165 0.477246 
59345.079393 0.475171 
59345.090620 0.473093 
59345.101848 0.471015 
59345.113076 0.468935 
59345.124304 0.466853 
59345.135532 0.464770 
59345.146760 0.462686 
59345.157988 0.460600 
59345.169216 0.458513 
59345.180443 0.456424 
59345.191671 0.454335 
59345.202899 0.452243 
59345.214127 0.450151 
59345.225355 0.448057 
59345.236583 0.445961 
59345.247811 0.443865 
59345.259038 0.441767 
59345.270266 0.439667 
59345.281494 0.437567 
59345.292722 0.435465 
59345.303950 0.433362 
59345.315178 0.431257 
59345.326406 0.429151 
59345.337634 0.427045 
59345.348861 0.424936 
59345.360089 0.422827 
59345.371317 0.420716 
59345.382545 0.418604 
59345.393773 0.416491 
59345.405001 0.414377 
59345.416229 0.412262 
59345.427457 0.410145 
59345.438684 0.408027 
59345.449912 0.405908 
59345.461140 0.403788 
59345.472368 0.401667 
59345.483596 0.399545 
59345.494824 0.397421 
59345.506052 0.395297 
59345.517279 0.393171 
59345.528507 0.391044 
59345.539735 0.388917 
59345.550963 0.386788 
59345.562191 0.384658 
59345.573419 0.382527 
59345.584647 0.380395 
59345.595875 0.378262 
59345.607102 0.376128 
59345.618330 0.373993 
59345.629558 0.371857 
59345.640786 0.369720 
59345.652014 0.367582 
59345.663242 0.365443 
59345.674470 0.363303 
59345.685698 0.361162 
59345.696925 0.359020 
59345.708153 0.356878 
59345.719381 0.354734 
59345.730609 0.352590 
59345.741837 0.350444 
59345.753065 0.348298 
59345.764293 0.346151 
59345.775521 0.344003 
59345.786748 0.341854 
59345.797976 0.339704 
59345.809204 0.337554 
59345.820432 0.335403 
59345.831660 0.333250 
59345.842888 0.331097 
59345.854116 0.328944 
59345.865343 0.326789 
59345.876571 0.324634 
59345.887799 0.322478 
59345.899027 0.320321 
59345.910255 0.318164 
59345.921483 0.316005 
59345.932711 0.313846 
59345.943939 0.311687 
59345.955166 0.309526 
59345.966394 0.307365 
59345.977622 0.305204 
59345.988850 0.303041 
59346.000078 0.300878 
59346.011306 0.298714 
59346.022534 0.296550 
59346.033762 0.294385 
59346.044989 0.292220 
59346.056217 0.290053 
59346.067445 0.287887 
59346.078673 0.285719 
59346.089901 0.283551 
59346.101129 0.281383 
59346.112357 0.279214 
59346.123585 0.277044 
59346.134812 0.274874 
59346.146040 0.272703 
59346.157268 0.270532 
59346.168496 0.268361 
59346.179724 0.266189 
59346.190952 0.264016 
59346.202180 0.261843 
59346.213407 0.259669 
59346.224635 0.257495 
59346.235863 0.255321 
59346.247091 0.253146 
59346.258319 0.250971 
59346.269547 0.248795 
59346.280775 0.246619 
59346.292003 0.244442 
59346.303230 0.242265 
59346.314458 0.240088 
59346.325686 0.237911 
59346.336914 0.235733 
59346.348142 0.233554 
59346.359370 0.231376 
59346.370598 0.229197 
59346.381826 0.227018 
59346.393053 0.224838 
59346.404281 0.222659 
59346.415509 0.220478 
59346.426737 0.218298 
59346.437965 0.216118 
59346.449193 0.213937 
59346.460421 0.211756 
59346.471649 0.209574 
59346.482876 0.207393 
59346.494104 0.205211 
59346.505332 0.203029 
59346.516560 0.200847 
59346.527788 0.198665 
59346.539016 0.196483 
59346.550244 0.194300 
59346.561471 0.192118 
59346.572699 0.189935 
59346.583927 0.187752 
59346.595155 0.185569 
59346.606383 0.183386 
59346.617611 0.181203 
59346.628839 0.179019 
59346.640067 0.176836 
59346.651294 0.174653 
59346.662522 0.172469 
59346.673750 0.170286 
59346.684978 0.168102 
59346.696206 0.165919 
59346.707434 0.163735 
59346.718662 0.161552 
59346.729890 0.159368 
59346.741117 0.157185 
59346.752345 0.155001 
59346.763573 0.152818 
59346.774801 0.150635 
59346.786029 0.148451 
59346.797257 0.146268 
59346.808485 0.144085 
59346.819712 0.141902 
59346.830940 0.139719 
59346.842168 0.137536 
59346.853396 0.135354 
59346.864624 0.133171 
59346.875852 0.130989 
59346.887080 0.128807 
59346.898308 0.126625 
59346.909535 0.124443 
59346.920763 0.122262 
59346.931991 0.120080 
59346.943219 0.117899 
59346.954447 0.115718 
59346.965675 0.113537 
59346.976903 0.111357 
59346.988131 0.109177 
59346.999358 0.106997 
59347.010586 0.104817 
59347.021814 0.102638 
59347.033042 0.100458 
59347.044270 0.098280 
59347.055498 0.096101 
59347.066726 0.093923 
59347.077954 0.091745 
59347.089181 0.089568 
59347.100409 0.087391 
59347.111637 0.085214 
59347.122865 0.083037 
59347.134093 0.080862 
59347.145321 0.078686 
59347.156549 0.076511 
59347.167776 0.074336 
59347.179004 0.072162 
59347.190232 0.069988 
59347.201460 0.067814 
59347.212688 0.065641 
59347.223916 0.063469 
59347.235144 0.061297 
59347.246372 0.059125 
59347.257599 0.056954 
59347.268827 0.054784 
59347.280055 0.052614 
59347.291283 0.050444 
59347.302511 0.048276 
59347.313739 0.046107 
59347.324967 0.043939 
59347.336195 0.041772 
59347.347422 0.039606 
59347.358650 0.037439 
59347.369878 0.035274 
59347.381106 0.033109 
59347.392334 0.030945 
59347.403562 0.028781 
59347.414790 0.026618 
59347.426018 0.024456 
59347.437245 0.022295 
59347.448473 0.020134 
59347.459701 0.017973 
59347.470929 0.015814 
59347.482157 0.013655 
59347.493385 0.011497 
59347.504613 0.009339 
59347.515840 0.007183 
59347.527068 0.005027 
59347.538296 0.002871 
59347.549524 0.000717 
59347.560752 -0.001437 
59347.571980 -0.003590 
59347.583208 -0.005742 
59347.594436 -0.007893 
59347.605663 -0.010043 
59347.616891 -0.012193 
59347.628119 -0.014342 
59347.639347 -0.016490 
59347.650575 -0.018637 
59347.661803 -0.020783 
59347.673031 -0.022929 
59347.684259 -0.025073 
59347.695486 -0.027217 
59347.706714 -0.029360 
59347.717942 -0.031501 
59347.729170 -0.033642 
59347.740398 -0.035782 
59347.751626 -0.037921 
59347.762854 -0.040059 
59347.774082 -0.042196 
59347.785309 -0.044332 
59347.796537 -0.046468 
59347.807765 -0.048602 
59347.818993 -0.050735 
59347.830221 -0.052867 
59347.841449 -0.054998 
59347.852677 -0.057128 
59347.863904 -0.059257 
59347.875132 -0.061385 
59347.886360 -0.063512 
59347.897588 -0.065638 
59347.908816 -0.067763 
59347.920044 -0.069887 
59347.931272 -0.072009 
59347.942500 -0.074131 
59347.953727 -0.076251 
59347.964955 -0.078371 
59347.976183 -0.080489 
59347.987411 -0.082606 
59347.998639 -0.084722 
59348.009867 -0.086836 
59348.021095 -0.088950 
59348.032323 -0.091062 
59348.043550 -0.093173 
59348.054778 -0.095283 
59348.066006 -0.097392 
59348.077234 -0.099499 
59348.088462 -0.101606 
59348.099690 -0.103711 
59348.110918 -0.105814 
59348.122145 -0.107917 
59348.133373 -0.110018 
59348.144601 -0.112118 
59348.155829 -0.114217 
59348.167057 -0.116314 
59348.178285 -0.118410 
59348.189513 -0.120505 
59348.200741 -0.122598 
59348.211968 -0.124691 
59348.223196 -0.126781 
59348.234424 -0.128871 
59348.245652 -0.130959 
59348.256880 -0.133045 
59348.268108 -0.135131 
59348.279336 -0.137215 
59348.290564 -0.139297 
59348.301791 -0.141378 
59348.313019 -0.143458 
59348.324247 -0.145536 
59348.335475 -0.147613 
59348.346703 -0.149688 
59348.357931 -0.151762 
59348.369159 -0.153835 
59348.380387 -0.155906 
59348.391614 -0.157975 
59348.402842 -0.160043 
59348.414070 -0.162110 
59348.425298 -0.164175 
59348.436526 -0.166238 
59348.447754 -0.168300 
59348.458982 -0.170361 
59348.470209 -0.172420 
59348.481437 -0.174477 
59348.492665 -0.176533 
59348.503893 -0.178587 
59348.515121 -0.180640 
59348.526349 -0.182691 
59348.537577 -0.184740 
59348.548805 -0.186788 
59348.560032 -0.188834 
59348.571260 -0.190879 
59348.582488 -0.192922 
59348.593716 -0.194963 
59348.604944 -0.197003 
59348.616172 -0.199041 
59348.627400 -0.201077 
59348.638628 -0.203112 
59348.649855 -0.205145 
59348.661083 -0.207176 
59348.672311 -0.209206 
59348.683539 -0.211234 
59348.694767 -0.213260 
59348.705995 -0.215284 
59348.717223 -0.217307 
59348.728451 -0.219328 
59348.739678 -0.221347 
59348.750906 -0.223365 
59348.762134 -0.225380 
59348.773362 -0.227394 
59348.784590 -0.229406 
59348.795818 -0.231416 
59348.807046 -0.233425 
59348.818273 -0.235432 
59348.829501 -0.237436 
59348.840729 -0.239439 
59348.851957 -0.241441 
59348.863185 -0.243440 
59348.874413 -0.245437 
59348.885641 -0.247433 
59348.896869 -0.249427 
59348.908096 -0.251419 
59348.919324 -0.253409 
59348.930552 -0.255397 
59348.941780 -0.257383 
59348.953008 -0.259367 
59348.964236 -0.261349 
59348.975464 -0.263330 
59348.986692 -0.265308 
59348.997919 -0.267285 
59349.009147 -0.269259 
59349.020375 -0.271232 
59349.031603 -0.273203 
59349.042831 -0.275171 
59349.054059 -0.277138 
59349.065287 -0.279102 
59349.076515 -0.281065 
59349.087742 -0.283026 
59349.098970 -0.284984 
59349.110198 -0.286941 
59349.121426 -0.288896 
59349.132654 -0.290848 
59349.143882 -0.292799 
59349.155110 -0.294747 
59349.166337 -0.296693 
59349.177565 -0.298638 
59349.188793 -0.300580 
59349.200021 -0.302520 
59349.211249 -0.304458 
59349.222477 -0.306394 
59349.233705 -0.308327 
59349.244933 -0.310259 
59349.256160 -0.312189 
59349.267388 -0.314116 
59349.278616 -0.316041 
59349.289844 -0.317964 
59349.301072 -0.319885 
59349.312300 -0.321804 
59349.323528 -0.323720 
59349.334756 -0.325635 
59349.345983 -0.327547 
59349.357211 -0.329457 
59349.368439 -0.331365 
59349.379667 -0.333270 
59349.390895 -0.335174 
59349.402123 -0.337075 
59349.413351 -0.338974 
59349.424578 -0.340870 
59349.435806 -0.342765 
59349.447034 -0.344657 
59349.458262 -0.346547 
59349.469490 -0.348434 
59349.480718 -0.350320 
59349.491946 -0.352203 
59349.503174 -0.354084 
59349.514401 -0.355962 
59349.525629 -0.357838 
59349.536857 -0.359712 
59349.548085 -0.361583 
59349.559313 -0.363453 
59349.570541 -0.365319 
59349.581769 -0.367184 
59349.592997 -0.369046 
59349.604224 -0.370906 
59349.615452 -0.372763 
59349.626680 -0.374618 
59349.637908 -0.376471 
59349.649136 -0.378321 
59349.660364 -0.380169 
59349.671592 -0.382014 
59349.682820 -0.383857 
59349.694047 -0.385698 
59349.705275 -0.387536 
59349.716503 -0.389372 
59349.727731 -0.391205 
59349.738959 -0.393036 
59349.750187 -0.394865 
59349.761415 -0.396691 
59349.772642 -0.398514 
59349.783870 -0.400335 
59349.795098 -0.402154 
59349.806326 -0.403970 
59349.817554 -0.405784 
59349.828782 -0.407595 
59349.840010 -0.409404 
59349.851238 -0.411210 
59349.862465 -0.413013 
59349.873693 -0.414814 
59349.884921 -0.416613 
59349.896149 -0.418409 
59349.907377 -0.420202 
59349.918605 -0.421993 
59349.929833 -0.423782 
59349.941061 -0.425567 
59349.952288 -0.427351 
59349.963516 -0.429131 
59349.974744 -0.430909 
59349.985972 -0.432685 
59349.997200 -0.434458 
59350.008428 -0.436228 
59350.019656 -0.437996 
59350.030884 -0.439761 
59350.042111 -0.441523 
59350.053339 -0.443283 
59350.064567 -0.445040 
59350.075795 -0.446795 
59350.087023 -0.448547 
59350.098251 -0.450296 
59350.109479 -0.452043 
59350.120706 -0.453787 
59350.131934 -0.455528 
59350.143162 -0.457267 
59350.154390 -0.459003 
59350.165618 -0.460736 
59350.176846 -0.462467 
59350.188074 -0.464194 
59350.199302 -0.465920 
59350.210529 -0.467642 
59350.221757 -0.469362 
59350.232985 -0.471079 
59350.244213 -0.472793 
59350.255441 -0.474505 
59350.266669 -0.476214 
59350.277897 -0.477920 
59350.289125 -0.479623 
59350.300352 -0.481324 
59350.311580 -0.483021 
59350.322808 -0.484716 
59350.334036 -0.486409 
59350.345264 -0.488098 
59350.356492 -0.489785 
59350.367720 -0.491469 
59350.378948 -0.493150 
59350.390175 -0.494828 
59350.401403 -0.496504 
59350.412631 -0.498177 
59350.423859 -0.499847 
59350.435087 -0.501514 
59350.446315 -0.503178 
59350.457543 -0.504839 
59350.468770 -0.506498 
59350.479998 -0.508154 
59350.491226 -0.509807 
59350.502454 -0.511457 
59350.513682 -0.513104 
59350.524910 -0.514748 
59350.536138 -0.516390 
59350.547366 -0.518029 
59350.558593 -0.519664 
59350.569821 -0.521297 
59350.581049 -0.522927 
59350.592277 -0.524554 
59350.603505 -0.526178 
59350.614733 -0.527800 
59350.625961 -0.529418 
59350.637189 -0.531033 
59350.648416 -0.532646 
59350.659644 -0.534256 
59350.670872 -0.535862 
59350.682100 -0.537466 
59350.693328 -0.539067 
59350.704556 -0.540665 
59350.715784 -0.542260 
59350.727011 -0.543851 
59350.738239 -0.545440 
59350.749467 -0.547027 
59350.760695 -0.548610 
59350.771923 -0.550190 
59350.783151 -0.551767 
59350.794379 -0.553341 
59350.805607 -0.554912 
59350.816834 -0.556480 
59350.828062 -0.558046 
59350.839290 -0.559608 
59350.850518 -0.561167 
59350.861746 -0.562723 
59350.872974 -0.564276 
59350.884202 -0.565826 
59350.895430 -0.567374 
59350.906657 -0.568918 
59350.917885 -0.570459 
59350.929113 -0.571997 
59350.940341 -0.573532 
59350.951569 -0.575064 
59350.962797 -0.576593 
59350.974025 -0.578119 
59350.985253 -0.579642 
59350.996480 -0.581161 
59351.007708 -0.582678 
59351.018936 -0.584192 
59351.030164 -0.585702 
59351.041392 -0.587210 
59351.052620 -0.588714 
59351.063848 -0.590215 
59351.075075 -0.591714 
59351.086303 -0.593209 
59351.097531 -0.594701 
59351.108759 -0.596190 
59351.119987 -0.597676 
59351.131215 -0.599159 
59351.142443 -0.600638 
59351.153671 -0.602115 
59351.164898 -0.603588 
59351.176126 -0.605058 
59351.187354 -0.606526 
59351.198582 -0.607990 
59351.209810 -0.609451 
59351.221038 -0.610908 
59351.232266 -0.612363 
59351.243494 -0.613814 
59351.254721 -0.615263 
59351.265949 -0.616708 
59351.277177 -0.618150 
59351.288405 -0.619589 
59351.299633 -0.621025 
59351.310861 -0.622457 
59351.322089 -0.623887 
59351.333317 -0.625313 
59351.344544 -0.626736 
59351.355772 -0.628156 
59351.367000 -0.629572 
59351.378228 -0.630986 
59351.389456 -0.632396 
59351.400684 -0.633803 
59351.411912 -0.635207 
59351.423139 -0.636608 
59351.434367 -0.638006 
59351.445595 -0.639400 
59351.456823 -0.640791 
59351.468051 -0.642179 
59351.479279 -0.643564 
59351.490507 -0.644945 
59351.501735 -0.646324 
59351.512962 -0.647699 
59351.524190 -0.649070 
59351.535418 -0.650439 
59351.546646 -0.651804 
59351.557874 -0.653167 
59351.569102 -0.654525 
59351.580330 -0.655881 
59351.591558 -0.657234 
59351.602785 -0.658583 
59351.614013 -0.659929 
59351.625241 -0.661271 
59351.636469 -0.662611 
59351.647697 -0.663947 
59351.658925 -0.665280 
59351.670153 -0.666609 
59351.681381 -0.667936 
59351.692608 -0.669259 
59351.703836 -0.670579 
59351.715064 -0.671895 
59351.726292 -0.673209 
59351.737520 -0.674519 
59351.748748 -0.675825 
59351.759976 -0.677129 
59351.771203 -0.678429 
59351.782431 -0.679726 
59351.793659 -0.681020 
59351.804887 -0.682310 
59351.816115 -0.683597 
59351.827343 -0.684881 
59351.838571 -0.686161 
59351.849799 -0.687438 
59351.861026 -0.688712 
59351.872254 -0.689983 
59351.883482 -0.691250 
59351.894710 -0.692514 
59351.905938 -0.693774 
59351.917166 -0.695032 
59351.928394 -0.696286 
59351.939622 -0.697536 
59351.950849 -0.698784 
59351.962077 -0.700028 
59351.973305 -0.701268 
59351.984533 -0.702506 
59351.995761 -0.703740 
59352.006989 -0.704971 
59352.018217 -0.706198 
59352.029444 -0.707422 
59352.040672 -0.708643 
59352.051900 -0.709860 
59352.063128 -0.711074 
59352.074356 -0.712285 
59352.085584 -0.713492 
59352.096812 -0.714696 
59352.108040 -0.715897 
59352.119267 -0.717094 
59352.130495 -0.718288 
59352.141723 -0.719479 
59352.152951 -0.720666 
59352.164179 -0.721850 
59352.175407 -0.723031 
59352.186635 -0.724208 
59352.197863 -0.725382 
59352.209090 -0.726552 
59352.220318 -0.727719 
59352.231546 -0.728883 
59352.242774 -0.730044 
59352.254002 -0.731201 
59352.265230 -0.732354 
59352.276458 -0.733505 
59352.287686 -0.734652 
59352.298913 -0.735795 
59352.310141 -0.736935 
59352.321369 -0.738072 
59352.332597 -0.739206 
59352.343825 -0.740336 
59352.355053 -0.741462 
59352.366281 -0.742586 
59352.377508 -0.743706 
59352.388736 -0.744822 
59352.399964 -0.745935 
59352.411192 -0.747045 
59352.422420 -0.748152 
59352.433648 -0.749255 
59352.444876 -0.750354 
59352.456104 -0.751451 
59352.467331 -0.752544 
59352.478559 -0.753633 
59352.489787 -0.754719 
59352.501015 -0.755802 
59352.512243 -0.756881 
59352.523471 -0.757957 
59352.534699 -0.759030 
59352.545927 -0.760099 
59352.557154 -0.761165 
59352.568382 -0.762227 
59352.579610 -0.763286 
59352.590838 -0.764342 
59352.602066 -0.765394 
59352.613294 -0.766443 
59352.624522 -0.767488 
59352.635750 -0.768530 
59352.646977 -0.769569 
59352.658205 -0.770604 
59352.669433 -0.771636 
59352.680661 -0.772664 
59352.691889 -0.773689 
59352.703117 -0.774711 
59352.714345 -0.775729 
59352.725572 -0.776744 
59352.736800 -0.777755 
59352.748028 -0.778763 
59352.759256 -0.779768 
59352.770484 -0.780769 
59352.781712 -0.781767 
59352.792940 -0.782761 
59352.804168 -0.783752 
59352.815395 -0.784740 
59352.826623 -0.785724 
59352.837851 -0.786705 
59352.849079 -0.787682 
59352.860307 -0.788656 
59352.871535 -0.789626 
59352.882763 -0.790594 
59352.893991 -0.791557 
59352.905218 -0.792518 
59352.916446 -0.793475 
59352.927674 -0.794428 
59352.938902 -0.795378 
59352.950130 -0.796325 
59352.961358 -0.797268 
59352.972586 -0.798208 
59352.983813 -0.799145 
59352.995041 -0.800078 
59353.006269 -0.801008 
59353.017497 -0.801934 
59353.028725 -0.802857 
59353.039953 -0.803776 
59353.051181 -0.804692 
59353.062409 -0.805605 
59353.073636 -0.806514 
59353.084864 -0.807420 
59353.096092 -0.808323 
59353.107320 -0.809222 
59353.118548 -0.810118 
59353.129776 -0.811010 
59353.141004 -0.811899 
59353.152232 -0.812784 
59353.163459 -0.813666 
59353.174687 -0.814545 
59353.185915 -0.815420 
59353.197143 -0.816292 
59353.208371 -0.817161 
59353.219599 -0.818026 
59353.230827 -0.818887 
59353.242055 -0.819746 
59353.253282 -0.820601 
59353.264510 -0.821452 
59353.275738 -0.822300 
59353.286966 -0.823145 
59353.298194 -0.823986 
59353.309422 -0.824824 
59353.320650 -0.825659 
59353.331877 -0.826490 
59353.343105 -0.827318 
59353.354333 -0.828142 
59353.365561 -0.828963 
59353.376789 -0.829781 
59353.388017 -0.830595 
59353.399245 -0.831406 
59353.410473 -0.832213 
59353.421700 -0.833017 
59353.432928 -0.833818 
59353.444156 -0.834615 
59353.455384 -0.835409 
59353.466612 -0.836200 
59353.477840 -0.836987 
59353.489068 -0.837771 
59353.500296 -0.838551 
59353.511523 -0.839328 
59353.522751 -0.840102 
59353.533979 -0.840872 
59353.545207 -0.841639 
59353.556435 -0.842402 
59353.567663 -0.843163 
59353.578891 -0.843919 
59353.590119 -0.844673 
59353.601346 -0.845423 
59353.612574 -0.846170 
59353.623802 -0.846913 
59353.635030 -0.847653 
59353.646258 -0.848389 
59353.657486 -0.849123 
59353.668714 -0.849853 
59353.679941 -0.850579 
59353.691169 -0.851302 
59353.702397 -0.852022 
59353.713625 -0.852739 
59353.724853 -0.853452 
59353.736081 -0.854162 
59353.747309 -0.854868 
59353.758537 -0.855571 
59353.769764 -0.856271 
59353.780992 -0.856967 
59353.792220 -0.857660 
59353.803448 -0.858350 
59353.814676 -0.859036 
59353.825904 -0.859720 
59353.837132 -0.860399 
59353.848360 -0.861076 
59353.859587 -0.861749 
59353.870815 -0.862418 
59353.882043 -0.863085 
59353.893271 -0.863748 
59353.904499 -0.864408 
59353.915727 -0.865064 
59353.926955 -0.865717 
59353.938183 -0.866367 
59353.949410 -0.867013 
59353.960638 -0.867656 
59353.971866 -0.868296 
59353.983094 -0.868933 
59353.994322 -0.869566 
59354.005550 -0.870196 
59354.016778 -0.870822 
59354.028005 -0.871446 
59354.039233 -0.872066 
59354.050461 -0.872682 
59354.061689 -0.873296 
59354.072917 -0.873906 
59354.084145 -0.874513 
59354.095373 -0.875116 
59354.106601 -0.875716 
59354.117828 -0.876313 
59354.129056 -0.876907 
59354.140284 -0.877497 
59354.151512 -0.878084 
59354.162740 -0.878668 
59354.173968 -0.879249 
59354.185196 -0.879826 
59354.196424 -0.880400 
59354.207651 -0.880970 
59354.218879 -0.881538 
59354.230107 -0.882102 
59354.241335 -0.882663 
59354.252563 -0.883221 
59354.263791 -0.883775 
59354.275019 -0.884326 
59354.286246 -0.884874 
59354.297474 -0.885418 
59354.308702 -0.885960 
59354.319930 -0.886498 
59354.331158 -0.887033 
59354.342386 -0.887564 
59354.353614 -0.888093 
59354.364842 -0.888618 
59354.376069 -0.889140 
59354.387297 -0.889659 
59354.398525 -0.890174 
59354.409753 -0.890686 
59354.420981 -0.891195 
59354.432209 -0.891701 
59354.443437 -0.892203 
59354.454665 -0.892703 
59354.465892 -0.893199 
59354.477120 -0.893692 
59354.488348 -0.894182 
59354.499576 -0.894668 
59354.510804 -0.895151 
59354.522032 -0.895631 
59354.533260 -0.896108 
59354.544488 -0.896582 
59354.555715 -0.897052 
59354.566943 -0.897520 
59354.578171 -0.897984 
59354.589399 -0.898445 
59354.600627 -0.898902 
59354.611855 -0.899357 
59354.623083 -0.899808 
59354.634310 -0.900257 
59354.645538 -0.900702 
59354.656766 -0.901143 
59354.667994 -0.901582 
59354.679222 -0.902018 
59354.690450 -0.902450 
59354.701678 -0.902879 
59354.712906 -0.903305 
59354.724133 -0.903728 
59354.735361 -0.904148 
59354.746589 -0.904565 
59354.757817 -0.904978 
59354.769045 -0.905388 
59354.780273 -0.905796 
59354.791501 -0.906200 
59354.802729 -0.906601 
59354.813956 -0.906999 
59354.825184 -0.907393 
59354.836412 -0.907785 
59354.847640 -0.908173 
59354.858868 -0.908559 
59354.870096 -0.908941 
59354.881324 -0.909320 
59354.892552 -0.909696 
59354.903779 -0.910069 
59354.915007 -0.910439 
59354.926235 -0.910805 
59354.937463 -0.911169 
59354.948691 -0.911529 
59354.959919 -0.911887 
59354.971147 -0.912241 
59354.982374 -0.912593 
59354.993602 -0.912941 
59355.004830 -0.913286 
59355.016058 -0.913628 
59355.027286 -0.913967 
59355.038514 -0.914303 
59355.049742 -0.914636 
59355.060970 -0.914966 
59355.072197 -0.915292 
59355.083425 -0.915616 
59355.094653 -0.915937 
59355.105881 -0.916254 
59355.117109 -0.916569 
59355.128337 -0.916880 
59355.139565 -0.917189 
59355.150793 -0.917494 
59355.162020 -0.917797 
59355.173248 -0.918096 
59355.184476 -0.918393 
59355.195704 -0.918686 
59355.206932 -0.918976 
59355.218160 -0.919264 
59355.229388 -0.919548 
59355.240616 -0.919830 
59355.251843 -0.920108 
59355.263071 -0.920383 
59355.274299 -0.920656 
59355.285527 -0.920925 
59355.296755 -0.921192 
59355.307983 -0.921455 
59355.319211 -0.921715 
59355.330438 -0.921973 
59355.341666 -0.922227 
59355.352894 -0.922479 
59355.364122 -0.922728 
59355.375350 -0.922973 
59355.386578 -0.923216 
59355.397806 -0.923456 
59355.409034 -0.923692 
59355.420261 -0.923926 
59355.431489 -0.924157 
59355.442717 -0.924385 
59355.453945 -0.924610 
59355.465173 -0.924832 
59355.476401 -0.925051 
59355.487629 -0.925268 
59355.498857 -0.925481 
59355.510084 -0.925692 
59355.521312 -0.925899 
59355.532540 -0.926104 
59355.543768 -0.926305 
59355.554996 -0.926504 
59355.566224 -0.926700 
59355.577452 -0.926893 
59355.588679 -0.927083 
59355.599907 -0.927271 
59355.611135 -0.927455 
59355.622363 -0.927636 
59355.633591 -0.927815 
59355.644819 -0.927991 
59355.656047 -0.928164 
59355.667275 -0.928334 
59355.678502 -0.928501 
59355.689730 -0.928665 
59355.700958 -0.928827 
59355.712186 -0.928986 
59355.723414 -0.929141 
59355.734642 -0.929294 
59355.745870 -0.929445 
59355.757098 -0.929592 
59355.768325 -0.929736 
59355.779553 -0.929878 
59355.790781 -0.930017 
59355.802009 -0.930153 
59355.813237 -0.930286 
59355.824465 -0.930417 
59355.835693 -0.930545 
59355.846921 -0.930669 
59355.858148 -0.930792 
59355.869376 -0.930911 
59355.880604 -0.931027 
59355.891832 -0.931141 
59355.903060 -0.931252 
59355.914288 -0.931360 
59355.925516 -0.931466 
59355.936743 -0.931568 
59355.947971 -0.931668 
59355.959199 -0.931765 
59355.970427 -0.931860 
59355.981655 -0.931952 
59355.992883 -0.932041 
59356.004111 -0.932127 
59356.015339 -0.932210 
59356.026566 -0.932291 
59356.037794 -0.932369 
59356.049022 -0.932444 
59356.060250 -0.932517 
59356.071478 -0.932587 
59356.082706 -0.932654 
59356.093934 -0.932718 
59356.105162 -0.932780 
59356.116389 -0.932839 
59356.127617 -0.932896 
59356.138845 -0.932949 
59356.150073 -0.933000 
59356.161301 -0.933049 
59356.172529 -0.933095 
59356.183757 -0.933138 
59356.194985 -0.933178 
59356.206212 -0.933216 
59356.217440 -0.933251 
59356.228668 -0.933283 
59356.239896 -0.933313 
59356.251124 -0.933340 
59356.262352 -0.933364 
59356.273580 -0.933386 
59356.284807 -0.933406 
59356.296035 -0.933422 
59356.307263 -0.933436 
59356.318491 -0.933448 
59356.329719 -0.933456 
59356.340947 -0.933463 
59356.352175 -0.933466 
59356.363403 -0.933467 
59356.374630 -0.933465 
59356.385858 -0.933461 
59356.397086 -0.933454 
59356.408314 -0.933445 
59356.419542 -0.933433 
59356.430770 -0.933419 
59356.441998 -0.933402 
59356.453226 -0.933382 
59356.464453 -0.933360 
59356.475681 -0.933335 
59356.486909 -0.933308 
59356.498137 -0.933278 
59356.509365 -0.933246 
59356.520593 -0.933211 
59356.531821 -0.933173 
59356.543049 -0.933134 
59356.554276 -0.933091 
59356.565504 -0.933046 
59356.576732 -0.932999 
59356.587960 -0.932949 
59356.599188 -0.932896 
59356.610416 -0.932841 
59356.621644 -0.932784 
59356.632871 -0.932724 
59356.644099 -0.932662 
59356.655327 -0.932597 
59356.666555 -0.932529 
59356.677783 -0.932459 
59356.689011 -0.932387 
59356.700239 -0.932312 
59356.711467 -0.932235 
59356.722694 -0.932156 
59356.733922 -0.932074 
59356.745150 -0.931989 
59356.756378 -0.931902 
59356.767606 -0.931813 
59356.778834 -0.931721 
59356.790062 -0.931627 
59356.801290 -0.931530 
59356.812517 -0.931431 
59356.823745 -0.931330 
59356.834973 -0.931226 
59356.846201 -0.931119 
59356.857429 -0.931011 
59356.868657 -0.930900 
59356.879885 -0.930786 
59356.891112 -0.930671 
59356.902340 -0.930552 
59356.913568 -0.930432 
59356.924796 -0.930309 
59356.936024 -0.930184 
59356.947252 -0.930056 
59356.958480 -0.929926 
59356.969708 -0.929794 
59356.980935 -0.929659 
59356.992163 -0.929522 
59357.003391 -0.929383 
59357.014619 -0.929242 
59357.025847 -0.929098 
59357.037075 -0.928951 
59357.048303 -0.928803 
59357.059531 -0.928652 
59357.070758 -0.928499 
59357.081986 -0.928343 
59357.093214 -0.928186 
59357.104442 -0.928026 
59357.115670 -0.927863 
59357.126898 -0.927699 
59357.138126 -0.927532 
59357.149354 -0.927363 
59357.160581 -0.927192 
59357.171809 -0.927018 
59357.183037 -0.926842 
59357.194265 -0.926664 
59357.205493 -0.926484 
59357.216721 -0.926301 
59357.227949 -0.926116 
59357.239176 -0.925929 
59357.250404 -0.925740 
59357.261632 -0.925549 
59357.272860 -0.925355 
59357.284088 -0.925159 
59357.295316 -0.924961 
59357.306544 -0.924761 
59357.317772 -0.924558 
59357.328999 -0.924353 
59357.340227 -0.924147 
59357.351455 -0.923938 
59357.362683 -0.923726 
59357.373911 -0.923513 
59357.385139 -0.923298 
59357.396367 -0.923080 
59357.407595 -0.922860 
59357.418822 -0.922638 
59357.430050 -0.922414 
59357.441278 -0.922188 
59357.452506 -0.921959 
59357.463734 -0.921729 
59357.474962 -0.921496 
59357.486190 -0.921262 
59357.497418 -0.921025 
59357.508645 -0.920786 
59357.519873 -0.920545 
59357.531101 -0.920302 
59357.542329 -0.920056 
59357.553557 -0.919809 
59357.564785 -0.919560 
59357.576013 -0.919308 
59357.587240 -0.919055 
59357.598468 -0.918799 
59357.609696 -0.918542 
59357.620924 -0.918282 
59357.632152 -0.918020 
59357.643380 -0.917756 
59357.654608 -0.917490 
59357.665836 -0.917223 
59357.677063 -0.916953 
59357.688291 -0.916681 
59357.699519 -0.916407 
59357.710747 -0.916131 
59357.721975 -0.915853 
59357.733203 -0.915573 
59357.744431 -0.915291 
59357.755659 -0.915007 
59357.766886 -0.914721 
59357.778114 -0.914433 
59357.789342 -0.914143 
59357.800570 -0.913851 
59357.811798 -0.913557 
59357.823026 -0.913261 
59357.834254 -0.912964 
59357.845482 -0.912664 
59357.856709 -0.912362 
59357.867937 -0.912059 
59357.879165 -0.911753 
59357.890393 -0.911446 
59357.901621 -0.911136 
59357.912849 -0.910825 
59357.924077 -0.910512 
59357.935304 -0.910196 
59357.946532 -0.909879 
59357.957760 -0.909560 
59357.968988 -0.909240 
59357.980216 -0.908917 
59357.991444 -0.908592 
59358.002672 -0.908266 
59358.013900 -0.907937 
59358.025127 -0.907607 
59358.036355 -0.907275 
59358.047583 -0.906941 
59358.058811 -0.906605 
59358.070039 -0.906267 
59358.081267 -0.905928 
59358.092495 -0.905586 
59358.103723 -0.905243 
59358.114950 -0.904898 
59358.126178 -0.904551 
59358.137406 -0.904203 
59358.148634 -0.903852 
59358.159862 -0.903500 
59358.171090 -0.903146 
59358.182318 -0.902790 
59358.193545 -0.902432 
59358.204773 -0.902073 
59358.216001 -0.901711 
59358.227229 -0.901348 
59358.238457 -0.900984 
59358.249685 -0.900617 
59358.260913 -0.900249 
59358.272141 -0.899879 
59358.283368 -0.899507 
59358.294596 -0.899133 
59358.305824 -0.898758 
59358.317052 -0.898381 
59358.328280 -0.898002 
59358.339508 -0.897621 
59358.350736 -0.897239 
59358.361964 -0.896855 
59358.373191 -0.896470 
59358.384419 -0.896082 
59358.395647 -0.895693 
59358.406875 -0.895303 
59358.418103 -0.894910 
59358.429331 -0.894516 
59358.440559 -0.894120 
59358.451787 -0.893723 
59358.463014 -0.893324 
59358.474242 -0.892923 
59358.485470 -0.892520 
59358.496698 -0.892116 
59358.507926 -0.891711 
59358.519154 -0.891303 
59358.530382 -0.890894 
59358.541609 -0.890484 
59358.552837 -0.890071 
59358.564065 -0.889658 
59358.575293 -0.889242 
59358.586521 -0.888825 
59358.597749 -0.888406 
59358.608977 -0.887986 
59358.620205 -0.887564 
59358.631432 -0.887141 
59358.642660 -0.886716 
59358.653888 -0.886289 
59358.665116 -0.885861 
59358.676344 -0.885431 
59358.687572 -0.885000 
59358.698800 -0.884567 
59358.710028 -0.884132 
59358.721255 -0.883697 
59358.732483 -0.883259 
59358.743711 -0.882820 
59358.754939 -0.882379 
59358.766167 -0.881937 
59358.777395 -0.881494 
59358.788623 -0.881049 
59358.799851 -0.880602 
59358.811078 -0.880154 
59358.822306 -0.879704 
59358.833534 -0.879253 
59358.844762 -0.878801 
59358.855990 -0.878347 
59358.867218 -0.877891 
59358.878446 -0.877434 
59358.889673 -0.876976 
59358.900901 -0.876516 
59358.912129 -0.876054 
59358.923357 -0.875591 
59358.934585 -0.875127 
59358.945813 -0.874661 
59358.957041 -0.874194 
59358.968269 -0.873726 
59358.979496 -0.873256 
59358.990724 -0.872784 
59359.001952 -0.872311 
59359.013180 -0.871837 
59359.024408 -0.871362 
59359.035636 -0.870885 
59359.046864 -0.870406 
59359.058092 -0.869926 
59359.069319 -0.869445 
59359.080547 -0.868963 
59359.091775 -0.868479 
59359.103003 -0.867994 
59359.114231 -0.867507 
59359.125459 -0.867019 
59359.136687 -0.866530 
59359.147915 -0.866039 
59359.159142 -0.865547 
59359.170370 -0.865054 
59359.181598 -0.864559 
59359.192826 -0.864063 
59359.204054 -0.863566 
59359.215282 -0.863067 
59359.226510 -0.862567 
59359.237737 -0.862066 
59359.248965 -0.861564 
59359.260193 -0.861060 
59359.271421 -0.860555 
59359.282649 -0.860049 
59359.293877 -0.859541 
59359.305105 -0.859032 
59359.316333 -0.858522 
59359.327560 -0.858011 
59359.338788 -0.857498 
59359.350016 -0.856984 
59359.361244 -0.856469 
59359.372472 -0.855953 
59359.383700 -0.855435 
59359.394928 -0.854917 
59359.406156 -0.854397 
59359.417383 -0.853875 
59359.428611 -0.853353 
59359.439839 -0.852829 
59359.451067 -0.852305 
59359.462295 -0.851779 
59359.473523 -0.851252 
59359.484751 -0.850723 
59359.495978 -0.850194 
59359.507206 -0.849663 
59359.518434 -0.849131 
59359.529662 -0.848598 
59359.540890 -0.848064 
59359.552118 -0.847529 
59359.563346 -0.846992 
59359.574574 -0.846455 
59359.585801 -0.845916 
59359.597029 -0.845376 
59359.608257 -0.844835 
59359.619485 -0.844293 
59359.630713 -0.843750 
59359.641941 -0.843206 
59359.653169 -0.842661 
59359.664397 -0.842114 
59359.675624 -0.841567 
59359.686852 -0.841018 
59359.698080 -0.840468 
59359.709308 -0.839918 
59359.720536 -0.839366 
59359.731764 -0.838813 
59359.742992 -0.838259 
59359.754220 -0.837704 
59359.765447 -0.837148 
59359.776675 -0.836591 
59359.787903 -0.836033 
59359.799131 -0.835474 
59359.810359 -0.834914 
59359.821587 -0.834353 
59359.832815 -0.833791 
59359.844042 -0.833228 
59359.855270 -0.832663 
59359.866498 -0.832098 
59359.877726 -0.831532 
59359.888954 -0.830965 
59359.900182 -0.830397 
59359.911410 -0.829828 
59359.922638 -0.829258 
59359.933865 -0.828687 
59359.945093 -0.828115 
59359.956321 -0.827542 
59359.967549 -0.826969 
59359.978777 -0.826394 
59359.990005 -0.825818 
59360.001233 -0.825242 
59360.012461 -0.824664 
59360.023688 -0.824086 
59360.034916 -0.823506 
59360.046144 -0.822926 
59360.057372 -0.822345 
59360.068600 -0.821763 
59360.079828 -0.821180 
59360.091056 -0.820596 
59360.102284 -0.820012 
59360.113511 -0.819426 
59360.124739 -0.818840 
59360.135967 -0.818252 
59360.147195 -0.817664 
59360.158423 -0.817075 
59360.169651 -0.816486 
59360.180879 -0.815895 
59360.192106 -0.815303 
59360.203334 -0.814711 
59360.214562 -0.814118 
59360.225790 -0.813524 
59360.237018 -0.812929 
59360.248246 -0.812334 
59360.259474 -0.811737 
59360.270702 -0.811140 
59360.281929 -0.810542 
59360.293157 -0.809944 
59360.304385 -0.809344 
59360.315613 -0.808744 
59360.326841 -0.808143 
59360.338069 -0.807541 
59360.349297 -0.806939 
59360.360525 -0.806335 
59360.371752 -0.805731 
59360.382980 -0.805127 
59360.394208 -0.804521 
59360.405436 -0.803915 
59360.416664 -0.803308 
59360.427892 -0.802700 
59360.439120 -0.802092 
59360.450348 -0.801483 
59360.461575 -0.800873 
59360.472803 -0.800263 
59360.484031 -0.799652 
59360.495259 -0.799040 
59360.506487 -0.798427 
59360.517715 -0.797814 
59360.528943 -0.797200 
59360.540170 -0.796586 
59360.551398 -0.795971 
59360.562626 -0.795355 
59360.573854 -0.794739 
59360.585082 -0.794122 
59360.596310 -0.793504 
59360.607538 -0.792886 
59360.618766 -0.792267 
59360.629993 -0.791647 
59360.641221 -0.791027 
59360.652449 -0.790406 
59360.663677 -0.789785 
59360.674905 -0.789163 
59360.686133 -0.788540 
59360.697361 -0.787917 
59360.708589 -0.787294 
59360.719816 -0.786669 
59360.731044 -0.786045 
59360.742272 -0.785419 
59360.753500 -0.784793 
59360.764728 -0.784167 
59360.775956 -0.783540 
59360.787184 -0.782912 
59360.798411 -0.782284 
59360.809639 -0.781656 
59360.820867 -0.781027 
59360.832095 -0.780397 
59360.843323 -0.779767 
59360.854551 -0.779136 
59360.865779 -0.778505 
59360.877007 -0.777874 
59360.888234 -0.777241 
59360.899462 -0.776609 
59360.910690 -0.775976 
59360.921918 -0.775342 
59360.933146 -0.774708 
59360.944374 -0.774074 
59360.955602 -0.773439 
59360.966830 -0.772804 
59360.978057 -0.772168 
59360.989285 -0.771532 
59361.000513 -0.770895 
59361.011741 -0.770258 
59361.022969 -0.769621 
59361.034197 -0.768983 
59361.045425 -0.768345 
59361.056653 -0.767706 
59361.067880 -0.767067 
59361.079108 -0.766428 
59361.090336 -0.765788 
59361.101564 -0.765148 
59361.112792 -0.764507 
59361.124020 -0.763866 
59361.135248 -0.763225 
59361.146475 -0.762583 
59361.157703 -0.761941 
59361.168931 -0.761299 
59361.180159 -0.760656 
59361.191387 -0.760013 
59361.202615 -0.759370 
59361.213843 -0.758726 
59361.225071 -0.758082 
59361.236298 -0.757438 
59361.247526 -0.756794 
59361.258754 -0.756149 
59361.269982 -0.755504 
59361.281210 -0.754858 
59361.292438 -0.754213 
59361.303666 -0.753567 
59361.314894 -0.752920 
59361.326121 -0.752274 
59361.337349 -0.751627 
59361.348577 -0.750980 
59361.359805 -0.750333 
59361.371033 -0.749686 
59361.382261 -0.749038 
59361.393489 -0.748390 
59361.404717 -0.747742 
59361.415944 -0.747093 
59361.427172 -0.746445 
59361.438400 -0.745796 
59361.449628 -0.745147 
59361.460856 -0.744498 
59361.472084 -0.743849 
59361.483312 -0.743199 
59361.494539 -0.742549 
59361.505767 -0.741900 
59361.516995 -0.741250 
59361.528223 -0.740599 
59361.539451 -0.739949 
59361.550679 -0.739299 
59361.561907 -0.738648 
59361.573135 -0.737997 
59361.584362 -0.737346 
59361.595590 -0.736695 
59361.606818 -0.736044 
59361.618046 -0.735393 
59361.629274 -0.734742 
59361.640502 -0.734090 
59361.651730 -0.733439 
59361.662958 -0.732787 
59361.674185 -0.732136 
59361.685413 -0.731484 
59361.696641 -0.730832 
59361.707869 -0.730180 
59361.719097 -0.729528 
59361.730325 -0.728876 
59361.741553 -0.728224 
59361.752781 -0.727572 
59361.764008 -0.726920 
59361.775236 -0.726268 
59361.786464 -0.725616 
59361.797692 -0.724964 
59361.808920 -0.724311 
59361.820148 -0.723659 
59361.831376 -0.723007 
59361.842603 -0.722355 
59361.853831 -0.721703 
59361.865059 -0.721051 
59361.876287 -0.720399 
59361.887515 -0.719747 
59361.898743 -0.719094 
59361.909971 -0.718443 
59361.921199 -0.717791 
59361.932426 -0.717139 
59361.943654 -0.716487 
59361.954882 -0.715835 
59361.966110 -0.715183 
59361.977338 -0.714532 
59361.988566 -0.713880 
59361.999794 -0.713229 
59362.011022 -0.712578 
59362.022249 -0.711926 
59362.033477 -0.711275 
59362.044705 -0.710624 
59362.055933 -0.709973 
59362.067161 -0.709323 
59362.078389 -0.708672 
59362.089617 -0.708021 
59362.100844 -0.707371 
59362.112072 -0.706721 
59362.123300 -0.706071 
59362.134528 -0.705421 
59362.145756 -0.704771 
59362.156984 -0.704122 
59362.168212 -0.703472 
59362.179440 -0.702823 
59362.190667 -0.702174 
59362.201895 -0.701525 
59362.213123 -0.700877 
59362.224351 -0.700229 
59362.235579 -0.699580 
59362.246807 -0.698932 
59362.258035 -0.698285 
59362.269263 -0.697637 
59362.280490 -0.696990 
59362.291718 -0.696343 
59362.302946 -0.695696 
59362.314174 -0.695050 
59362.325402 -0.694404 
59362.336630 -0.693758 
59362.347858 -0.693112 
59362.359086 -0.692467 
59362.370313 -0.691822 
59362.381541 -0.691177 
59362.392769 -0.690532 
59362.403997 -0.689888 
59362.415225 -0.689244 
59362.426453 -0.688601 
59362.437681 -0.687958 
59362.448908 -0.687315 
59362.460136 -0.686672 
59362.471364 -0.686030 
59362.482592 -0.685388 
59362.493820 -0.684747 
59362.505048 -0.684105 
59362.516276 -0.683465 
59362.527504 -0.682824 
59362.538731 -0.682184 
59362.549959 -0.681545 
59362.561187 -0.680905 
59362.572415 -0.680266 
59362.583643 -0.679628 
59362.594871 -0.678990 
59362.606099 -0.678352 
59362.617327 -0.677715 
59362.628554 -0.677078 
59362.639782 -0.676442 
59362.651010 -0.675806 
59362.662238 -0.675171 
59362.673466 -0.674536 
59362.684694 -0.673901 
59362.695922 -0.673267 
59362.707150 -0.672633 
59362.718377 -0.672000 
59362.729605 -0.671368 
59362.740833 -0.670735 
59362.752061 -0.670104 
59362.763289 -0.669473 
59362.774517 -0.668842 
59362.785745 -0.668212 
59362.796972 -0.667582 
59362.808200 -0.666953 
59362.819428 -0.666324 
59362.830656 -0.665696 
59362.841884 -0.665069 
59362.853112 -0.664442 
59362.864340 -0.663816 
59362.875568 -0.663190 
59362.886795 -0.662564 
59362.898023 -0.661940 
59362.909251 -0.661316 
59362.920479 -0.660692 
59362.931707 -0.000069 
