# time Tc_folded Tref_folded model 
59318.650141 0.916400 0.298044    -2.183461
59318.687751 0.954011 0.311105    -1.979736
59318.725361 0.991621 0.324166    -1.756655
59318.762971 1.029231 0.337227    -1.518234
59318.800582 1.066841 0.350288    -1.268662
59318.838192 1.104451 0.363349    -1.012112
59318.875802 1.142061 0.376410    -0.752585
59318.913412 1.179671 0.389471    -0.493777
59318.951022 1.217282 0.402532    -0.238992
59318.988632 1.254892 0.415593     0.008917
59319.026243 1.292502 0.428654     0.247567
59319.063853 1.330112 0.441715     0.475037
59319.101463 1.367722 0.454776     0.689845
59319.139073 1.405332 0.467837     0.890899
59319.176683 -1.436637 0.480898     1.077459
59319.214293 -1.399027 0.493959     1.249076
59319.251903 -1.361417 0.507020     1.405549
59319.289514 -1.323807 0.520081     1.546873
59319.327124 -1.286196 0.533142     1.673198
59319.364734 -1.248586 0.546203     1.784792
59319.402344 -1.210976 0.559264     1.882011
59319.439954 -1.173366 0.572325     1.965269
59319.477564 -1.135756 0.585386     2.035020
59319.515175 -1.098146 0.598447     2.091739
59319.552785 -1.060536 0.611508     2.135907
59319.590395 -1.022925 0.624569     2.168005
59319.628005 -0.985315 0.637630     2.188502
59319.665615 -0.947705 0.650691     2.197849
59319.703225 -0.910095 0.663752     2.196480
59319.740836 -0.872485 0.676813     2.184804
59319.778446 -0.834875 0.689874     2.163205
59319.816056 -0.797264 0.702935     2.132042
59319.853666 -0.759654 0.715996     2.091651
59319.891276 -0.722044 0.729057     2.042341
59319.928886 -0.684434 0.742118     1.984398
59319.966496 -0.646824 0.755179     1.918088
59320.004107 -0.609214 0.768240     1.843655
59320.041717 -0.571604 0.781301     1.761324
59320.079327 -0.533993 0.794362     1.671305
59320.116937 -0.496383 0.807423     1.573796
59320.154547 -0.458773 0.820484     1.468983
59320.192157 -0.421163 0.833545     1.357044
59320.229768 -0.383553 0.846606     1.238154
59320.267378 -0.345943 0.859667     1.112489
59320.304988 -0.308332 0.872728     0.980227
59320.342598 -0.270722 0.885789     0.841560
59320.380208 -0.233112 0.898850     0.696691
59320.417818 -0.195502 0.911911     0.545846
59320.455428 -0.157892 0.924972     0.389282
59320.493039 -0.120282 0.938033     0.227293
59320.530649 -0.082672 0.951094     0.060219
59320.568259 -0.045061 0.964155    -0.111542
59320.605869 -0.007451 0.977216    -0.287520
59320.643479 0.030159 0.990277    -0.467162
59320.681089 0.067769 0.003338    -0.649817
59320.718700 0.105379 0.016399    -0.834718
59320.756310 0.142989 0.029460    -1.020966
59320.793920 0.180600 0.042521    -1.207510
59320.831530 0.218210 0.055582    -1.393132
59320.869140 0.255820 0.068643    -1.576427
59320.906750 0.293430 0.081704    -1.755788
59320.944360 0.331040 0.094765    -1.929398
59320.981971 0.368650 0.107826    -2.095224
59321.019581 0.406261 0.120887    -2.251019
59321.057191 0.443871 0.133948    -2.394346
59321.094801 0.481481 0.147008    -2.522608
59321.132411 0.519091 0.160069    -2.633097
59321.170021 0.556701 0.173130    -2.723076
59321.207632 0.594311 0.186191    -2.789867
59321.245242 0.631921 0.199252    -2.830976
59321.282852 0.669532 0.212313    -2.844217
59321.320462 0.707142 0.225374    -2.827861
59321.358072 0.744752 0.238435    -2.780765
59321.395682 0.782362 0.251496    -2.702497
59321.433293 0.819972 0.264557    -2.593417
59321.470903 0.857582 0.277618    -2.454716
59321.508513 0.895193 0.290679    -2.288405
59321.546123 0.932803 0.303740    -2.097239
59321.583733 0.970413 0.316801    -1.884597
59321.621343 1.008023 0.329862    -1.654317
59321.658953 1.045633 0.342923    -1.410515
59321.696564 1.083243 0.355984    -1.157393
59321.734174 1.120853 0.369045    -0.899068
59321.771784 1.158464 0.382106    -0.639422
59321.809394 1.196074 0.395167    -0.381988
59321.847004 1.233684 0.408228    -0.129879
59321.884614 1.271294 0.421289     0.114258
59321.922225 1.308904 0.434350     0.348242
59321.959835 1.346514 0.447411     0.570348
59321.997445 1.384125 0.460472     0.779270
59322.035055 1.421735 0.473533     0.974075
59322.072665 -1.420235 0.486594     1.154158
59322.110275 -1.382625 0.499655     1.319183
59322.147885 -1.345014 0.512716     1.469040
59322.185496 -1.307404 0.525777     1.603796
59322.223106 -1.269794 0.538838     1.723658
59322.260716 -1.232184 0.551899     1.828935
59322.298326 -1.194574 0.564960     1.920012
59322.335936 -1.156964 0.578021     1.997322
59322.373546 -1.119354 0.591082     2.061330
59322.411157 -1.081743 0.604143     2.112516
59322.448767 -1.044133 0.617204     2.151362
59322.486377 -1.006523 0.630265     2.178344
59322.523987 -0.968913 0.643326     2.193923
59322.561597 -0.931303 0.656387     2.198545
59322.599207 -0.893693 0.669448     2.192632
59322.636817 -0.856082 0.682509     2.176582
59322.674428 -0.818472 0.695570     2.150770
59322.712038 -0.780862 0.708631     2.115543
59322.749648 -0.743252 0.721692     2.071225
59322.787258 -0.705642 0.734753     2.018117
59322.824868 -0.668032 0.747814     1.956494
59322.862478 -0.630421 0.760875     1.886612
59322.900089 -0.592811 0.773936     1.808707
59322.937699 -0.555201 0.786997     1.722999
59322.975309 -0.517591 0.800058     1.629690
59323.012919 -0.479981 0.813119     1.528973
59323.050529 -0.442371 0.826180     1.421030
59323.088139 -0.404761 0.839241     1.306038
59323.125750 -0.367150 0.852302     1.184172
59323.163360 -0.329540 0.865363     1.055608
59323.200970 -0.291930 0.878424     0.920529
59323.238580 -0.254320 0.891485     0.779130
59323.276190 -0.216710 0.904546     0.631626
59323.313800 -0.179100 0.917607     0.478253
59323.351410 -0.141489 0.930668     0.319285
59323.389021 -0.103879 0.943729     0.155033
59323.426631 -0.066269 0.956790    -0.014138
59323.464241 -0.028659 0.969851    -0.187801
59323.501851 0.008951 0.982912    -0.365450
59323.539461 0.046561 0.995973    -0.546493
59323.577071 0.084171 0.009034    -0.730229
59323.614682 0.121782 0.022095    -0.915836
59323.652292 0.159392 0.035156    -1.102352
59323.689902 0.197002 0.048217    -1.288654
59323.727512 0.234612 0.061278    -1.473446
59323.765122 0.272222 0.074339    -1.655235
59323.802732 0.309832 0.087400    -1.832324
59323.840342 0.347443 0.100461    -2.002802
59323.877953 0.385053 0.113522    -2.164541
59323.915563 0.422663 0.126583    -2.315209
59323.953173 0.460273 0.139644    -2.452293
59323.990783 0.497883 0.152705    -2.573140
59324.028393 0.535493 0.165766    -2.675020
59324.066003 0.573103 0.178827    -2.755208
59324.103614 0.610714 0.191888    -2.811091
59324.141224 0.648324 0.204949    -2.840291
59324.178834 0.685934 0.218010    -2.840805
59324.216444 0.723544 0.231071    -2.811144
59324.254054 0.761154 0.244131    -2.750462
59324.291664 0.798764 0.257192    -2.658663
59324.329274 0.836375 0.270253    -2.536469
59324.366885 0.873985 0.283314    -2.385434
59324.404495 0.911595 0.296375    -2.207904
59324.442105 0.949205 0.309436    -2.006926
59324.479715 0.986815 0.322497    -1.786099
59324.517325 1.024425 0.335558    -1.549407
59324.554935 1.062036 0.348619    -1.301025
59324.592546 1.099646 0.361680    -1.045138
59324.630156 1.137256 0.374741    -0.785778
59324.667766 1.174866 0.387802    -0.526686
59324.705376 1.212476 0.400863    -0.271218
59324.742986 1.250086 0.413924    -0.022288
59324.780596 1.287696 0.426985     0.217662
59324.818207 1.325307 0.440046     0.446652
59324.855817 1.362917 0.453107     0.663146
59324.893427 1.400527 0.466168     0.866006
59324.931037 1.438137 0.479229     1.054448
59324.968647 -1.403832 0.492290     1.227991
59325.006257 -1.366222 0.505351     1.386403
59325.043867 -1.328612 0.518412     1.529656
59325.081478 -1.291002 0.531473     1.657885
59325.119088 -1.253392 0.544534     1.771343
59325.156698 -1.215782 0.557595     1.870377
59325.194308 -1.178171 0.570656     1.955394
59325.231918 -1.140561 0.583717     2.026844
59325.269528 -1.102951 0.596778     2.085201
59325.307139 -1.065341 0.609839     2.130946
59325.344749 -1.027731 0.622900     2.164560
59325.382359 -0.990121 0.635961     2.186514
59325.419969 -0.952511 0.649022     2.197261
59325.457579 -0.914900 0.662083     2.197238
59325.495189 -0.877290 0.675144     2.186857
59325.532799 -0.839680 0.688205     2.166505
59325.570410 -0.802070 0.701266     2.136545
59325.608020 -0.764460 0.714327     2.097315
59325.645630 -0.726850 0.727388     2.049128
59325.683240 -0.689239 0.740449     1.992273
59325.720850 -0.651629 0.753510     1.927018
59325.758460 -0.614019 0.766571     1.853610
59325.796071 -0.576409 0.779632     1.772276
59325.833681 -0.538799 0.792693     1.683228
59325.871291 -0.501189 0.805754     1.586666
59325.908901 -0.463579 0.818815     1.482776
59325.946511 -0.425968 0.831876     1.371737
59325.984121 -0.388358 0.844937     1.253726
59326.021731 -0.350748 0.857998     1.128916
59326.059342 -0.313138 0.871059     0.997488
59326.096952 -0.275528 0.884120     0.859628
59326.134562 -0.237918 0.897181     0.715539
59326.172172 -0.200307 0.910242     0.565444
59326.209782 -0.162697 0.923303     0.409596
59326.247392 -0.125087 0.936364     0.248282
59326.285003 -0.087477 0.949425     0.081836
59326.322613 -0.049867 0.962486    -0.089351
59326.360223 -0.012257 0.975547    -0.264819
59326.397833 0.025353 0.988608    -0.444027
59326.435443 0.062964 0.001669    -0.626337
59326.473053 0.100574 0.014730    -0.810998
59326.510664 0.138184 0.027791    -0.997129
59326.548274 0.175794 0.040852    -1.183700
59326.585884 0.213404 0.053913    -1.369514
59326.623494 0.251014 0.066974    -1.553191
59326.661104 0.288625 0.080035    -1.733151
59326.698714 0.326235 0.093096    -1.907605
59326.736324 0.363845 0.106157    -2.074546
59326.773935 0.401455 0.119218    -2.231755
59326.811545 0.439065 0.132279    -2.376817
59326.849155 0.476675 0.145340    -2.507153
59326.886765 0.514286 0.158401    -2.620065
59326.924375 0.551896 0.171462    -2.712816
59326.961985 0.589506 0.184523    -2.782715
59326.999596 0.627116 0.197584    -2.827234
59327.037206 0.664726 0.210645    -2.844143
59327.074816 0.702336 0.223706    -2.831646
59327.112426 0.739946 0.236767    -2.788518
59327.150036 0.777557 0.249828    -2.714230
59327.187646 0.815167 0.262889    -2.609037
59327.225256 0.852777 0.275950    -2.474026
59327.262867 0.890387 0.289011    -2.311104
59327.300477 0.927997 0.302072    -2.122937
59327.338087 0.965607 0.315133    -1.912833
59327.375697 1.003218 0.328194    -1.684582
59327.413307 1.040828 0.341255    -1.442273
59327.450917 1.078438 0.354315    -1.190109
59327.488528 1.116048 0.367376    -0.932227
59327.526138 1.153658 0.380437    -0.672544
59327.563748 1.191268 0.393498    -0.414645
59327.601358 1.228878 0.406559    -0.161698
59327.638968 1.266489 0.419620     0.083589
59327.676578 1.304099 0.432681     0.318975
59327.714188 1.341709 0.445742     0.542680
59327.751799 1.379319 0.458803     0.753346
59327.789409 1.416929 0.471864     0.949996
59327.827019 -1.425040 0.484925     1.131983
59327.864629 -1.387430 0.497986     1.298943
59327.902239 -1.349820 0.511047     1.450737
59327.939849 -1.312210 0.524108     1.587414
59327.977460 -1.274600 0.537169     1.709163
59328.015070 -1.236989 0.550230     1.816284
59328.052680 -1.199379 0.563291     1.909152
59328.090290 -1.161769 0.576352     1.988195
59328.127900 -1.124159 0.589413     2.053876
59328.165510 -1.086549 0.602474     2.106674
59328.203121 -1.048939 0.615535     2.147070
59328.240731 -1.011329 0.628596     2.175541
59328.278341 -0.973718 0.641657     2.192552
59328.315951 -0.936108 0.654718     2.198551
59328.353561 -0.898498 0.667779     2.193961
59328.391171 -0.860888 0.680840     2.179185
59328.428781 -0.823278 0.693901     2.154600
59328.466392 -0.785668 0.706962     2.120557
59328.504002 -0.748057 0.720023     2.077384
59328.541612 -0.710447 0.733084     2.025382
59328.579222 -0.672837 0.746145     1.964833
59328.616832 -0.635227 0.759206     1.895992
59328.654442 -0.597617 0.772267     1.819100
59328.692053 -0.560007 0.785328     1.734377
59328.729663 -0.522396 0.798389     1.642029
59328.767273 -0.484786 0.811450     1.542248
59328.804883 -0.447176 0.824511     1.435219
59328.842493 -0.409566 0.837572     1.321118
59328.880103 -0.371956 0.850633     1.200120
59328.917713 -0.334346 0.863694     1.072401
59328.955324 -0.296736 0.876755     0.938144
59328.992934 -0.259125 0.889816     0.797542
59329.030544 -0.221515 0.902877     0.650805
59329.068154 -0.183905 0.915938     0.498168
59329.105764 -0.146295 0.928999     0.339898
59329.143374 -0.108685 0.942060     0.176302
59329.180985 -0.071075 0.955121     0.007737
59329.218595 -0.033464 0.968182    -0.165378
59329.256205 0.004146 0.981243    -0.342549
59329.293815 0.041756 0.994304    -0.523195
59329.331425 0.079366 0.007365    -0.706630
59329.369035 0.116976 0.020426    -0.892049
59329.406645 0.154586 0.033487    -1.078507
59329.444256 0.192196 0.046548    -1.264906
59329.481866 0.229807 0.059609    -1.449969
59329.519476 0.267417 0.072670    -1.632232
59329.557086 0.305027 0.085731    -1.810023
59329.594696 0.342637 0.098792    -1.981460
59329.632306 0.380247 0.111853    -2.144442
59329.669917 0.417857 0.124914    -2.296661
59329.707527 0.455468 0.137975    -2.435626
59329.745137 0.493078 0.151036    -2.558699
59329.782747 0.530688 0.164097    -2.663155
59329.820357 0.568298 0.177158    -2.746264
59329.857967 0.605908 0.190219    -2.805391
59329.895578 0.643518 0.203280    -2.838121
59329.933188 0.681128 0.216341    -2.842396
59329.970798 0.718739 0.229402    -2.816652
59330.008408 0.756349 0.242463    -2.759955
59330.046018 0.793959 0.255524    -2.672109
59330.083628 0.831569 0.268585    -2.553730
59330.121238 0.869179 0.281646    -2.406265
59330.158849 0.906789 0.294707    -2.231964
59330.196459 0.944400 0.307768    -2.033791
59330.234069 0.982010 0.320829    -1.815285
59330.271679 1.019620 0.333890    -1.580389
59330.309289 1.057230 0.346951    -1.333266
59330.346899 1.094840 0.360012    -1.078109
59330.384510 1.132450 0.373073    -0.818977
59330.422120 1.170061 0.386134    -0.559654
59330.459730 1.207671 0.399195    -0.303552
59330.497340 1.245281 0.412256    -0.053640
59330.534950 1.282891 0.425317     0.187577
59330.572560 1.320501 0.438378     0.418062
59330.610170 1.358111 0.451438     0.636224
59330.647781 1.395721 0.464499     0.840876
59330.685391 1.433332 0.477560     1.031193
59330.723001 -1.408638 0.490621     1.206657
59330.760611 -1.371028 0.503682     1.367008
59330.798221 -1.333418 0.516743     1.512194
59330.835831 -1.295807 0.529804     1.642330
59330.873442 -1.258197 0.542865     1.757658
59330.911052 -1.220587 0.555926     1.858513
59330.948662 -1.182977 0.568987     1.945297
59330.986272 -1.145367 0.582048     2.018455
59331.023882 -1.107757 0.595109     2.078458
59331.061492 -1.070146 0.608170     2.125788
59331.099102 -1.032536 0.621231     2.160925
59331.136713 -0.994926 0.634292     2.184342
59331.174323 -0.957316 0.647353     2.196497
59331.211933 -0.919706 0.660414     2.197827
59331.249543 -0.882096 0.673475     2.188746
59331.287153 -0.844486 0.686536     2.169648
59331.324763 -0.806875 0.699597     2.140896
59331.362374 -0.769265 0.712658     2.102833
59331.399984 -0.731655 0.725719     2.055774
59331.437594 -0.694045 0.738780     2.000011
59331.475204 -0.656435 0.751841     1.935815
59331.512814 -0.618825 0.764902     1.863435
59331.550424 -0.581214 0.777963     1.783102
59331.588035 -0.543604 0.791024     1.695029
59331.625645 -0.505994 0.804085     1.599416
59331.663255 -0.468384 0.817146     1.496452
59331.700865 -0.430774 0.830207     1.386317
59331.738475 -0.393164 0.843268     1.269187
59331.776085 -0.355554 0.856329     1.145236
59331.813695 -0.317943 0.869390     1.014643
59331.851306 -0.280333 0.882451     0.877594
59331.888916 -0.242723 0.895512     0.734288
59331.926526 -0.205113 0.908573     0.584948
59331.964136 -0.167503 0.921634     0.429819
59332.001746 -0.129893 0.934695     0.269186
59332.039356 -0.092282 0.947756     0.103376
59332.076967 -0.054672 0.960817    -0.067229
59332.114577 -0.017062 0.973878    -0.242178
59332.152187 0.020548 0.986939    -0.420942
59332.189797 0.058158 1.000000    -0.602895
59332.227407 0.095768 0.013061    -0.787302
59332.265017 0.133378 0.026122    -0.973299
59332.302627 0.170989 0.039183    -1.159877
59332.340238 0.208599 0.052244    -1.345860
59332.377848 0.246209 0.065305    -1.529894
59332.415458 0.283819 0.078366    -1.710425
59332.453068 0.321429 0.091427    -1.885690
59332.490678 0.359039 0.104488    -2.053710
59332.528288 0.396650 0.117549    -2.212293
59332.565899 0.434260 0.130610    -2.359048
59332.603509 0.471870 0.143671    -2.491413
59332.641119 0.509480 0.156732    -2.606705
59332.678729 0.547090 0.169793    -2.702184
59332.716339 0.584700 0.182854    -2.775147
59332.753949 0.622311 0.195915    -2.823041
59332.791559 0.659921 0.208976    -2.843589
59332.829170 0.697531 0.222037    -2.834930
59332.866780 0.735141 0.235098    -2.795761
59332.904390 0.772751 0.248159    -2.725457
59332.942000 0.810361 0.261220    -2.624171
59332.979610 0.847971 0.274281    -2.492880
59333.017220 0.885582 0.287342    -2.333390
59333.054831 0.923192 0.300403    -2.148276
59333.092441 0.960802 0.313464    -1.940772
59333.130051 0.998412 0.326525    -1.714616
59333.167661 1.036022 0.339586    -1.473870
59333.205271 1.073632 0.352647    -1.222732
59333.242881 1.111243 0.365708    -0.965356
59333.280492 1.148853 0.378769    -0.705696
59333.318102 1.186463 0.391830    -0.447383
59333.355712 1.224073 0.404891    -0.193642
59333.393322 1.261683 0.417952     0.052758
59333.430932 1.299293 0.431013     0.289518
59333.468542 1.336903 0.444074     0.514799
59333.506152 1.374514 0.457135     0.727193
59333.543763 1.412124 0.470196     0.925676
59333.581373 -1.429846 0.483257     1.109563
59333.618983 -1.392236 0.496318     1.278454
59333.656593 -1.354625 0.509379     1.432187
59333.694203 -1.317015 0.522440     1.570787
59333.731813 -1.279405 0.535501     1.694429
59333.769424 -1.241795 0.548562     1.803400
59333.807034 -1.204185 0.561622     1.898065
59333.844644 -1.166575 0.574683     1.978850
59333.882254 -1.128964 0.587744     2.046212
59333.919864 -1.091354 0.600805     2.100629
59333.957474 -1.053744 0.613866     2.142583
59333.995084 -1.016134 0.626927     2.172551
59334.032695 -0.978524 0.639988     2.191002
59334.070305 -0.940914 0.653049     2.198383
59334.107915 -0.903304 0.666110     2.195123
59334.145525 -0.865693 0.679171     2.181627
59334.183135 -0.828083 0.692232     2.158275
59334.220745 -0.790473 0.705293     2.125422
59334.258356 -0.752863 0.718354     2.083398
59334.295966 -0.715253 0.731415     2.032508
59334.333576 -0.677643 0.744476     1.973036
59334.371186 -0.640032 0.757537     1.905242
59334.408796 -0.602422 0.770598     1.829366
59334.446406 -0.564812 0.783659     1.745631
59334.484016 -0.527202 0.796720     1.654246
59334.521627 -0.489592 0.809781     1.555405
59334.559237 -0.451982 0.822842     1.449292
59334.596847 -0.414372 0.835903     1.336084
59334.634457 -0.376761 0.848964     1.215958
59334.672067 -0.339151 0.862025     1.089088
59334.709677 -0.301541 0.875086     0.955656
59334.747288 -0.263931 0.888147     0.815853
59334.784898 -0.226321 0.901208     0.669887
59334.822508 -0.188711 0.914269     0.517990
59334.860118 -0.151100 0.927330     0.360424
59334.897728 -0.113490 0.940391     0.197489
59334.935338 -0.075880 0.953452     0.029537
59334.972949 -0.038270 0.966513    -0.143022
59335.010559 -0.000660 0.979574    -0.319705
59335.048169 0.036950 0.992635    -0.499943
59335.085779 0.074561 0.005696    -0.683064
59335.123389 0.112171 0.018757    -0.868279
59335.160999 0.149781 0.031818    -1.054662
59335.198609 0.187391 0.044879    -1.241135
59335.236220 0.225001 0.057940    -1.426447
59335.273830 0.262611 0.071001    -1.609156
59335.311440 0.300221 0.084062    -1.787619
59335.349050 0.337832 0.097123    -1.959981
59335.386660 0.375442 0.110184    -2.124167
59335.424270 0.413052 0.123245    -2.277896
59335.461881 0.450662 0.136306    -2.418699
59335.499491 0.488272 0.149367    -2.543954
59335.537101 0.525882 0.162428    -2.650942
59335.574711 0.563493 0.175489    -2.736928
59335.612321 0.601103 0.188550    -2.799259
59335.649931 0.638713 0.201611    -2.835486
59335.687541 0.676323 0.214672    -2.843495
59335.725152 0.713933 0.227733    -2.821653
59335.762762 0.751543 0.240794    -2.768939
59335.800372 0.789153 0.253855    -2.685056
59335.837982 0.826764 0.266916    -2.570514
59335.875592 0.864374 0.279977    -2.426656
59335.913202 0.901984 0.293038    -2.255633
59335.950813 0.939594 0.306099    -2.060324
59335.988423 0.977204 0.319160    -1.844202
59336.026033 1.014814 0.332221    -1.611171
59336.063643 1.052425 0.345282    -1.365375
59336.101253 1.090035 0.358343    -1.111015
59336.138863 1.127645 0.371404    -0.852173
59336.176473 1.165255 0.384465    -0.592676
59336.214084 1.202865 0.397526    -0.335987
59336.251694 1.240475 0.410587    -0.085135
59336.289304 1.278085 0.423648     0.157316
59336.326914 1.315696 0.436709     0.389270
59336.364524 1.353306 0.449770     0.609081
59336.402134 1.390916 0.462831     0.815512
59336.439745 1.428526 0.475892     1.007696
59336.477355 -1.413443 0.488953     1.185077
59336.514965 -1.375833 0.502014     1.347366
59336.552575 -1.338223 0.515075     1.494486
59336.590185 -1.300613 0.528136     1.626534
59336.627795 -1.263003 0.541197     1.743737
59336.665406 -1.225393 0.554258     1.846420
59336.703016 -1.187782 0.567319     1.934977
59336.740626 -1.150172 0.580380     2.009850
59336.778236 -1.112562 0.593441     2.071508
59336.815846 -1.074952 0.606502     2.120430
59336.853456 -1.037342 0.619563     2.157098
59336.891066 -0.999732 0.632624     2.181987
59336.928677 -0.962121 0.645685     2.195556
59336.966287 -0.924511 0.658745     2.198245
59337.003897 -0.886901 0.671806     2.190473
59337.041507 -0.849291 0.684867     2.172633
59337.079117 -0.811681 0.697928     2.145096
59337.116727 -0.774071 0.710989     2.108204
59337.154338 -0.736461 0.724050     2.062277
59337.191948 -0.698850 0.737111     2.007611
59337.229558 -0.661240 0.750172     1.944479
59337.267168 -0.623630 0.763233     1.873131
59337.304778 -0.586020 0.776294     1.793802
59337.342388 -0.548410 0.789355     1.706706
59337.379998 -0.510800 0.802416     1.612046
59337.417609 -0.473189 0.815477     1.510011
59337.455219 -0.435579 0.828538     1.400782
59337.492829 -0.397969 0.841599     1.284536
59337.530439 -0.360359 0.854660     1.161447
59337.568049 -0.322749 0.867721     1.031692
59337.605659 -0.285139 0.880782     0.895457
59337.643270 -0.247529 0.893843     0.752940
59337.680880 -0.209918 0.906904     0.604357
59337.718490 -0.172308 0.919965     0.449953
59337.756100 -0.134698 0.933026     0.290006
59337.793710 -0.097088 0.946087     0.124837
59337.831320 -0.059478 0.959148    -0.045179
59337.868930 -0.021868 0.972209    -0.219600
59337.906541 0.015743 0.985270    -0.397909
59337.944151 0.053353 0.998331    -0.579494
59337.981761 0.090963 0.011392    -0.763632
59338.019371 0.128573 0.024453    -0.949479
59338.056981 0.166183 0.037514    -1.136044
59338.094591 0.203793 0.050575    -1.322175
59338.132202 0.241403 0.063636    -1.506541
59338.169812 0.279014 0.076697    -1.687613
59338.207422 0.316624 0.089758    -1.863656
59338.245032 0.354234 0.102819    -2.032719
59338.282642 0.391844 0.115880    -2.192638
59338.320252 0.429454 0.128941    -2.341044
59338.357863 0.467064 0.142002    -2.475395
59338.395473 0.504675 0.155063    -2.593020
59338.433083 0.542285 0.168124    -2.691183
59338.470693 0.579895 0.181185    -2.767170
59338.508303 0.617505 0.194246    -2.818402
59338.545913 0.655115 0.207307    -2.842557
59338.583523 0.692725 0.220368    -2.837716
59338.621134 0.730336 0.233429    -2.802495
59338.658744 0.767946 0.246490    -2.736178
59338.696354 0.805556 0.259551    -2.638813
59338.733964 0.843166 0.272612    -2.511272
59338.771574 0.880776 0.285673    -2.355257
59338.809184 0.918386 0.298734    -2.173249
59338.846795 0.955996 0.311795    -1.968407
59338.884405 0.993607 0.324856    -1.744412
59338.922015 1.031217 0.337917    -1.505298
59338.959625 1.068827 0.350978    -1.255253
59338.997235 1.106437 0.364039    -0.998448
59339.034845 1.144047 0.377100    -0.738870
59339.072455 1.181657 0.390161    -0.480196
59339.110066 1.219268 0.403222    -0.225707
59339.147676 1.256878 0.416283     0.021769
59339.185286 1.294488 0.429344     0.259872
59339.222896 1.332098 0.442405     0.486708
59339.260506 1.369708 0.455466     0.700813
59339.298116 1.407318 0.468527     0.901118
59339.335727 -1.434651 0.481588     1.086897
59339.373337 -1.397041 0.494649     1.257718
59339.410947 -1.359431 0.507710     1.413390
59339.448557 -1.321821 0.520771     1.553917
59339.486167 -1.284211 0.533832     1.679456
59339.523777 -1.246600 0.546893     1.790282
59339.561387 -1.208990 0.559954     1.886753
59339.598998 -1.171380 0.573015     1.969286
59339.636608 -1.133770 0.586076     2.038337
59339.674218 -1.096160 0.599137     2.094381
59339.711828 -1.058550 0.612198     2.137900
59339.749438 -1.020939 0.625259     2.169374
59339.787048 -0.983329 0.638320     2.189270
59339.824659 -0.945719 0.651381     2.198041
59339.862269 -0.908109 0.664442     2.196118
59339.899879 -0.870499 0.677503     2.183908
59339.937489 -0.832889 0.690564     2.161795
59339.975099 -0.795279 0.703625     2.130137
59340.012709 -0.757668 0.716686     2.089268
59340.050320 -0.720058 0.729747     2.039495
59340.087930 -0.682448 0.742808     1.981104
59340.125540 -0.644838 0.755869     1.914359
59340.163150 -0.607228 0.768929     1.839503
59340.200760 -0.569618 0.781990     1.756761
59340.238370 -0.532007 0.795051     1.666342
59340.275980 -0.494397 0.808112     1.568443
59340.313591 -0.456787 0.821173     1.463249
59340.351201 -0.419177 0.834234     1.350938
59340.388811 -0.381567 0.847295     1.231686
59340.426421 -0.343957 0.860356     1.105668
59340.464031 -0.306347 0.873417     0.973064
59340.501641 -0.268736 0.886478     0.834064
59340.539252 -0.231126 0.899539     0.688873
59340.576862 -0.193516 0.912600     0.537720
59340.614472 -0.155906 0.925661     0.380862
59340.652082 -0.118296 0.938722     0.218595
59340.689692 -0.080686 0.951783     0.051262
59340.727302 -0.043075 0.964844    -0.120733
59340.764912 -0.005465 0.977905    -0.296919
59340.802523 0.032145 0.990966    -0.476738
59340.840133 0.069755 0.004027    -0.659532
59340.877743 0.107365 0.017088    -0.844528
59340.915353 0.144975 0.030149    -1.030819
59340.952963 0.182586 0.043210    -1.217346
59340.990573 0.220196 0.056271    -1.402882
59341.028184 0.257806 0.069332    -1.586011
59341.065794 0.295416 0.082393    -1.765116
59341.103404 0.333026 0.095454    -1.938368
59341.141014 0.370636 0.108515    -2.103722
59341.178624 0.408246 0.121576    -2.258921
59341.216234 0.445857 0.134637    -2.401519
59341.253844 0.483467 0.147698    -2.528910
59341.291455 0.521077 0.160759    -2.638385
59341.329065 0.558687 0.173820    -2.727205
59341.366675 0.596297 0.186881    -2.792701
59341.404285 0.633907 0.199942    -2.832389
59341.441895 0.671518 0.213003    -2.844106
59341.479505 0.709128 0.226064    -2.826150
59341.517116 0.746738 0.239125    -2.777412
59341.554726 0.784348 0.252186    -2.697501
59341.592336 0.821958 0.265247    -2.586819
59341.629946 0.859568 0.278308    -2.446603
59341.667556 0.897178 0.291369    -2.278905
59341.705166 0.934789 0.304430    -2.086516
59341.742777 0.972399 0.317491    -1.872843
59341.780387 1.010009 0.330552    -1.641745
59341.817997 1.047619 0.343613    -1.397346
59341.855607 1.085229 0.356674    -1.143848
59341.893217 1.122839 0.369735    -0.885359
59341.930827 1.160450 0.382796    -0.625744
59341.968437 1.198060 0.395857    -0.368518
59342.006048 1.235670 0.408918    -0.116767
59342.043658 1.273280 0.421979     0.126884
59342.081268 1.310890 0.435040     0.360280
59342.118878 1.348500 0.448101     0.581719
59342.156488 1.386110 0.461162     0.789916
59342.194098 1.423721 0.474223     0.983957
59342.231709 -1.418249 0.487284     1.163250
59342.269319 -1.380639 0.500345     1.327475
59342.306929 -1.343029 0.513406     1.476532
59342.344539 -1.305418 0.526467     1.610495
59342.382149 -1.267808 0.539528     1.729579
59342.419759 -1.230198 0.552589     1.834096
59342.457369 -1.192588 0.565650     1.924434
59342.494980 -1.154978 0.578711     2.001030
59342.532590 -1.117368 0.591772     2.064349
59342.570200 -1.079757 0.604833     2.114872
59342.607810 -1.042147 0.617894     2.153079
59342.645420 -1.004537 0.630955     2.179447
59342.683030 -0.966927 0.644016     2.194438
59342.720641 -0.929317 0.657077     2.198493
59342.758251 -0.891707 0.670138     2.192035
59342.795861 -0.854096 0.683199     2.175460
59342.833471 -0.816486 0.696260     2.149142
59342.871081 -0.778876 0.709321     2.113427
59342.908691 -0.741266 0.722382     2.068638
59342.946301 -0.703656 0.735443     2.015073
59342.983912 -0.666046 0.748504     1.953008
59343.021522 -0.628436 0.761565     1.882697
59343.059132 -0.590825 0.774626     1.804375
59343.096742 -0.553215 0.787687     1.718260
59343.134352 -0.515605 0.800748     1.624555
59343.171962 -0.477995 0.813809     1.523452
59343.209573 -0.440385 0.826870     1.415133
59343.247183 -0.402775 0.839931     1.299774
59343.284793 -0.365164 0.852992     1.177549
59343.322403 -0.327554 0.866052     1.048636
59343.360013 -0.289944 0.879113     0.913219
59343.397623 -0.252334 0.892174     0.771492
59343.435234 -0.214724 0.905235     0.623672
59343.472844 -0.177114 0.918296     0.469997
59343.510454 -0.139504 0.931357     0.310741
59343.548064 -0.101893 0.944418     0.146219
59343.585674 -0.064283 0.957479    -0.023200
59343.623284 -0.026673 0.970540    -0.197086
59343.660894 0.010937 0.983601    -0.374931
59343.698505 0.048547 0.996662    -0.556134
59343.736115 0.086157 0.009723    -0.739991
59343.773725 0.123768 0.022784    -0.925671
59343.811335 0.161378 0.035845    -1.112205
59343.848945 0.198988 0.048906    -1.298462
59343.886555 0.236598 0.061967    -1.483134
59343.924166 0.274208 0.075028    -1.664719
59343.961776 0.311818 0.088089    -1.841509
59343.999386 0.349428 0.101150    -2.011580
59344.036996 0.387039 0.114211    -2.172795
59344.074606 0.424649 0.127272    -2.322810
59344.112216 0.462259 0.140333    -2.459104
59344.149826 0.499869 0.153394    -2.579018
59344.187437 0.537479 0.166455    -2.679820
59344.225047 0.575089 0.179516    -2.758789
59344.262657 0.612700 0.192577    -2.813319
59344.300267 0.650310 0.205638    -2.841051
59344.337877 0.687920 0.218699    -2.840004
59344.375487 0.725530 0.231760    -2.808720
59344.413098 0.763140 0.244821    -2.746390
59344.450708 0.800750 0.257882    -2.652961
59344.488318 0.838361 0.270943    -2.529198
59344.525928 0.875971 0.284004    -2.376698
59344.563538 0.913581 0.297065    -2.197849
59344.601148 0.951191 0.310126    -1.995728
59344.638758 0.988801 0.323187    -1.773962
59344.676369 1.026411 0.336248    -1.536547
59344.713979 1.064021 0.349309    -1.287665
59344.751589 1.101632 0.362370    -1.031496
59344.789199 1.139242 0.375431    -0.772059
59344.826809 1.176852 0.388492    -0.513078
59344.864419 1.214462 0.401553    -0.257887
59344.902030 1.252072 0.414614    -0.009374
59344.939640 1.289682 0.427675     0.230042
59344.977250 1.327293 0.440736     0.458408
59345.014860 1.364903 0.453797     0.674207
59345.052470 1.402513 0.466858     0.876322
59345.090080 -1.439457 0.479919     1.063987
59345.127691 -1.401846 0.492980     1.236735
59345.165301 -1.364236 0.506041     1.394345
59345.202911 -1.326626 0.519102     1.536801
59345.240521 -1.289016 0.532163     1.664242
59345.278131 -1.251406 0.545224     1.776930
59345.315741 -1.213796 0.558285     1.875212
59345.353351 -1.176186 0.571346     1.959502
59345.390962 -1.138575 0.584407     2.030249
59345.428572 -1.100965 0.597468     2.087928
59345.466182 -1.063355 0.610529     2.133021
59345.503792 -1.025745 0.623590     2.166007
59345.541402 -0.988135 0.636651     2.187357
59345.579012 -0.950525 0.649712     2.197526
59345.616623 -0.912914 0.662773     2.196945
59345.654233 -0.875304 0.675834     2.186028
59345.691843 -0.837694 0.688895     2.165160
59345.729453 -0.800084 0.701956     2.134702
59345.767063 -0.762474 0.715017     2.094992
59345.804673 -0.724864 0.728078     2.046340
59345.842283 -0.687254 0.741139     1.989035
59345.879894 -0.649643 0.754200     1.923344
59345.917504 -0.612033 0.767261     1.849511
59345.955114 -0.574423 0.780322     1.767765
59345.992724 -0.536813 0.793383     1.678316
59346.030334 -0.499203 0.806444     1.581362
59346.067944 -0.461593 0.819505     1.477090
59346.105555 -0.423982 0.832566     1.365679
59346.143165 -0.386372 0.845627     1.247304
59346.180775 -0.348762 0.858688     1.122140
59346.218385 -0.311152 0.871749     0.990367
59346.255995 -0.273542 0.884810     0.852173
59346.293605 -0.235932 0.897871     0.707761
59346.331215 -0.198322 0.910932     0.557356
59346.368826 -0.160711 0.923993     0.401212
59346.406436 -0.123101 0.937054     0.239618
59346.444046 -0.085491 0.950115     0.072911
59346.481656 -0.047881 0.963176    -0.098513
59346.519266 -0.010271 0.976236    -0.274193
59346.556876 0.027339 0.989297    -0.453582
59346.594487 0.064950 0.002358    -0.636036
59346.632097 0.102560 0.015419    -0.820798
59346.669707 0.140170 0.028480    -1.006979
59346.707317 0.177780 0.041541    -1.193541
59346.744927 0.215390 0.054602    -1.379279
59346.782537 0.253000 0.067663    -1.562801
59346.820148 0.290611 0.080724    -1.742517
59346.857758 0.328221 0.093785    -1.916627
59346.895368 0.365831 0.106846    -2.083111
59346.932978 0.403441 0.119907    -2.239740
59346.970588 0.441051 0.132968    -2.384091
59347.008198 0.478661 0.146029    -2.513574
59347.045808 0.516271 0.159090    -2.625491
59347.083419 0.553882 0.172151    -2.717102
59347.121029 0.591492 0.185212    -2.785721
59347.158639 0.629102 0.198273    -2.828835
59347.196249 0.666712 0.211334    -2.844232
59347.233859 0.704322 0.224395    -2.830142
59347.271469 0.741932 0.237456    -2.785376
59347.309080 0.779543 0.250517    -2.709442
59347.346690 0.817153 0.263578    -2.602641
59347.384300 0.854763 0.276639    -2.466101
59347.421910 0.892373 0.289700    -2.301773
59347.459520 0.929983 0.302761    -2.112360
59347.497130 0.967593 0.315822    -1.901199
59347.534740 1.005203 0.328883    -1.672102
59347.572351 1.042814 0.341944    -1.429167
59347.609961 1.080424 0.355005    -1.176600
59347.647571 1.118034 0.368066    -0.918527
59347.685181 1.155644 0.381127    -0.658852
59347.722791 1.193254 0.394188    -0.401139
59347.760401 1.230864 0.407249    -0.148532
59347.798012 1.268475 0.420310     0.096283
59347.835622 1.306085 0.433371     0.331094
59347.873232 1.343695 0.446432     0.554140
59347.910842 1.381305 0.459493     0.764087
59347.948452 1.418915 0.472554     0.959976
59347.986062 -1.423054 0.485615     1.141177
59348.023672 -1.385444 0.498676     1.307337
59348.061283 -1.347834 0.511737     1.458331
59348.098893 -1.310224 0.524798     1.594213
59348.136503 -1.272614 0.537859     1.715182
59348.174113 -1.235004 0.550920     1.821540
59348.211723 -1.197393 0.563981     1.913667
59348.249333 -1.159783 0.577042     1.991993
59348.286944 -1.122173 0.590103     2.056982
59348.324554 -1.084563 0.603164     2.109113
59348.362164 -1.046953 0.616225     2.148867
59348.399774 -1.009343 0.629286     2.176722
59348.437384 -0.971732 0.642347     2.193141
59348.474994 -0.934122 0.655408     2.198569
59348.512605 -0.896512 0.668469     2.193432
59348.550215 -0.858902 0.681530     2.178129
59348.587825 -0.821292 0.694591     2.153036
59348.625435 -0.783682 0.707652     2.118503
59348.663045 -0.746071 0.720713     2.074856
59348.700655 -0.708461 0.733774     2.022396
59348.738265 -0.670851 0.746835     1.961403
59348.775876 -0.633241 0.759896     1.892132
59348.813486 -0.595631 0.772957     1.814821
59348.851096 -0.558021 0.786018     1.729690
59348.888706 -0.520411 0.799079     1.636944
59348.926316 -0.482800 0.812140     1.536776
59348.963926 -0.445190 0.825201     1.429369
59349.001537 -0.407580 0.838262     1.314900
59349.039147 -0.369970 0.851323     1.193543
59349.076757 -0.332360 0.864384     1.065474
59349.114367 -0.294750 0.877445     0.930877
59349.151977 -0.257139 0.890506     0.789945
59349.189587 -0.219529 0.903567     0.642890
59349.227197 -0.181919 0.916628     0.489949
59349.264808 -0.144309 0.929689     0.331390
59349.302418 -0.106699 0.942750     0.167522
59349.340028 -0.069089 0.955811    -0.001295
59349.377638 -0.031479 0.968872    -0.174637
59349.415248 0.006132 0.981933    -0.352007
59349.452858 0.043742 0.994994    -0.532818
59349.490469 0.081352 0.008055    -0.716379
59349.528079 0.118962 0.021116    -0.901877
59349.565689 0.156572 0.034177    -1.088362
59349.603299 0.194182 0.047238    -1.274723
59349.640909 0.231793 0.060299    -1.459677
59349.678519 0.269403 0.073360    -1.641747
59349.716129 0.307013 0.086420    -1.819252
59349.753740 0.344623 0.099481    -1.990297
59349.791350 0.382233 0.112542    -2.152769
59349.828960 0.419843 0.125603    -2.304353
59349.866570 0.457453 0.138664    -2.442546
59349.904180 0.495064 0.151725    -2.564704
59349.941790 0.532674 0.164786    -2.668101
59349.979401 0.570284 0.177847    -2.750008
59350.017011 0.607894 0.190908    -2.807799
59350.054621 0.645504 0.203969    -2.839074
59350.092231 0.683114 0.217030    -2.841798
59350.129841 0.720725 0.230091    -2.814437
59350.167451 0.758335 0.243152    -2.756094
59350.205062 0.795945 0.256213    -2.666613
59350.242672 0.833555 0.269274    -2.546654
59350.280282 0.871165 0.282335    -2.397709
59350.317892 0.908775 0.295396    -2.222068
59350.355502 0.946386 0.308457    -2.022728
59350.393112 0.983996 0.321518    -1.803255
59350.430722 1.021606 0.334579    -1.567609
59350.468333 1.059216 0.347640    -1.319957
59350.505943 1.096826 0.360701    -1.064491
59350.543553 1.134436 0.373762    -0.805257
59350.581163 1.172046 0.386823    -0.546023
59350.618773 1.209657 0.399884    -0.290177
59350.656383 1.247267 0.412945    -0.040666
59350.693994 1.284877 0.426006     0.200031
59350.731604 1.322487 0.439067     0.429902
59350.769214 1.360097 0.452128     0.647377
59350.806824 1.397707 0.465189     0.851290
59350.844434 1.435318 0.478250     1.040833
59350.882044 -1.406652 0.491311     1.215504
59350.919654 -1.369042 0.504372     1.375053
59350.957265 -1.331432 0.517433     1.519440
59350.994875 -1.293821 0.530494     1.648788
59351.032485 -1.256211 0.543555     1.763342
59351.070095 -1.218601 0.556616     1.863444
59351.107705 -1.180991 0.569677     1.949496
59351.145315 -1.143381 0.582738     2.021948
59351.182926 -1.105771 0.595799     2.081270
59351.220536 -1.068161 0.608860     2.127944
59351.258146 -1.030550 0.621921     2.162450
59351.295756 -0.992940 0.634982     2.185262
59351.333366 -0.955330 0.648043     2.196834
59351.370976 -0.917720 0.661104     2.197604
59351.408586 -0.880110 0.674165     2.187985
59351.446197 -0.842500 0.687226     2.168368
59351.483807 -0.804889 0.700287     2.139116
59351.521417 -0.767279 0.713348     2.100570
59351.559027 -0.729669 0.726409     2.053044
59351.596637 -0.692059 0.739470     1.996830
59351.634247 -0.654449 0.752531     1.932196
59351.671858 -0.616839 0.765592     1.859390
59351.709468 -0.579229 0.778653     1.778643
59351.747078 -0.541618 0.791714     1.690167
59351.784688 -0.504008 0.804775     1.594161
59351.822298 -0.466398 0.817836     1.490814
59351.859908 -0.428788 0.830897     1.380305
59351.897519 -0.391178 0.843958     1.262811
59351.935129 -0.353568 0.857019     1.138505
59351.972739 -0.315957 0.870080     1.007566
59352.010349 -0.278347 0.883141     0.870181
59352.047959 -0.240737 0.896202     0.726552
59352.085569 -0.203127 0.909263     0.576899
59352.123179 -0.165517 0.922324     0.421473
59352.160790 -0.127907 0.935385     0.260557
59352.198400 -0.090297 0.948446     0.094483
59352.236010 -0.052686 0.961507    -0.076363
59352.273620 -0.015076 0.974568    -0.251527
59352.311230 0.022534 0.987629    -0.430476
59352.348840 0.060144 0.000690    -0.612578
59352.386451 0.097754 0.013751    -0.797092
59352.424061 0.135364 0.026812    -0.983146
59352.461671 0.172975 0.039873    -1.169723
59352.499281 0.210585 0.052934    -1.355639
59352.536891 0.248195 0.065995    -1.539529
59352.574501 0.285805 0.079056    -1.719828
59352.612111 0.323415 0.092117    -1.894761
59352.649722 0.361025 0.105178    -2.062339
59352.687332 0.398636 0.118239    -2.220359
59352.724942 0.436246 0.131300    -2.366420
59352.762552 0.473856 0.144361    -2.497952
59352.800162 0.511466 0.157422    -2.612266
59352.837772 0.549076 0.170483    -2.706623
59352.875383 0.586686 0.183543    -2.778325
59352.912993 0.624296 0.196604    -2.824829
59352.950603 0.661907 0.209665    -2.843876
59352.988213 0.699517 0.222726    -2.833634
59353.025823 0.737127 0.235787    -2.792830
59353.063433 0.774737 0.248848    -2.720879
59353.101043 0.812347 0.261909    -2.617976
59353.138654 0.849957 0.274970    -2.485144
59353.176264 0.887568 0.288031    -2.324230
59353.213874 0.925178 0.301092    -2.137848
59353.251484 0.962788 0.314153    -1.929263
59353.289094 1.000398 0.327214    -1.702232
59353.326704 1.038008 0.340275    -1.460832
59353.364315 1.075618 0.353336    -1.209262
59353.401925 1.113228 0.366397    -0.951669
59353.439535 1.150839 0.379458    -0.691992
59353.477145 1.188449 0.392519    -0.433844
59353.514755 1.226059 0.405580    -0.180426
59353.552365 1.263669 0.418641     0.065519
59353.589976 1.301279 0.431702     0.301715
59353.627586 1.338889 0.444763     0.526347
59353.665196 1.376500 0.457824     0.738029
59353.702806 1.414110 0.470885     0.935755
59353.740416 -1.427860 0.483946     1.118858
59353.778026 -1.390250 0.497007     1.286951
59353.815636 -1.352639 0.510068     1.439883
59353.853247 -1.315029 0.523129     1.577688
59353.890857 -1.277419 0.536190     1.700547
59353.928467 -1.239809 0.549251     1.808753
59353.966077 -1.202199 0.562312     1.902674
59354.003687 -1.164589 0.575373     1.982739
59354.041297 -1.126979 0.588434     2.049405
59354.078908 -1.089368 0.601495     2.103152
59354.116518 -1.051758 0.614556     2.144461
59354.154128 -1.014148 0.627617     2.173810
59354.191738 -0.976538 0.640678     2.191664
59354.229348 -0.938928 0.653739     2.198473
59354.266958 -0.901318 0.666800     2.194663
59354.304568 -0.863707 0.679861     2.180637
59354.342179 -0.826097 0.692922     2.156775
59354.379789 -0.788487 0.705983     2.123429
59354.417399 -0.750877 0.719044     2.080930
59354.455009 -0.713267 0.732105     2.029580
59354.492619 -0.675657 0.745166     1.969662
59354.530229 -0.638047 0.758227     1.901435
59354.567840 -0.600436 0.771288     1.825139
59354.605450 -0.562826 0.784349     1.740996
59354.643060 -0.525216 0.797410     1.649212
59354.680670 -0.487606 0.810471     1.549982
59354.718280 -0.449996 0.823532     1.443490
59354.755890 -0.412386 0.836593     1.329913
59354.793500 -0.374775 0.849654     1.209426
59354.831111 -0.337165 0.862715     1.082205
59354.868721 -0.299555 0.875776     0.948432
59354.906331 -0.261945 0.888837     0.808298
59354.943941 -0.224335 0.901898     0.662013
59354.981551 -0.186725 0.914959     0.509809
59355.019161 -0.149114 0.928020     0.351952
59355.056772 -0.111504 0.941081     0.188743
59355.094382 -0.073894 0.954142     0.020537
59355.131992 -0.036284 0.967203    -0.152253
59355.169602 0.001326 0.980264    -0.329139
59355.207212 0.038936 0.993325    -0.509547
59355.244822 0.076546 0.006386    -0.692799
59355.282433 0.114157 0.019447    -0.878100
59355.320043 0.151767 0.032508    -1.064517
59355.357653 0.189377 0.045569    -1.250961
59355.395263 0.226987 0.058630    -1.436173
59355.432873 0.264597 0.071691    -1.618701
59355.470483 0.302207 0.084752    -1.796891
59355.508093 0.339818 0.097813    -1.968874
59355.545704 0.377428 0.110874    -2.132567
59355.583314 0.415038 0.123935    -2.285677
59355.620924 0.452648 0.136996    -2.425726
59355.658534 0.490258 0.150057    -2.550084
59355.696144 0.527868 0.163118    -2.656031
59355.733754 0.565478 0.176179    -2.740833
59355.771365 0.603089 0.189240    -2.801845
59355.808975 0.640699 0.202301    -2.836631
59355.846585 0.678309 0.215362    -2.843100
59355.884195 0.715919 0.228423    -2.819648
59355.921805 0.753529 0.241484    -2.765288
59355.959415 0.791139 0.254545    -2.679766
59355.997025 0.828750 0.267606    -2.563636
59356.034636 0.866360 0.280667    -2.418283
59356.072246 0.903970 0.293727    -2.245899
59356.109856 0.941580 0.306788    -2.049399
59356.147466 0.979190 0.319849    -1.832284
59356.185076 1.016800 0.332910    -1.598475
59356.222686 1.054410 0.345971    -1.352122
59356.260297 1.092021 0.359032    -1.097424
59356.297907 1.129631 0.372093    -0.838455
59356.335517 1.167241 0.385154    -0.579023
59356.373127 1.204851 0.398215    -0.322571
59356.410737 1.242461 0.411276    -0.072102
59356.448347 1.280071 0.424337     0.169843
59356.485957 1.317682 0.437398     0.401193
59356.523568 1.355292 0.450459     0.620325
59356.561178 1.392902 0.463520     0.826023
59356.598788 1.430512 0.476581     1.017436
59356.636398 -1.411457 0.489642     1.194026
59356.674008 -1.373847 0.502703     1.355513
59356.711618 -1.336237 0.515764     1.501834
59356.749229 -1.298627 0.528825     1.633092
59356.786839 -1.261017 0.541886     1.749519
59356.824449 -1.223407 0.554947     1.851445
59356.862059 -1.185796 0.568008     1.939269
59356.899669 -1.148186 0.581069     2.013432
59356.937279 -1.110576 0.594130     2.074405
59356.974890 -1.072966 0.607191     2.122668
59357.012500 -1.035356 0.620252     2.158703
59357.050110 -0.997746 0.633313     2.182983
59357.087720 -0.960136 0.646374     2.195966
59357.125330 -0.922525 0.659435     2.198093
59357.162940 -0.884915 0.672496     2.189779
59357.200550 -0.847305 0.685557     2.171419
59357.238161 -0.809695 0.698618     2.143379
59357.275771 -0.772085 0.711679     2.106002
59357.313381 -0.734475 0.724740     2.059607
59357.350991 -0.696864 0.737801     2.004487
59357.388601 -0.659254 0.750862     1.940915
59357.426211 -0.621644 0.763923     1.869140
59357.463822 -0.584034 0.776984     1.789395
59357.501432 -0.546424 0.790045     1.701895
59357.539042 -0.508814 0.803106     1.606841
59357.576652 -0.471204 0.816167     1.504421
59357.614262 -0.433593 0.829228     1.394818
59357.651872 -0.395983 0.842289     1.278206
59357.689482 -0.358373 0.855350     1.154761
59357.727093 -0.320763 0.868411     1.024659
59357.764703 -0.283153 0.881472     0.888087
59357.802313 -0.245543 0.894533     0.745244
59357.839923 -0.207932 0.907594     0.596348
59357.877533 -0.170322 0.920655     0.441644
59357.915143 -0.132712 0.933716     0.281412
59357.952754 -0.095102 0.946777     0.115977
59357.990364 -0.057492 0.959838    -0.054283
59358.027974 -0.019882 0.972899    -0.228923
59358.065584 0.017728 0.985960    -0.407422
59358.103194 0.055339 0.999021    -0.589160
59358.140804 0.092949 0.012082    -0.773411
59358.178414 0.130559 0.025143    -0.959322
59358.216025 0.168169 0.038204    -1.145894
59358.253635 0.205779 0.051265    -1.331967
59358.291245 0.243389 0.064326    -1.516199
59358.328855 0.281000 0.077387    -1.697050
59358.366465 0.318610 0.090448    -1.872776
59358.404075 0.356220 0.103509    -2.041412
59358.441686 0.393830 0.116570    -2.200783
59358.479296 0.431440 0.129631    -2.348512
59358.516906 0.469050 0.142692    -2.482048
59358.554516 0.506661 0.155753    -2.598714
59358.592126 0.544271 0.168814    -2.695773
59358.629736 0.581881 0.181875    -2.770516
59358.667347 0.619491 0.194936    -2.820373
59358.704957 0.657101 0.207997    -2.843041
59358.742567 0.694711 0.221058    -2.836625
59358.780177 0.732321 0.234119    -2.799774
59358.817787 0.769932 0.247180    -2.731809
59358.855397 0.807542 0.260241    -2.632821
59358.893007 0.845152 0.273302    -2.503727
59358.930618 0.882762 0.286363    -2.346271
59358.968228 0.920372 0.299424    -2.162974
59359.005838 0.957982 0.312485    -1.957024
59359.043448 0.995593 0.325546    -1.732128
59359.081058 1.033203 0.338607    -1.492331
59359.118668 1.070813 0.351668    -1.241826
59359.156279 1.108423 0.364729    -0.984777
59359.193889 1.146033 0.377790    -0.725158
59359.231499 1.183643 0.390850    -0.466627
59359.269109 1.221253 0.403911    -0.212441
59359.306719 1.258864 0.416972     0.034594
59359.344329 1.296474 0.430033     0.272146
59359.381939 1.334084 0.443094     0.498342
59359.419550 1.371694 0.456155     0.711742
59359.457160 1.409304 0.469216     0.911296
59359.494770 -1.432665 0.482277     1.096294
59359.532380 -1.395055 0.495338     1.266318
59359.569990 -1.357445 0.508399     1.421188
59359.607600 -1.319835 0.521460     1.560918
59359.645211 -1.282225 0.534521     1.685673
59359.682821 -1.244614 0.547582     1.795731
59359.720431 -1.207004 0.560643     1.891455
59359.758041 -1.169394 0.573704     1.973265
59359.795651 -1.131784 0.586765     2.041617
59359.833261 -1.094174 0.599826     2.096988
59359.870871 -1.056564 0.612887     2.139859
59359.908482 -1.018954 0.625948     2.170710
59359.946092 -0.981343 0.639009     2.190008
59359.983702 -0.943733 0.652070     2.198204
59360.021312 -0.906123 0.665131     2.195727
59360.058922 -0.868513 0.678192     2.182985
59360.096532 -0.830903 0.691253     2.160359
59360.134143 -0.793293 0.704314     2.128207
59360.171753 -0.755682 0.717375     2.086859
59360.209363 -0.718072 0.730436     2.036625
59360.246973 -0.680462 0.743497     1.977786
59360.284583 -0.642852 0.756558     1.910607
59360.322193 -0.605242 0.769619     1.835329
59360.359804 -0.567632 0.782680     1.752176
59360.397414 -0.530022 0.795741     1.661358
59360.435024 -0.492411 0.808802     1.563069
59360.472634 -0.454801 0.821863     1.457495
59360.510244 -0.417191 0.834924     1.344813
59360.547854 -0.379581 0.847985     1.225200
59360.585464 -0.341971 0.861046     1.098829
59360.623075 -0.304361 0.874107     0.965882
59360.660685 -0.266750 0.887168     0.826550
59360.698295 -0.229140 0.900229     0.681039
59360.735905 -0.191530 0.913290     0.529577
59360.773515 -0.153920 0.926351     0.372426
59360.811125 -0.116310 0.939412     0.209883
59360.848736 -0.078700 0.952473     0.042293
59360.886346 -0.041089 0.965534    -0.129936
59360.923956 -0.003479 0.978595    -0.306329
59360.961566 0.034131 0.991656    -0.486322
59360.999176 0.071741 0.004717    -0.669253
59361.036786 0.109351 0.017778    -0.854341
59361.074396 0.146961 0.030839    -1.040672
59361.112007 0.184571 0.043900    -1.227180
59361.149617 0.222182 0.056961    -1.412625
59361.187227 0.259792 0.070022    -1.595584
59361.224837 0.297402 0.083083    -1.774428
59361.262447 0.335012 0.096144    -1.947316
59361.300057 0.372622 0.109205    -2.112191
59361.337668 0.410232 0.122266    -2.266788
59361.375278 0.447843 0.135327    -2.408650
59361.412888 0.485453 0.148388    -2.535163
59361.450498 0.523063 0.161449    -2.643615
59361.488108 0.560673 0.174510    -2.731270
59361.525718 0.598283 0.187571    -2.795463
59361.563328 0.635893 0.200632    -2.833725
59361.600939 0.673503 0.213693    -2.843913
59361.638549 0.711114 0.226754    -2.824353
59361.676159 0.748724 0.239815    -2.773972
59361.713769 0.786334 0.252876    -2.692419
59361.751379 0.823944 0.265937    -2.580139
59361.788989 0.861554 0.278998    -2.438414
59361.826600 0.899164 0.292059    -2.269336
59361.864210 0.936775 0.305120    -2.075733
59361.901820 0.974385 0.318181    -1.861041
59361.939430 1.011995 0.331242    -1.629136
59361.977040 1.049605 0.344303    -1.384151
59362.014650 1.087215 0.357364    -1.130288
59362.052261 1.124825 0.370425    -0.871646
59362.089871 1.162435 0.383486    -0.612073
59362.127481 1.200046 0.396547    -0.355063
59362.165091 1.237656 0.409608    -0.103678
59362.202701 1.275266 0.422669     0.139481
59362.240311 1.312876 0.435730     0.372284
59362.277921 1.350486 0.448791     0.593053
59362.315532 1.388096 0.461852     0.800522
59362.353142 1.425707 0.474913     0.993797
59362.390752 -1.416263 0.487974     1.172301
59362.428362 -1.378653 0.501034     1.335725
59362.465972 -1.341043 0.514095     1.483982
59362.503582 -1.303432 0.527156     1.617153
59362.541193 -1.265822 0.540217     1.735459
59362.578803 -1.228212 0.553278     1.839217
59362.616413 -1.190602 0.566339     1.928819
59362.654023 -1.152992 0.579400     2.004702
59362.691633 -1.115382 0.592461     2.067333
59362.729243 -1.077771 0.605522     2.117193
59362.766853 -1.040161 0.618583     2.154764
59362.804464 -1.002551 0.631644     2.180520
59362.842074 -0.964941 0.644705     2.194921
59362.879684 -0.927331 0.657766     2.198411
59362.917294 -0.889721 0.670827     2.191409
59362.954904 -0.852111 0.683888     2.174311
59362.992514 -0.814500 0.696949     2.147488
59363.030125 -0.776890 0.710010     2.111287
59363.067735 -0.739280 0.723071     2.066027
59363.105345 -0.701670 0.736132     2.012006
59363.142955 -0.664060 0.749193     1.949499
59363.180565 -0.626450 0.762254     1.878759
59363.218175 -0.588839 0.775315     1.800021
59363.255785 -0.551229 0.788376     1.713500
59363.293396 -0.513619 0.801437     1.619400
59363.331006 -0.476009 0.814498     1.517912
59363.368616 -0.438399 0.827559     1.409216
59363.406226 -0.400789 0.840620     1.293490
59363.443836 -0.363179 0.853681     1.170908
59363.481446 -0.325568 0.866742     1.041647
59363.519057 -0.287958 0.879803     0.905891
59363.556667 -0.250348 0.892864     0.763837
59363.594277 -0.212738 0.905925     0.615701
59363.631887 -0.175128 0.918986     0.461725
59363.669497 -0.137518 0.932047     0.302182
59363.707107 -0.099907 0.945108     0.137393
59363.744718 -0.062297 0.958169    -0.032274
59363.782328 -0.024687 0.971230    -0.206383
59363.819938 0.012923 0.984291    -0.384420
59363.857548 0.050533 0.997352    -0.565783
59363.895158 0.088143 0.010413    -0.749757
59363.932768 0.125753 0.023474    -0.935509
59363.970378 0.163364 0.036535    -1.122058
59364.007989 0.200974 0.049596    -1.308265
59364.045599 0.238584 0.062657    -1.492813
59364.083209 0.276194 0.075718    -1.674190
59364.120819 0.313804 0.088779    -1.850675
59364.158429 0.351414 0.101840    -2.020334
59364.196039 0.389025 0.114901    -2.181018
59364.233650 0.426635 0.127962    -2.330373
59364.271260 0.464245 0.141023    -2.465869
59364.308870 0.501855 0.154084    -2.584843
59364.346480 0.539465 0.167145    -2.684560
59364.384090 0.577075 0.180206    -2.762301
59364.421700 0.614686 0.193267    -2.815473
59364.459310 0.652296 0.206328    -2.841731
59364.496921 0.689906 0.219389    -2.839118
59364.534531 0.727516 0.232450    -2.806209
59364.572141 0.765126 0.245511    -2.742231
59364.609751 0.802736 0.258572    -2.647174
59364.647361 0.840346 0.271633    -2.521846
59364.684971 0.877957 0.284694    -2.367889
59364.722582 0.915567 0.297755    -2.187729
59364.760192 0.953177 0.310816    -1.984476
59364.797802 0.990787 0.323877    -1.761781
59364.835412 1.028397 0.336938    -1.523655
59364.873022 1.066007 0.349999    -1.274284
59364.910632 1.103618 0.363060    -1.017845
59364.948242 1.141228 0.376121    -0.758342
59364.985853 1.178838 0.389182    -0.499481
59365.023463 1.216448 0.402243    -0.244575
59365.061073 1.254058 0.415304     0.003515
59365.098683 1.291668 0.428365     0.242392
59365.136293 1.329278 0.441426     0.470128
59365.173903 1.366889 0.454487     0.685229
59365.211514 1.404499 0.467548     0.886598
59365.249124 -1.437471 0.480609     1.073485
59365.286734 -1.399861 0.493670     1.245436
59365.324344 -1.362250 0.506731     1.402246
59365.361954 -1.324640 0.519792     1.543904
59365.399564 -1.287030 0.532853     1.670559
59365.437175 -1.249420 0.545914     1.782476
59365.474785 -1.211810 0.558975     1.880009
59365.512395 -1.174200 0.572036     1.963572
59365.550005 -1.136589 0.585097     2.033617
59365.587615 -1.098979 0.598157     2.090620
59365.625225 -1.061369 0.611218     2.135061
59365.662835 -1.023759 0.624279     2.167421
59365.700446 -0.986149 0.637340     2.188170
59365.738056 -0.948539 0.650401     2.197760
59365.775666 -0.910929 0.663462     2.196624
59365.813276 -0.873318 0.676523     2.185172
59365.850886 -0.835708 0.689584     2.163788
59365.888496 -0.798098 0.702645     2.132834
59365.926107 -0.760488 0.715706     2.092644
59365.963717 -0.722878 0.728767     2.043528
59366.001327 -0.685268 0.741828     1.985774
59366.038937 -0.647657 0.754889     1.919647
59366.076547 -0.610047 0.767950     1.845391
59366.114157 -0.572437 0.781011     1.763232
59366.151767 -0.534827 0.794072     1.673382
59366.189378 -0.497217 0.807133     1.576037
59366.226988 -0.459607 0.820194     1.471384
59366.264598 -0.421997 0.833255     1.359601
59366.302208 -0.384386 0.846316     1.240863
59366.339818 -0.346776 0.859377     1.115346
59366.377428 -0.309166 0.872438     0.983229
59366.415039 -0.271556 0.885499     0.844701
59366.452649 -0.233946 0.898560     0.699967
59366.490259 -0.196336 0.911621     0.549253
59366.527869 -0.158725 0.924682     0.392813
59366.565479 -0.121115 0.937743     0.230940
59366.603089 -0.083505 0.950804     0.063974
59366.640699 -0.045895 0.963865    -0.107688
59366.678310 -0.008285 0.976926    -0.283578
59366.715920 0.029325 0.989987    -0.463145
59366.753530 0.066936 0.003048    -0.645742
59366.791140 0.104546 0.016109    -0.830602
59366.828750 0.142156 0.029170    -1.016831
59366.866360 0.179766 0.042231    -1.203381
59366.903971 0.217376 0.055292    -1.389038
59366.941581 0.254986 0.068353    -1.572401
59366.979191 0.292596 0.081414    -1.751868
59367.016801 0.330207 0.094475    -1.925627
59367.054411 0.367817 0.107536    -2.091648
59367.092021 0.405427 0.120597    -2.247692
59367.129632 0.443037 0.133658    -2.391323
59367.167242 0.480647 0.146719    -2.519947
59367.204852 0.518257 0.159780    -2.630860
59367.242462 0.555868 0.172841    -2.721323
59367.280072 0.593478 0.185902    -2.788656
59367.317682 0.631088 0.198963    -2.830359
59367.355292 0.668698 0.212024    -2.844239
59367.392903 0.706308 0.225085    -2.828553
59367.430513 0.743918 0.238146    -2.782147
59367.468123 0.781528 0.251207    -2.704569
59367.505733 0.819139 0.264268    -2.596161
59367.543343 0.856749 0.277329    -2.458098
59367.580953 0.894359 0.290390    -2.292372
59367.618564 0.931969 0.303451    -2.101722
59367.656174 0.969579 0.316512    -1.889516
59367.693784 1.007189 0.329573    -1.659583
59367.731394 1.044800 0.342634    -1.416035
59367.769004 1.082410 0.355695    -1.163075
59367.806614 1.120020 0.368756    -0.904822
59367.844224 1.157630 0.381817    -0.645165
59367.881835 1.195240 0.394878    -0.387647
59367.919445 1.232850 0.407939    -0.135389
59367.957055 1.270460 0.421000     0.108949
59367.994665 1.308071 0.434061     0.343179
59368.032275 1.345681 0.447122     0.565564
59368.069885 1.383291 0.460183     0.774789
59368.107496 1.420901 0.473244     0.969916
59368.145106 -1.421068 0.486305     1.150329
59368.182716 -1.383458 0.499366     1.315690
59368.220326 -1.345848 0.512427     1.465883
59368.257936 -1.308238 0.525488     1.600972
59368.295546 -1.270628 0.538549     1.721161
59368.333156 -1.233018 0.551610     1.826757
59368.370767 -1.195407 0.564671     1.918144
59368.408377 -1.157797 0.577732     1.995754
59368.445987 -1.120187 0.590793     2.060052
59368.483597 -1.082577 0.603854     2.111517
59368.521207 -1.044967 0.616915     2.150631
59368.558817 -1.007357 0.629976     2.177871
59368.596428 -0.969746 0.643037     2.193698
59368.634038 -0.932136 0.656098     2.198559
59368.671648 -0.894526 0.669159     2.192875
59368.709258 -0.856916 0.682220     2.177045
59368.746868 -0.819306 0.695281     2.151445
59368.784478 -0.781696 0.708341     2.116423
59368.822089 -0.744086 0.721402     2.072304
59368.859699 -0.706475 0.734463     2.019387
59368.897309 -0.668865 0.747524     1.957950
59368.934919 -0.631255 0.760585     1.888248
59368.972529 -0.593645 0.773646     1.810519
59369.010139 -0.556035 0.786707     1.724981
59369.047749 -0.518425 0.799768     1.631839
59369.085360 -0.480814 0.812829     1.531284
59369.122970 -0.443204 0.825890     1.423500
59369.160580 -0.405594 0.838951     1.308662
59369.198190 -0.367984 0.852012     1.186946
59369.235800 -0.330374 0.865073     1.058529
59369.273410 -0.292764 0.878134     0.923592
59369.311021 -0.255154 0.891195     0.782331
59369.348631 -0.217543 0.904256     0.634959
59369.386241 -0.179933 0.917317     0.481714
59369.423851 -0.142323 0.930378     0.322867
59369.461461 -0.104713 0.943439     0.158728
59369.499071 -0.067103 0.956500    -0.010339
59369.536681 -0.029493 0.969561    -0.183906
59369.574292 0.008118 0.982622    -0.361473
59369.611902 0.045728 0.995683    -0.542448
59369.649512 0.083338 0.008744    -0.726133
59369.687122 0.120948 0.021805    -0.911709
59369.724732 0.158558 0.034866    -1.098216
59369.762342 0.196168 0.047927    -1.284536
59369.799953 0.233778 0.060988    -1.469377
59369.837563 0.271389 0.074049    -1.651250
59369.875173 0.308999 0.087110    -1.828463
59369.912783 0.346609 0.100171    -1.999110
59369.950393 0.384219 0.113232    -2.161067
59369.988003 0.421829 0.126293    -2.312007
59370.025613 0.459439 0.139354    -2.449421
59370.063224 0.497050 0.152415    -2.570657
59370.100834 0.534660 0.165476    -2.672987
59370.138444 0.572270 0.178537    -2.753685
59370.176054 0.609880 0.191598    -2.810133
59370.213664 0.647490 0.204659    -2.839948
59370.251274 0.685100 0.217720    -2.841117
59370.288885 0.722711 0.230781    -2.812136
59370.326495 0.760321 0.243842    -2.752145
59370.364105 0.797931 0.256903    -2.661031
59370.401715 0.835541 0.269964    -2.539497
59370.439325 0.873151 0.283025    -2.389078
59370.476935 0.910761 0.296086    -2.212106
59370.514546 0.948371 0.309147    -2.011610
59370.552156 0.985982 0.322208    -1.791181
59370.589766 1.023592 0.335269    -1.554795
59370.627376 1.061202 0.348330    -1.306627
59370.664986 1.098812 0.361391    -1.050862
59370.702596 1.136422 0.374452    -0.791537
59370.740206 1.174032 0.387513    -0.532401
59370.777817 1.211643 0.400574    -0.276820
59370.815427 1.249253 0.413635    -0.027716
59370.853037 1.286863 0.426696     0.212456
59370.890647 1.324473 0.439757     0.441707
59370.928257 1.362083 0.452818     0.658491
59370.965867 1.399693 0.465879     0.861663
59371.003478 1.437303 0.478940     1.050431
59371.041088 -1.404666 0.492001     1.224308
59371.078698 -1.367056 0.505062     1.383056
59371.116308 -1.329446 0.518123     1.526645
59371.153918 -1.291836 0.531184     1.655204
59371.191528 -1.254225 0.544245     1.768986
59371.229138 -1.216615 0.557306     1.868335
59371.266749 -1.179005 0.570367     1.953658
59371.304359 -1.141395 0.583428     2.025405
59371.341969 -1.103785 0.596489     2.084046
59371.379579 -1.066175 0.609550     2.130066
59371.417189 -1.028564 0.622611     2.163943
59371.454799 -0.990954 0.635672     2.186150
59371.492410 -0.953344 0.648733     2.197141
59371.530020 -0.915734 0.661794     2.197352
59371.567630 -0.878124 0.674855     2.187196
59371.605240 -0.840514 0.687916     2.167061
59371.642850 -0.802904 0.700977     2.137310
59371.680460 -0.765293 0.714038     2.098283
59371.718070 -0.727683 0.727099     2.050291
59371.755681 -0.690073 0.740160     1.993625
59371.793291 -0.652463 0.753221     1.928554
59371.830901 -0.614853 0.766282     1.855323
59371.868511 -0.577243 0.779343     1.774163
59371.906121 -0.539632 0.792404     1.685284
59371.943731 -0.502022 0.805464     1.588886
59371.981342 -0.464412 0.818525     1.485156
59372.018952 -0.426802 0.831586     1.374274
59372.056562 -0.389192 0.844647     1.256416
59372.094172 -0.351582 0.857708     1.131755
59372.131782 -0.313972 0.870769     1.000471
59372.169392 -0.276361 0.883830     0.862751
59372.207003 -0.238751 0.896891     0.718798
59372.244613 -0.201141 0.909952     0.568834
59372.282223 -0.163531 0.923013     0.413110
59372.319833 -0.125921 0.936074     0.251914
59372.357443 -0.088311 0.949135     0.085578
59372.395053 -0.050700 0.962196    -0.085508
59372.432663 -0.013090 0.975257    -0.260887
59372.470274 0.024520 0.988318    -0.440019
59372.507884 0.062130 0.001379    -0.622268
59372.545494 0.099740 0.014440    -0.806886
59372.583104 0.137350 0.027501    -0.992995
59372.620714 0.174961 0.040562    -1.179568
59372.658324 0.212571 0.053623    -1.365413
59372.695935 0.250181 0.066684    -1.549154
59372.733545 0.287791 0.079745    -1.729215
59372.771155 0.325401 0.092806    -1.903812
