# Tref_folded model 
-1.500000 1.121016 
-1.499000 1.131165 
-1.498000 1.141223 
-1.497000 1.151190 
-1.496000 1.161066 
-1.495000 1.170853 
-1.494000 1.180550 
-1.493000 1.190159 
-1.492000 1.199678 
-1.491000 1.209110 
-1.490000 1.218454 
-1.489000 1.227710 
-1.488000 1.236880 
-1.487000 1.245964 
-1.486000 1.254961 
-1.485000 1.263873 
-1.484000 1.272700 
-1.483000 1.281443 
-1.482000 1.290101 
-1.481000 1.298676 
-1.480000 1.307167 
-1.479000 1.315576 
-1.478000 1.323902 
-1.477000 1.332146 
-1.476000 1.340309 
-1.475000 1.348391 
-1.474000 1.356392 
-1.473000 1.364312 
-1.472000 1.372153 
-1.471000 1.379915 
-1.470000 1.387598 
-1.469000 1.395202 
-1.468000 1.402728 
-1.467000 1.410176 
-1.466000 1.417547 
-1.465000 1.424842 
-1.464000 1.432060 
-1.463000 1.439202 
-1.462000 1.446268 
-1.461000 1.453259 
-1.460000 1.460175 
-1.459000 1.467017 
-1.458000 1.473785 
-1.457000 1.480480 
-1.456000 1.487101 
-1.455000 1.493650 
-1.454000 1.500126 
-1.453000 1.506531 
-1.452000 1.512864 
-1.451000 1.519125 
-1.450000 1.525316 
-1.449000 1.531437 
-1.448000 1.537487 
-1.447000 1.543468 
-1.446000 1.549380 
-1.445000 1.555222 
-1.444000 1.560997 
-1.443000 1.566703 
-1.442000 1.572341 
-1.441000 1.577912 
-1.440000 1.583417 
-1.439000 1.588854 
-1.438000 1.594225 
-1.437000 1.599531 
-1.436000 1.604770 
-1.435000 1.609945 
-1.434000 1.615055 
-1.433000 1.620100 
-1.432000 1.625081 
-1.431000 1.629998 
-1.430000 1.634852 
-1.429000 1.639643 
-1.428000 1.644371 
-1.427000 1.649037 
-1.426000 1.653640 
-1.425000 1.658182 
-1.424000 1.662663 
-1.423000 1.667082 
-1.422000 1.671440 
-1.421000 1.675738 
-1.420000 1.679976 
-1.419000 1.684155 
-1.418000 1.688273 
-1.417000 1.692333 
-1.416000 1.696334 
-1.415000 1.700276 
-1.414000 1.704160 
-1.413000 1.707986 
-1.412000 1.711754 
-1.411000 1.715465 
-1.410000 1.719119 
-1.409000 1.722716 
-1.408000 1.726257 
-1.407000 1.729742 
-1.406000 1.733171 
-1.405000 1.736544 
-1.404000 1.739862 
-1.403000 1.743125 
-1.402000 1.746334 
-1.401000 1.749488 
-1.400000 1.752588 
-1.399000 1.755633 
-1.398000 1.758626 
-1.397000 1.761565 
-1.396000 1.764451 
-1.395000 1.767284 
-1.394000 1.770064 
-1.393000 1.772792 
-1.392000 1.775469 
-1.391000 1.778093 
-1.390000 1.780666 
-1.389000 1.783188 
-1.388000 1.785659 
-1.387000 1.788079 
-1.386000 1.790448 
-1.385000 1.792767 
-1.384000 1.795036 
-1.383000 1.797256 
-1.382000 1.799426 
-1.381000 1.801546 
-1.380000 1.803618 
-1.379000 1.805640 
-1.378000 1.807614 
-1.377000 1.809540 
-1.376000 1.811418 
-1.375000 1.813247 
-1.374000 1.815029 
-1.373000 1.816763 
-1.372000 1.818450 
-1.371000 1.820091 
-1.370000 1.821684 
-1.369000 1.823230 
-1.368000 1.824731 
-1.367000 1.826185 
-1.366000 1.827592 
-1.365000 1.828955 
-1.364000 1.830271 
-1.363000 1.831542 
-1.362000 1.832768 
-1.361000 1.833950 
-1.360000 1.835086 
-1.359000 1.836177 
-1.358000 1.837225 
-1.357000 1.838228 
-1.356000 1.839187 
-1.355000 1.840102 
-1.354000 1.840973 
-1.353000 1.841801 
-1.352000 1.842586 
-1.351000 1.843327 
-1.350000 1.844026 
-1.349000 1.844682 
-1.348000 1.845295 
-1.347000 1.845866 
-1.346000 1.846395 
-1.345000 1.846881 
-1.344000 1.847326 
-1.343000 1.847729 
-1.342000 1.848090 
-1.341000 1.848410 
-1.340000 1.848689 
-1.339000 1.848927 
-1.338000 1.849123 
-1.337000 1.849279 
-1.336000 1.849394 
-1.335000 1.849469 
-1.334000 1.849504 
-1.333000 1.849498 
-1.332000 1.849452 
-1.331000 1.849367 
-1.330000 1.849242 
-1.329000 1.849077 
-1.328000 1.848872 
-1.327000 1.848629 
-1.326000 1.848346 
-1.325000 1.848024 
-1.324000 1.847664 
-1.323000 1.847264 
-1.322000 1.846826 
-1.321000 1.846350 
-1.320000 1.845835 
-1.319000 1.845282 
-1.318000 1.844691 
-1.317000 1.844062 
-1.316000 1.843395 
-1.315000 1.842690 
-1.314000 1.841948 
-1.313000 1.841168 
-1.312000 1.840351 
-1.311000 1.839497 
-1.310000 1.838605 
-1.309000 1.837677 
-1.308000 1.836711 
-1.307000 1.835709 
-1.306000 1.834671 
-1.305000 1.833595 
-1.304000 1.832483 
-1.303000 1.831335 
-1.302000 1.830151 
-1.301000 1.828930 
-1.300000 1.827674 
-1.299000 1.826381 
-1.298000 1.825053 
-1.297000 1.823689 
-1.296000 1.822289 
-1.295000 1.820854 
-1.294000 1.819384 
-1.293000 1.817878 
-1.292000 1.816337 
-1.291000 1.814760 
-1.290000 1.813149 
-1.289000 1.811502 
-1.288000 1.809821 
-1.287000 1.808105 
-1.286000 1.806354 
-1.285000 1.804569 
-1.284000 1.802749 
-1.283000 1.800895 
-1.282000 1.799006 
-1.281000 1.797083 
-1.280000 1.795126 
-1.279000 1.793134 
-1.278000 1.791109 
-1.277000 1.789049 
-1.276000 1.786956 
-1.275000 1.784829 
-1.274000 1.782668 
-1.273000 1.780473 
-1.272000 1.778245 
-1.271000 1.775983 
-1.270000 1.773687 
-1.269000 1.771359 
-1.268000 1.768997 
-1.267000 1.766601 
-1.266000 1.764173 
-1.265000 1.761711 
-1.264000 1.759216 
-1.263000 1.756688 
-1.262000 1.754127 
-1.261000 1.751533 
-1.260000 1.748906 
-1.259000 1.746247 
-1.258000 1.743555 
-1.257000 1.740830 
-1.256000 1.738072 
-1.255000 1.735282 
-1.254000 1.732459 
-1.253000 1.729604 
-1.252000 1.726716 
-1.251000 1.723796 
-1.250000 1.720844 
-1.249000 1.717859 
-1.248000 1.714842 
-1.247000 1.711793 
-1.246000 1.708712 
-1.245000 1.705598 
-1.244000 1.702453 
-1.243000 1.699275 
-1.242000 1.696065 
-1.241000 1.692824 
-1.240000 1.689550 
-1.239000 1.686245 
-1.238000 1.682908 
-1.237000 1.679539 
-1.236000 1.676138 
-1.235000 1.672705 
-1.234000 1.669241 
-1.233000 1.665745 
-1.232000 1.662218 
-1.231000 1.658658 
-1.230000 1.655068 
-1.229000 1.651445 
-1.228000 1.647791 
-1.227000 1.644106 
-1.226000 1.640389 
-1.225000 1.636640 
-1.224000 1.632860 
-1.223000 1.629049 
-1.222000 1.625206 
-1.221000 1.621332 
-1.220000 1.617427 
-1.219000 1.613490 
-1.218000 1.609522 
-1.217000 1.605523 
-1.216000 1.601490 
-1.215000 1.597428 
-1.214000 1.593335 
-1.213000 1.589210 
-1.212000 1.585055 
-1.211000 1.580868 
-1.210000 1.576650 
-1.209000 1.572400 
-1.208000 1.568120 
-1.207000 1.563808 
-1.206000 1.559465 
-1.205000 1.555091 
-1.204000 1.550686 
-1.203000 1.546249 
-1.202000 1.541782 
-1.201000 1.537283 
-1.200000 1.532753 
-1.199000 1.528192 
-1.198000 1.523600 
-1.197000 1.518977 
-1.196000 1.514323 
-1.195000 1.509637 
-1.194000 1.504921 
-1.193000 1.500173 
-1.192000 1.495394 
-1.191000 1.490584 
-1.190000 1.485743 
-1.189000 1.480870 
-1.188000 1.475967 
-1.187000 1.471032 
-1.186000 1.466066 
-1.185000 1.461069 
-1.184000 1.456041 
-1.183000 1.450981 
-1.182000 1.445891 
-1.181000 1.440769 
-1.180000 1.435616 
-1.179000 1.430431 
-1.178000 1.425216 
-1.177000 1.419969 
-1.176000 1.414690 
-1.175000 1.409381 
-1.174000 1.404040 
-1.173000 1.398668 
-1.172000 1.393264 
-1.171000 1.387829 
-1.170000 1.382363 
-1.169000 1.376865 
-1.168000 1.371336 
-1.167000 1.365775 
-1.166000 1.360183 
-1.165000 1.354559 
-1.164000 1.348904 
-1.163000 1.343217 
-1.162000 1.337499 
-1.161000 1.331749 
-1.160000 1.325967 
-1.159000 1.320154 
-1.158000 1.314309 
-1.157000 1.308432 
-1.156000 1.302524 
-1.155000 1.296584 
-1.154000 1.290612 
-1.153000 1.284608 
-1.152000 1.278572 
-1.151000 1.272505 
-1.150000 1.266405 
-1.149000 1.260274 
-1.148000 1.254110 
-1.147000 1.247915 
-1.146000 1.241687 
-1.145000 1.235427 
-1.144000 1.229135 
-1.143000 1.222811 
-1.142000 1.216455 
-1.141000 1.210066 
-1.140000 1.203645 
-1.139000 1.197192 
-1.138000 1.190707 
-1.137000 1.184189 
-1.136000 1.177638 
-1.135000 1.171055 
-1.134000 1.164440 
-1.133000 1.157791 
-1.132000 1.151111 
-1.131000 1.144397 
-1.130000 1.137651 
-1.129000 1.130872 
-1.128000 1.124060 
-1.127000 1.117216 
-1.126000 1.110338 
-1.125000 1.103427 
-1.124000 1.096484 
-1.123000 1.089507 
-1.122000 1.082497 
-1.121000 1.075454 
-1.120000 1.068378 
-1.119000 1.061269 
-1.118000 1.054126 
-1.117000 1.046950 
-1.116000 1.039740 
-1.115000 1.032497 
-1.114000 1.025221 
-1.113000 1.017910 
-1.112000 1.010567 
-1.111000 1.003189 
-1.110000 0.995778 
-1.109000 0.988332 
-1.108000 0.980853 
-1.107000 0.973340 
-1.106000 0.965793 
-1.105000 0.958212 
-1.104000 0.950597 
-1.103000 0.942948 
-1.102000 0.935264 
-1.101000 0.927546 
-1.100000 0.919794 
-1.099000 0.912008 
-1.098000 0.904186 
-1.097000 0.896331 
-1.096000 0.888440 
-1.095000 0.880516 
-1.094000 0.872556 
-1.093000 0.864561 
-1.092000 0.856532 
-1.091000 0.848468 
-1.090000 0.840368 
-1.089000 0.832234 
-1.088000 0.824064 
-1.087000 0.815860 
-1.086000 0.807620 
-1.085000 0.799344 
-1.084000 0.791034 
-1.083000 0.782688 
-1.082000 0.774306 
-1.081000 0.765888 
-1.080000 0.757435 
-1.079000 0.748947 
-1.078000 0.740422 
-1.077000 0.731862 
-1.076000 0.723265 
-1.075000 0.714633 
-1.074000 0.705964 
-1.073000 0.697260 
-1.072000 0.688519 
-1.071000 0.679742 
-1.070000 0.670928 
-1.069000 0.662078 
-1.068000 0.653191 
-1.067000 0.644268 
-1.066000 0.635308 
-1.065000 0.626312 
-1.064000 0.617278 
-1.063000 0.608208 
-1.062000 0.599101 
-1.061000 0.589957 
-1.060000 0.580775 
-1.059000 0.571557 
-1.058000 0.562301 
-1.057000 0.553008 
-1.056000 0.543677 
-1.055000 0.534310 
-1.054000 0.524904 
-1.053000 0.515461 
-1.052000 0.505980 
-1.051000 0.496462 
-1.050000 0.486905 
-1.049000 0.477311 
-1.048000 0.467679 
-1.047000 0.458009 
-1.046000 0.448300 
-1.045000 0.438554 
-1.044000 0.428769 
-1.043000 0.418946 
-1.042000 0.409084 
-1.041000 0.399184 
-1.040000 0.389246 
-1.039000 0.379268 
-1.038000 0.369253 
-1.037000 0.359198 
-1.036000 0.349105 
-1.035000 0.338972 
-1.034000 0.328801 
-1.033000 0.318591 
-1.032000 0.308342 
-1.031000 0.298053 
-1.030000 0.287726 
-1.029000 0.277359 
-1.028000 0.266952 
-1.027000 0.256507 
-1.026000 0.246021 
-1.025000 0.235497 
-1.024000 0.224933 
-1.023000 0.214329 
-1.022000 0.203685 
-1.021000 0.193001 
-1.020000 0.182278 
-1.019000 0.171515 
-1.018000 0.160712 
-1.017000 0.149869 
-1.016000 0.138986 
-1.015000 0.128062 
-1.014000 0.117099 
-1.013000 0.106095 
-1.012000 0.095052 
-1.011000 0.083967 
-1.010000 0.072843 
-1.009000 0.061678 
-1.008000 0.050473 
-1.007000 0.039227 
-1.006000 0.027940 
-1.005000 0.016613 
-1.004000 0.005246 
-1.003000 -0.006162 
-1.002000 -0.017611 
-1.001000 -0.029101 
-1.000000 -0.040631 
-0.999000 -0.052202 
-0.998000 -0.063814 
-0.997000 -0.075467 
-0.996000 -0.087161 
-0.995000 -0.098895 
-0.994000 -0.110671 
-0.993000 -0.122487 
-0.992000 -0.134344 
-0.991000 -0.146242 
-0.990000 -0.158182 
-0.989000 -0.170162 
-0.988000 -0.182183 
-0.987000 -0.194245 
-0.986000 -0.206348 
-0.985000 -0.218492 
-0.984000 -0.230677 
-0.983000 -0.242903 
-0.982000 -0.255170 
-0.981000 -0.267478 
-0.980000 -0.279826 
-0.979000 -0.292216 
-0.978000 -0.304647 
-0.977000 -0.317118 
-0.976000 -0.329630 
-0.975000 -0.342183 
-0.974000 -0.354777 
-0.973000 -0.367412 
-0.972000 -0.380087 
-0.971000 -0.392803 
-0.970000 -0.405559 
-0.969000 -0.418357 
-0.968000 -0.431194 
-0.967000 -0.444072 
-0.966000 -0.456990 
-0.965000 -0.469949 
-0.964000 -0.482947 
-0.963000 -0.495986 
-0.962000 -0.509065 
-0.961000 -0.522184 
-0.960000 -0.535342 
-0.959000 -0.548541 
-0.958000 -0.561779 
-0.957000 -0.575056 
-0.956000 -0.588373 
-0.955000 -0.601730 
-0.954000 -0.615125 
-0.953000 -0.628560 
-0.952000 -0.642033 
-0.951000 -0.655545 
-0.950000 -0.669096 
-0.949000 -0.682685 
-0.948000 -0.696313 
-0.947000 -0.709978 
-0.946000 -0.723682 
-0.945000 -0.737423 
-0.944000 -0.751202 
-0.943000 -0.765018 
-0.942000 -0.778872 
-0.941000 -0.792762 
-0.940000 -0.806689 
-0.939000 -0.820653 
-0.938000 -0.834652 
-0.937000 -0.848688 
-0.936000 -0.862760 
-0.935000 -0.876867 
-0.934000 -0.891009 
-0.933000 -0.905187 
-0.932000 -0.919399 
-0.931000 -0.933645 
-0.930000 -0.947926 
-0.929000 -0.962240 
-0.928000 -0.976588 
-0.927000 -0.990969 
-0.926000 -1.005382 
-0.925000 -1.019828 
-0.924000 -1.034306 
-0.923000 -1.048816 
-0.922000 -1.063357 
-0.921000 -1.077929 
-0.920000 -1.092531 
-0.919000 -1.107164 
-0.918000 -1.121826 
-0.917000 -1.136517 
-0.916000 -1.151237 
-0.915000 -1.165986 
-0.914000 -1.180762 
-0.913000 -1.195565 
-0.912000 -1.210395 
-0.911000 -1.225251 
-0.910000 -1.240134 
-0.909000 -1.255041 
-0.908000 -1.269973 
-0.907000 -1.284929 
-0.906000 -1.299908 
-0.905000 -1.314910 
-0.904000 -1.329935 
-0.903000 -1.344981 
-0.902000 -1.360048 
-0.901000 -1.375135 
-0.900000 -1.390242 
-0.899000 -1.405368 
-0.898000 -1.420512 
-0.897000 -1.435674 
-0.896000 -1.450852 
-0.895000 -1.466046 
-0.894000 -1.481255 
-0.893000 -1.496479 
-0.892000 -1.511716 
-0.891000 -1.526966 
-0.890000 -1.542227 
-0.889000 -1.557500 
-0.888000 -1.572783 
-0.887000 -1.588075 
-0.886000 -1.603375 
-0.885000 -1.618682 
-0.884000 -1.633995 
-0.883000 -1.649314 
-0.882000 -1.664637 
-0.881000 -1.679964 
-0.880000 -1.695292 
-0.879000 -1.710622 
-0.878000 -1.725951 
-0.877000 -1.741280 
-0.876000 -1.756606 
-0.875000 -1.771929 
-0.874000 -1.787246 
-0.873000 -1.802559 
-0.872000 -1.817863 
-0.871000 -1.833160 
-0.870000 -1.848447 
-0.869000 -1.863723 
-0.868000 -1.878986 
-0.867000 -1.894236 
-0.866000 -1.909470 
-0.865000 -1.924689 
-0.864000 -1.939889 
-0.863000 -1.955069 
-0.862000 -1.970229 
-0.861000 -1.985366 
-0.860000 -2.000480 
-0.859000 -2.015567 
-0.858000 -2.030628 
-0.857000 -2.045659 
-0.856000 -2.060660 
-0.855000 -2.075629 
-0.854000 -2.090564 
-0.853000 -2.105464 
-0.852000 -2.120326 
-0.851000 -2.135149 
-0.850000 -2.149930 
-0.849000 -2.164669 
-0.848000 -2.179363 
-0.847000 -2.194011 
-0.846000 -2.208610 
-0.845000 -2.223158 
-0.844000 -2.237653 
-0.843000 -2.252094 
-0.842000 -2.266478 
-0.841000 -2.280804 
-0.840000 -2.295068 
-0.839000 -2.309269 
-0.838000 -2.323405 
-0.837000 -2.337474 
-0.836000 -2.351473 
-0.835000 -2.365400 
-0.834000 -2.379252 
-0.833000 -2.393029 
-0.832000 -2.406726 
-0.831000 -2.420341 
-0.830000 -2.433874 
-0.829000 -2.447320 
-0.828000 -2.460677 
-0.827000 -2.473943 
-0.826000 -2.487116 
-0.825000 -2.500192 
-0.824000 -2.513170 
-0.823000 -2.526046 
-0.822000 -2.538818 
-0.821000 -2.551484 
-0.820000 -2.564040 
-0.819000 -2.576485 
-0.818000 -2.588814 
-0.817000 -2.601027 
-0.816000 -2.613119 
-0.815000 -2.625088 
-0.814000 -2.636931 
-0.813000 -2.648646 
-0.812000 -2.660229 
-0.811000 -2.671677 
-0.810000 -2.682989 
-0.809000 -2.694160 
-0.808000 -2.705189 
-0.807000 -2.716071 
-0.806000 -2.726804 
-0.805000 -2.737386 
-0.804000 -2.747812 
-0.803000 -2.758081 
-0.802000 -2.768189 
-0.801000 -2.778133 
-0.800000 -2.787911 
-0.799000 -2.797518 
-0.798000 -2.806952 
-0.797000 -2.816211 
-0.796000 -2.825291 
-0.795000 -2.834188 
-0.794000 -2.842901 
-0.793000 -2.851426 
-0.792000 -2.859759 
-0.791000 -2.867899 
-0.790000 -2.875841 
-0.789000 -2.883584 
-0.788000 -2.891123 
-0.787000 -2.898456 
-0.786000 -2.905580 
-0.785000 -2.912493 
-0.784000 -2.919190 
-0.783000 -2.925670 
-0.782000 -2.931929 
-0.781000 -2.937964 
-0.780000 -2.943773 
-0.779000 -2.949352 
-0.778000 -2.954700 
-0.777000 -2.959813 
-0.776000 -2.964688 
-0.775000 -2.969323 
-0.774000 -2.973715 
-0.773000 -2.977861 
-0.772000 -2.981759 
-0.771000 -2.985407 
-0.770000 -2.988801 
-0.769000 -2.991940 
-0.768000 -2.994821 
-0.767000 -2.997441 
-0.766000 -2.999799 
-0.765000 -3.001892 
-0.764000 -3.003717 
-0.763000 -3.005273 
-0.762000 -3.006558 
-0.761000 -3.007570 
-0.760000 -3.008306 
-0.759000 -3.008765 
-0.758000 -3.008945 
-0.757000 -3.008845 
-0.756000 -3.008461 
-0.755000 -3.007794 
-0.754000 -3.006842 
-0.753000 -3.005602 
-0.752000 -3.004074 
-0.751000 -3.002257 
-0.750000 -3.000148 
-0.749000 -2.997748 
-0.748000 -2.995055 
-0.747000 -2.992067 
-0.746000 -2.988785 
-0.745000 -2.985208 
-0.744000 -2.981334 
-0.743000 -2.977164 
-0.742000 -2.972696 
-0.741000 -2.967931 
-0.740000 -2.962867 
-0.739000 -2.957506 
-0.738000 -2.951846 
-0.737000 -2.945888 
-0.736000 -2.939632 
-0.735000 -2.933077 
-0.734000 -2.926226 
-0.733000 -2.919076 
-0.732000 -2.911630 
-0.731000 -2.903888 
-0.730000 -2.895851 
-0.729000 -2.887518 
-0.728000 -2.878892 
-0.727000 -2.869973 
-0.726000 -2.860762 
-0.725000 -2.851261 
-0.724000 -2.841471 
-0.723000 -2.831393 
-0.722000 -2.821028 
-0.721000 -2.810379 
-0.720000 -2.799447 
-0.719000 -2.788234 
-0.718000 -2.776741 
-0.717000 -2.764972 
-0.716000 -2.752922 
-0.715000 -2.740604 
-0.714000 -2.728015 
-0.713000 -2.715157 
-0.712000 -2.702034 
-0.711000 -2.688647 
-0.710000 -2.674999 
-0.709000 -2.661093 
-0.708000 -2.646932 
-0.707000 -2.632519 
-0.706000 -2.617855 
-0.705000 -2.602946 
-0.704000 -2.587793 
-0.703000 -2.572399 
-0.702000 -2.556769 
-0.701000 -2.540905 
-0.700000 -2.524810 
-0.699000 -2.508489 
-0.698000 -2.491944 
-0.697000 -2.475179 
-0.696000 -2.458198 
-0.695000 -2.441004 
-0.694000 -2.423602 
-0.693000 -2.405994 
-0.692000 -2.388185 
-0.691000 -2.370179 
-0.690000 -2.351979 
-0.689000 -2.333590 
-0.688000 -2.315014 
-0.687000 -2.296258 
-0.686000 -2.277323 
-0.685000 -2.258215 
-0.684000 -2.238938 
-0.683000 -2.219495 
-0.682000 -2.199891 
-0.681000 -2.180130 
-0.680000 -2.160216 
-0.679000 -2.140154 
-0.678000 -2.119947 
-0.677000 -2.099599 
-0.676000 -2.079116 
-0.675000 -2.058501 
-0.674000 -2.037758 
-0.673000 -2.016892 
-0.672000 -1.995906 
-0.671000 -1.974805 
-0.670000 -1.953594 
-0.669000 -1.932276 
-0.668000 -1.910855 
-0.667000 -1.889337 
-0.666000 -1.867724 
-0.665000 -1.846021 
-0.664000 -1.824232 
-0.663000 -1.802361 
-0.662000 -1.780412 
-0.661000 -1.758390 
-0.660000 -1.736298 
-0.659000 -1.714141 
-0.658000 -1.691921 
-0.657000 -1.669644 
-0.656000 -1.647312 
-0.655000 -1.624931 
-0.654000 -1.602503 
-0.653000 -1.580032 
-0.652000 -1.557523 
-0.651000 -1.534979 
-0.650000 -1.512403 
-0.649000 -1.489799 
-0.648000 -1.467172 
-0.647000 -1.444523 
-0.646000 -1.421857 
-0.645000 -1.399177 
-0.644000 -1.376487 
-0.643000 -1.353790 
-0.642000 -1.331089 
-0.641000 -1.308387 
-0.640000 -1.285688 
-0.639000 -1.262995 
-0.638000 -1.240311 
-0.637000 -1.217638 
-0.636000 -1.194981 
-0.635000 -1.172341 
-0.634000 -1.149723 
-0.633000 -1.127127 
-0.632000 -1.104559 
-0.631000 -1.082019 
-0.630000 -1.059511 
-0.629000 -1.037038 
-0.628000 -1.014601 
-0.627000 -0.992205 
-0.626000 -0.969850 
-0.625000 -0.947540 
-0.624000 -0.925276 
-0.623000 -0.903062 
-0.622000 -0.880899 
-0.621000 -0.858789 
-0.620000 -0.836736 
-0.619000 -0.814740 
-0.618000 -0.792804 
-0.617000 -0.770930 
-0.616000 -0.749121 
-0.615000 -0.727376 
-0.614000 -0.705700 
-0.613000 -0.684093 
-0.612000 -0.662557 
-0.611000 -0.641095 
-0.610000 -0.619707 
-0.609000 -0.598395 
-0.608000 -0.577161 
-0.607000 -0.556006 
-0.606000 -0.534932 
-0.605000 -0.513941 
-0.604000 -0.493033 
-0.603000 -0.472210 
-0.602000 -0.451473 
-0.601000 -0.430824 
-0.600000 -0.410264 
-0.599000 -0.389793 
-0.598000 -0.369414 
-0.597000 -0.349127 
-0.596000 -0.328933 
-0.595000 -0.308833 
-0.594000 -0.288829 
-0.593000 -0.268921 
-0.592000 -0.249109 
-0.591000 -0.229396 
-0.590000 -0.209781 
-0.589000 -0.190266 
-0.588000 -0.170852 
-0.587000 -0.151538 
-0.586000 -0.132326 
-0.585000 -0.113216 
-0.584000 -0.094210 
-0.583000 -0.075307 
-0.582000 -0.056508 
-0.581000 -0.037813 
-0.580000 -0.019224 
-0.579000 -0.000741 
-0.578000 0.017637 
-0.577000 0.035907 
-0.576000 0.054071 
-0.575000 0.072128 
-0.574000 0.090077 
-0.573000 0.107919 
-0.572000 0.125652 
-0.571000 0.143276 
-0.570000 0.160792 
-0.569000 0.178199 
-0.568000 0.195497 
-0.567000 0.212686 
-0.566000 0.229765 
-0.565000 0.246735 
-0.564000 0.263595 
-0.563000 0.280346 
-0.562000 0.296987 
-0.561000 0.313518 
-0.560000 0.329939 
-0.559000 0.346250 
-0.558000 0.362451 
-0.557000 0.378543 
-0.556000 0.394525 
-0.555000 0.410397 
-0.554000 0.426159 
-0.553000 0.441812 
-0.552000 0.457356 
-0.551000 0.472790 
-0.550000 0.488115 
-0.549000 0.503331 
-0.548000 0.518438 
-0.547000 0.533436 
-0.546000 0.548326 
-0.545000 0.563107 
-0.544000 0.577780 
-0.543000 0.592346 
-0.542000 0.606803 
-0.541000 0.621153 
-0.540000 0.635396 
-0.539000 0.649533 
-0.538000 0.663562 
-0.537000 0.677485 
-0.536000 0.691302 
-0.535000 0.705013 
-0.534000 0.718619 
-0.533000 0.732119 
-0.532000 0.745515 
-0.531000 0.758806 
-0.530000 0.771993 
-0.529000 0.785076 
-0.528000 0.798055 
-0.527000 0.810932 
-0.526000 0.823705 
-0.525000 0.836376 
-0.524000 0.848945 
-0.523000 0.861413 
-0.522000 0.873779 
-0.521000 0.886044 
-0.520000 0.898208 
-0.519000 0.910273 
-0.518000 0.922237 
-0.517000 0.934103 
-0.516000 0.945869 
-0.515000 0.957537 
-0.514000 0.969107 
-0.513000 0.980579 
-0.512000 0.991953 
-0.511000 1.003231 
-0.510000 1.014412 
-0.509000 1.025498 
-0.508000 1.036488 
-0.507000 1.047382 
-0.506000 1.058182 
-0.505000 1.068888 
-0.504000 1.079499 
-0.503000 1.090018 
-0.502000 1.100443 
-0.501000 1.110776 
-0.500000 1.121016 
-0.499000 1.131165 
-0.498000 1.141223 
-0.497000 1.151190 
-0.496000 1.161066 
-0.495000 1.170853 
-0.494000 1.180550 
-0.493000 1.190159 
-0.492000 1.199678 
-0.491000 1.209110 
-0.490000 1.218454 
-0.489000 1.227710 
-0.488000 1.236880 
-0.487000 1.245964 
-0.486000 1.254961 
-0.485000 1.263873 
-0.484000 1.272700 
-0.483000 1.281443 
-0.482000 1.290101 
-0.481000 1.298676 
-0.480000 1.307167 
-0.479000 1.315576 
-0.478000 1.323902 
-0.477000 1.332146 
-0.476000 1.340309 
-0.475000 1.348391 
-0.474000 1.356392 
-0.473000 1.364312 
-0.472000 1.372153 
-0.471000 1.379915 
-0.470000 1.387598 
-0.469000 1.395202 
-0.468000 1.402728 
-0.467000 1.410176 
-0.466000 1.417547 
-0.465000 1.424842 
-0.464000 1.432060 
-0.463000 1.439202 
-0.462000 1.446268 
-0.461000 1.453259 
-0.460000 1.460175 
-0.459000 1.467017 
-0.458000 1.473785 
-0.457000 1.480480 
-0.456000 1.487101 
-0.455000 1.493650 
-0.454000 1.500126 
-0.453000 1.506531 
-0.452000 1.512864 
-0.451000 1.519125 
-0.450000 1.525316 
-0.449000 1.531437 
-0.448000 1.537487 
-0.447000 1.543468 
-0.446000 1.549380 
-0.445000 1.555222 
-0.444000 1.560997 
-0.443000 1.566703 
-0.442000 1.572341 
-0.441000 1.577912 
-0.440000 1.583417 
-0.439000 1.588854 
-0.438000 1.594225 
-0.437000 1.599531 
-0.436000 1.604770 
-0.435000 1.609945 
-0.434000 1.615055 
-0.433000 1.620100 
-0.432000 1.625081 
-0.431000 1.629998 
-0.430000 1.634852 
-0.429000 1.639643 
-0.428000 1.644371 
-0.427000 1.649037 
-0.426000 1.653640 
-0.425000 1.658182 
-0.424000 1.662663 
-0.423000 1.667082 
-0.422000 1.671440 
-0.421000 1.675738 
-0.420000 1.679976 
-0.419000 1.684155 
-0.418000 1.688273 
-0.417000 1.692333 
-0.416000 1.696334 
-0.415000 1.700276 
-0.414000 1.704160 
-0.413000 1.707986 
-0.412000 1.711754 
-0.411000 1.715465 
-0.410000 1.719119 
-0.409000 1.722716 
-0.408000 1.726257 
-0.407000 1.729742 
-0.406000 1.733171 
-0.405000 1.736544 
-0.404000 1.739862 
-0.403000 1.743125 
-0.402000 1.746334 
-0.401000 1.749488 
-0.400000 1.752588 
-0.399000 1.755633 
-0.398000 1.758626 
-0.397000 1.761565 
-0.396000 1.764451 
-0.395000 1.767284 
-0.394000 1.770064 
-0.393000 1.772792 
-0.392000 1.775469 
-0.391000 1.778093 
-0.390000 1.780666 
-0.389000 1.783188 
-0.388000 1.785659 
-0.387000 1.788079 
-0.386000 1.790448 
-0.385000 1.792767 
-0.384000 1.795036 
-0.383000 1.797256 
-0.382000 1.799426 
-0.381000 1.801546 
-0.380000 1.803618 
-0.379000 1.805640 
-0.378000 1.807614 
-0.377000 1.809540 
-0.376000 1.811418 
-0.375000 1.813247 
-0.374000 1.815029 
-0.373000 1.816763 
-0.372000 1.818450 
-0.371000 1.820091 
-0.370000 1.821684 
-0.369000 1.823230 
-0.368000 1.824731 
-0.367000 1.826185 
-0.366000 1.827592 
-0.365000 1.828955 
-0.364000 1.830271 
-0.363000 1.831542 
-0.362000 1.832768 
-0.361000 1.833950 
-0.360000 1.835086 
-0.359000 1.836177 
-0.358000 1.837225 
-0.357000 1.838228 
-0.356000 1.839187 
-0.355000 1.840102 
-0.354000 1.840973 
-0.353000 1.841801 
-0.352000 1.842586 
-0.351000 1.843327 
-0.350000 1.844026 
-0.349000 1.844682 
-0.348000 1.845295 
-0.347000 1.845866 
-0.346000 1.846395 
-0.345000 1.846881 
-0.344000 1.847326 
-0.343000 1.847729 
-0.342000 1.848090 
-0.341000 1.848410 
-0.340000 1.848689 
-0.339000 1.848927 
-0.338000 1.849123 
-0.337000 1.849279 
-0.336000 1.849394 
-0.335000 1.849469 
-0.334000 1.849504 
-0.333000 1.849498 
-0.332000 1.849452 
-0.331000 1.849367 
-0.330000 1.849242 
-0.329000 1.849077 
-0.328000 1.848872 
-0.327000 1.848629 
-0.326000 1.848346 
-0.325000 1.848024 
-0.324000 1.847664 
-0.323000 1.847264 
-0.322000 1.846826 
-0.321000 1.846350 
-0.320000 1.845835 
-0.319000 1.845282 
-0.318000 1.844691 
-0.317000 1.844062 
-0.316000 1.843395 
-0.315000 1.842690 
-0.314000 1.841948 
-0.313000 1.841168 
-0.312000 1.840351 
-0.311000 1.839497 
-0.310000 1.838605 
-0.309000 1.837677 
-0.308000 1.836711 
-0.307000 1.835709 
-0.306000 1.834671 
-0.305000 1.833595 
-0.304000 1.832483 
-0.303000 1.831335 
-0.302000 1.830151 
-0.301000 1.828930 
-0.300000 1.827674 
-0.299000 1.826381 
-0.298000 1.825053 
-0.297000 1.823689 
-0.296000 1.822289 
-0.295000 1.820854 
-0.294000 1.819384 
-0.293000 1.817878 
-0.292000 1.816337 
-0.291000 1.814760 
-0.290000 1.813149 
-0.289000 1.811502 
-0.288000 1.809821 
-0.287000 1.808105 
-0.286000 1.806354 
-0.285000 1.804569 
-0.284000 1.802749 
-0.283000 1.800895 
-0.282000 1.799006 
-0.281000 1.797083 
-0.280000 1.795126 
-0.279000 1.793134 
-0.278000 1.791109 
-0.277000 1.789049 
-0.276000 1.786956 
-0.275000 1.784829 
-0.274000 1.782668 
-0.273000 1.780473 
-0.272000 1.778245 
-0.271000 1.775983 
-0.270000 1.773687 
-0.269000 1.771359 
-0.268000 1.768997 
-0.267000 1.766601 
-0.266000 1.764173 
-0.265000 1.761711 
-0.264000 1.759216 
-0.263000 1.756688 
-0.262000 1.754127 
-0.261000 1.751533 
-0.260000 1.748906 
-0.259000 1.746247 
-0.258000 1.743555 
-0.257000 1.740830 
-0.256000 1.738072 
-0.255000 1.735282 
-0.254000 1.732459 
-0.253000 1.729604 
-0.252000 1.726716 
-0.251000 1.723796 
-0.250000 1.720844 
-0.249000 1.717859 
-0.248000 1.714842 
-0.247000 1.711793 
-0.246000 1.708712 
-0.245000 1.705598 
-0.244000 1.702453 
-0.243000 1.699275 
-0.242000 1.696065 
-0.241000 1.692824 
-0.240000 1.689550 
-0.239000 1.686245 
-0.238000 1.682908 
-0.237000 1.679539 
-0.236000 1.676138 
-0.235000 1.672705 
-0.234000 1.669241 
-0.233000 1.665745 
-0.232000 1.662218 
-0.231000 1.658658 
-0.230000 1.655068 
-0.229000 1.651445 
-0.228000 1.647791 
-0.227000 1.644106 
-0.226000 1.640389 
-0.225000 1.636640 
-0.224000 1.632860 
-0.223000 1.629049 
-0.222000 1.625206 
-0.221000 1.621332 
-0.220000 1.617427 
-0.219000 1.613490 
-0.218000 1.609522 
-0.217000 1.605523 
-0.216000 1.601490 
-0.215000 1.597428 
-0.214000 1.593335 
-0.213000 1.589210 
-0.212000 1.585055 
-0.211000 1.580868 
-0.210000 1.576650 
-0.209000 1.572400 
-0.208000 1.568120 
-0.207000 1.563808 
-0.206000 1.559465 
-0.205000 1.555091 
-0.204000 1.550686 
-0.203000 1.546249 
-0.202000 1.541782 
-0.201000 1.537283 
-0.200000 1.532753 
-0.199000 1.528192 
-0.198000 1.523600 
-0.197000 1.518977 
-0.196000 1.514323 
-0.195000 1.509637 
-0.194000 1.504921 
-0.193000 1.500173 
-0.192000 1.495394 
-0.191000 1.490584 
-0.190000 1.485743 
-0.189000 1.480870 
-0.188000 1.475967 
-0.187000 1.471032 
-0.186000 1.466066 
-0.185000 1.461069 
-0.184000 1.456041 
-0.183000 1.450981 
-0.182000 1.445891 
-0.181000 1.440769 
-0.180000 1.435616 
-0.179000 1.430431 
-0.178000 1.425216 
-0.177000 1.419969 
-0.176000 1.414690 
-0.175000 1.409381 
-0.174000 1.404040 
-0.173000 1.398668 
-0.172000 1.393264 
-0.171000 1.387829 
-0.170000 1.382363 
-0.169000 1.376865 
-0.168000 1.371336 
-0.167000 1.365775 
-0.166000 1.360183 
-0.165000 1.354559 
-0.164000 1.348904 
-0.163000 1.343217 
-0.162000 1.337499 
-0.161000 1.331749 
-0.160000 1.325967 
-0.159000 1.320154 
-0.158000 1.314309 
-0.157000 1.308432 
-0.156000 1.302524 
-0.155000 1.296584 
-0.154000 1.290612 
-0.153000 1.284608 
-0.152000 1.278572 
-0.151000 1.272505 
-0.150000 1.266405 
-0.149000 1.260274 
-0.148000 1.254110 
-0.147000 1.247915 
-0.146000 1.241687 
-0.145000 1.235427 
-0.144000 1.229135 
-0.143000 1.222811 
-0.142000 1.216455 
-0.141000 1.210066 
-0.140000 1.203645 
-0.139000 1.197192 
-0.138000 1.190707 
-0.137000 1.184189 
-0.136000 1.177638 
-0.135000 1.171055 
-0.134000 1.164440 
-0.133000 1.157791 
-0.132000 1.151111 
-0.131000 1.144397 
-0.130000 1.137651 
-0.129000 1.130872 
-0.128000 1.124060 
-0.127000 1.117216 
-0.126000 1.110338 
-0.125000 1.103427 
-0.124000 1.096484 
-0.123000 1.089507 
-0.122000 1.082497 
-0.121000 1.075454 
-0.120000 1.068378 
-0.119000 1.061269 
-0.118000 1.054126 
-0.117000 1.046950 
-0.116000 1.039740 
-0.115000 1.032497 
-0.114000 1.025221 
-0.113000 1.017910 
-0.112000 1.010567 
-0.111000 1.003189 
-0.110000 0.995778 
-0.109000 0.988332 
-0.108000 0.980853 
-0.107000 0.973340 
-0.106000 0.965793 
-0.105000 0.958212 
-0.104000 0.950597 
-0.103000 0.942948 
-0.102000 0.935264 
-0.101000 0.927546 
-0.100000 0.919794 
-0.099000 0.912008 
-0.098000 0.904186 
-0.097000 0.896331 
-0.096000 0.888440 
-0.095000 0.880516 
-0.094000 0.872556 
-0.093000 0.864561 
-0.092000 0.856532 
-0.091000 0.848468 
-0.090000 0.840368 
-0.089000 0.832234 
-0.088000 0.824064 
-0.087000 0.815860 
-0.086000 0.807620 
-0.085000 0.799344 
-0.084000 0.791034 
-0.083000 0.782688 
-0.082000 0.774306 
-0.081000 0.765888 
-0.080000 0.757435 
-0.079000 0.748947 
-0.078000 0.740422 
-0.077000 0.731862 
-0.076000 0.723265 
-0.075000 0.714633 
-0.074000 0.705964 
-0.073000 0.697260 
-0.072000 0.688519 
-0.071000 0.679742 
-0.070000 0.670928 
-0.069000 0.662078 
-0.068000 0.653191 
-0.067000 0.644268 
-0.066000 0.635308 
-0.065000 0.626312 
-0.064000 0.617278 
-0.063000 0.608208 
-0.062000 0.599101 
-0.061000 0.589957 
-0.060000 0.580775 
-0.059000 0.571557 
-0.058000 0.562301 
-0.057000 0.553008 
-0.056000 0.543677 
-0.055000 0.534310 
-0.054000 0.524904 
-0.053000 0.515461 
-0.052000 0.505980 
-0.051000 0.496462 
-0.050000 0.486905 
-0.049000 0.477311 
-0.048000 0.467679 
-0.047000 0.458009 
-0.046000 0.448300 
-0.045000 0.438554 
-0.044000 0.428769 
-0.043000 0.418946 
-0.042000 0.409084 
-0.041000 0.399184 
-0.040000 0.389246 
-0.039000 0.379268 
-0.038000 0.369253 
-0.037000 0.359198 
-0.036000 0.349105 
-0.035000 0.338972 
-0.034000 0.328801 
-0.033000 0.318591 
-0.032000 0.308342 
-0.031000 0.298053 
-0.030000 0.287726 
-0.029000 0.277359 
-0.028000 0.266952 
-0.027000 0.256507 
-0.026000 0.246021 
-0.025000 0.235497 
-0.024000 0.224933 
-0.023000 0.214329 
-0.022000 0.203685 
-0.021000 0.193001 
-0.020000 0.182278 
-0.019000 0.171515 
-0.018000 0.160712 
-0.017000 0.149869 
-0.016000 0.138986 
-0.015000 0.128062 
-0.014000 0.117099 
-0.013000 0.106095 
-0.012000 0.095052 
-0.011000 0.083967 
-0.010000 0.072843 
-0.009000 0.061678 
-0.008000 0.050473 
-0.007000 0.039227 
-0.006000 0.027940 
-0.005000 0.016613 
-0.004000 0.005246 
-0.003000 -0.006162 
-0.002000 -0.017611 
-0.001000 -0.029101 
-0.000000 -0.040631 
0.001000 -0.052202 
0.002000 -0.063814 
0.003000 -0.075467 
0.004000 -0.087161 
0.005000 -0.098895 
0.006000 -0.110671 
0.007000 -0.122487 
0.008000 -0.134344 
0.009000 -0.146242 
0.010000 -0.158182 
0.011000 -0.170162 
0.012000 -0.182183 
0.013000 -0.194245 
0.014000 -0.206348 
0.015000 -0.218492 
0.016000 -0.230677 
0.017000 -0.242903 
0.018000 -0.255170 
0.019000 -0.267478 
0.020000 -0.279826 
0.021000 -0.292216 
0.022000 -0.304647 
0.023000 -0.317118 
0.024000 -0.329630 
0.025000 -0.342183 
0.026000 -0.354777 
0.027000 -0.367412 
0.028000 -0.380087 
0.029000 -0.392803 
0.030000 -0.405559 
0.031000 -0.418357 
0.032000 -0.431194 
0.033000 -0.444072 
0.034000 -0.456990 
0.035000 -0.469949 
0.036000 -0.482947 
0.037000 -0.495986 
0.038000 -0.509065 
0.039000 -0.522184 
0.040000 -0.535342 
0.041000 -0.548541 
0.042000 -0.561779 
0.043000 -0.575056 
0.044000 -0.588373 
0.045000 -0.601730 
0.046000 -0.615125 
0.047000 -0.628560 
0.048000 -0.642033 
0.049000 -0.655545 
0.050000 -0.669096 
0.051000 -0.682685 
0.052000 -0.696313 
0.053000 -0.709978 
0.054000 -0.723682 
0.055000 -0.737423 
0.056000 -0.751202 
0.057000 -0.765018 
0.058000 -0.778872 
0.059000 -0.792762 
0.060000 -0.806689 
0.061000 -0.820653 
0.062000 -0.834652 
0.063000 -0.848688 
0.064000 -0.862760 
0.065000 -0.876867 
0.066000 -0.891009 
0.067000 -0.905187 
0.068000 -0.919399 
0.069000 -0.933645 
0.070000 -0.947926 
0.071000 -0.962240 
0.072000 -0.976588 
0.073000 -0.990969 
0.074000 -1.005382 
0.075000 -1.019828 
0.076000 -1.034306 
0.077000 -1.048816 
0.078000 -1.063357 
0.079000 -1.077929 
0.080000 -1.092531 
0.081000 -1.107164 
0.082000 -1.121826 
0.083000 -1.136517 
0.084000 -1.151237 
0.085000 -1.165986 
0.086000 -1.180762 
0.087000 -1.195565 
0.088000 -1.210395 
0.089000 -1.225251 
0.090000 -1.240134 
0.091000 -1.255041 
0.092000 -1.269973 
0.093000 -1.284929 
0.094000 -1.299908 
0.095000 -1.314910 
0.096000 -1.329935 
0.097000 -1.344981 
0.098000 -1.360048 
0.099000 -1.375135 
0.100000 -1.390242 
0.101000 -1.405368 
0.102000 -1.420512 
0.103000 -1.435674 
0.104000 -1.450852 
0.105000 -1.466046 
0.106000 -1.481255 
0.107000 -1.496479 
0.108000 -1.511716 
0.109000 -1.526966 
0.110000 -1.542227 
0.111000 -1.557500 
0.112000 -1.572783 
0.113000 -1.588075 
0.114000 -1.603375 
0.115000 -1.618682 
0.116000 -1.633995 
0.117000 -1.649314 
0.118000 -1.664637 
0.119000 -1.679964 
0.120000 -1.695292 
0.121000 -1.710622 
0.122000 -1.725951 
0.123000 -1.741280 
0.124000 -1.756606 
0.125000 -1.771929 
0.126000 -1.787246 
0.127000 -1.802559 
0.128000 -1.817863 
0.129000 -1.833160 
0.130000 -1.848447 
0.131000 -1.863723 
0.132000 -1.878986 
0.133000 -1.894236 
0.134000 -1.909470 
0.135000 -1.924689 
0.136000 -1.939889 
0.137000 -1.955069 
0.138000 -1.970229 
0.139000 -1.985366 
0.140000 -2.000480 
0.141000 -2.015567 
0.142000 -2.030628 
0.143000 -2.045659 
0.144000 -2.060660 
0.145000 -2.075629 
0.146000 -2.090564 
0.147000 -2.105464 
0.148000 -2.120326 
0.149000 -2.135149 
0.150000 -2.149930 
0.151000 -2.164669 
0.152000 -2.179363 
0.153000 -2.194011 
0.154000 -2.208610 
0.155000 -2.223158 
0.156000 -2.237653 
0.157000 -2.252094 
0.158000 -2.266478 
0.159000 -2.280804 
0.160000 -2.295068 
0.161000 -2.309269 
0.162000 -2.323405 
0.163000 -2.337474 
0.164000 -2.351473 
0.165000 -2.365400 
0.166000 -2.379252 
0.167000 -2.393029 
0.168000 -2.406726 
0.169000 -2.420341 
0.170000 -2.433874 
0.171000 -2.447320 
0.172000 -2.460677 
0.173000 -2.473943 
0.174000 -2.487116 
0.175000 -2.500192 
0.176000 -2.513170 
0.177000 -2.526046 
0.178000 -2.538818 
0.179000 -2.551484 
0.180000 -2.564040 
0.181000 -2.576485 
0.182000 -2.588814 
0.183000 -2.601027 
0.184000 -2.613119 
0.185000 -2.625088 
0.186000 -2.636931 
0.187000 -2.648646 
0.188000 -2.660229 
0.189000 -2.671677 
0.190000 -2.682989 
0.191000 -2.694160 
0.192000 -2.705189 
0.193000 -2.716071 
0.194000 -2.726804 
0.195000 -2.737386 
0.196000 -2.747812 
0.197000 -2.758081 
0.198000 -2.768189 
0.199000 -2.778133 
0.200000 -2.787911 
0.201000 -2.797518 
0.202000 -2.806952 
0.203000 -2.816211 
0.204000 -2.825291 
0.205000 -2.834188 
0.206000 -2.842901 
0.207000 -2.851426 
0.208000 -2.859759 
0.209000 -2.867899 
0.210000 -2.875841 
0.211000 -2.883584 
0.212000 -2.891123 
0.213000 -2.898456 
0.214000 -2.905580 
0.215000 -2.912493 
0.216000 -2.919190 
0.217000 -2.925670 
0.218000 -2.931929 
0.219000 -2.937964 
0.220000 -2.943773 
0.221000 -2.949352 
0.222000 -2.954700 
0.223000 -2.959813 
0.224000 -2.964688 
0.225000 -2.969323 
0.226000 -2.973715 
0.227000 -2.977861 
0.228000 -2.981759 
0.229000 -2.985407 
0.230000 -2.988801 
0.231000 -2.991940 
0.232000 -2.994821 
0.233000 -2.997441 
0.234000 -2.999799 
0.235000 -3.001892 
0.236000 -3.003717 
0.237000 -3.005273 
0.238000 -3.006558 
0.239000 -3.007570 
0.240000 -3.008306 
0.241000 -3.008765 
0.242000 -3.008945 
0.243000 -3.008845 
0.244000 -3.008461 
0.245000 -3.007794 
0.246000 -3.006842 
0.247000 -3.005602 
0.248000 -3.004074 
0.249000 -3.002257 
0.250000 -3.000148 
0.251000 -2.997748 
0.252000 -2.995055 
0.253000 -2.992067 
0.254000 -2.988785 
0.255000 -2.985208 
0.256000 -2.981334 
0.257000 -2.977164 
0.258000 -2.972696 
0.259000 -2.967931 
0.260000 -2.962867 
0.261000 -2.957506 
0.262000 -2.951846 
0.263000 -2.945888 
0.264000 -2.939632 
0.265000 -2.933077 
0.266000 -2.926226 
0.267000 -2.919076 
0.268000 -2.911630 
0.269000 -2.903888 
0.270000 -2.895851 
0.271000 -2.887518 
0.272000 -2.878892 
0.273000 -2.869973 
0.274000 -2.860762 
0.275000 -2.851261 
0.276000 -2.841471 
0.277000 -2.831393 
0.278000 -2.821028 
0.279000 -2.810379 
0.280000 -2.799447 
0.281000 -2.788234 
0.282000 -2.776741 
0.283000 -2.764972 
0.284000 -2.752922 
0.285000 -2.740604 
0.286000 -2.728015 
0.287000 -2.715157 
0.288000 -2.702034 
0.289000 -2.688647 
0.290000 -2.674999 
0.291000 -2.661093 
0.292000 -2.646932 
0.293000 -2.632519 
0.294000 -2.617855 
0.295000 -2.602946 
0.296000 -2.587793 
0.297000 -2.572399 
0.298000 -2.556769 
0.299000 -2.540905 
0.300000 -2.524810 
0.301000 -2.508489 
0.302000 -2.491944 
0.303000 -2.475179 
0.304000 -2.458198 
0.305000 -2.441004 
0.306000 -2.423602 
0.307000 -2.405994 
0.308000 -2.388185 
0.309000 -2.370179 
0.310000 -2.351979 
0.311000 -2.333590 
0.312000 -2.315014 
0.313000 -2.296258 
0.314000 -2.277323 
0.315000 -2.258215 
0.316000 -2.238938 
0.317000 -2.219495 
0.318000 -2.199891 
0.319000 -2.180130 
0.320000 -2.160216 
0.321000 -2.140154 
0.322000 -2.119947 
0.323000 -2.099599 
0.324000 -2.079116 
0.325000 -2.058501 
0.326000 -2.037758 
0.327000 -2.016892 
0.328000 -1.995906 
0.329000 -1.974805 
0.330000 -1.953594 
0.331000 -1.932276 
0.332000 -1.910855 
0.333000 -1.889337 
0.334000 -1.867724 
0.335000 -1.846021 
0.336000 -1.824232 
0.337000 -1.802361 
0.338000 -1.780412 
0.339000 -1.758390 
0.340000 -1.736298 
0.341000 -1.714141 
0.342000 -1.691921 
0.343000 -1.669644 
0.344000 -1.647312 
0.345000 -1.624931 
0.346000 -1.602503 
0.347000 -1.580032 
0.348000 -1.557523 
0.349000 -1.534979 
0.350000 -1.512403 
0.351000 -1.489799 
0.352000 -1.467172 
0.353000 -1.444523 
0.354000 -1.421857 
0.355000 -1.399177 
0.356000 -1.376487 
0.357000 -1.353790 
0.358000 -1.331089 
0.359000 -1.308387 
0.360000 -1.285688 
0.361000 -1.262995 
0.362000 -1.240311 
0.363000 -1.217638 
0.364000 -1.194981 
0.365000 -1.172341 
0.366000 -1.149723 
0.367000 -1.127127 
0.368000 -1.104559 
0.369000 -1.082019 
0.370000 -1.059511 
0.371000 -1.037038 
0.372000 -1.014601 
0.373000 -0.992205 
0.374000 -0.969850 
0.375000 -0.947540 
0.376000 -0.925276 
0.377000 -0.903062 
0.378000 -0.880899 
0.379000 -0.858789 
0.380000 -0.836736 
0.381000 -0.814740 
0.382000 -0.792804 
0.383000 -0.770930 
0.384000 -0.749121 
0.385000 -0.727376 
0.386000 -0.705700 
0.387000 -0.684093 
0.388000 -0.662557 
0.389000 -0.641095 
0.390000 -0.619707 
0.391000 -0.598395 
0.392000 -0.577161 
0.393000 -0.556006 
0.394000 -0.534932 
0.395000 -0.513941 
0.396000 -0.493033 
0.397000 -0.472210 
0.398000 -0.451473 
0.399000 -0.430824 
0.400000 -0.410264 
0.401000 -0.389793 
0.402000 -0.369414 
0.403000 -0.349127 
0.404000 -0.328933 
0.405000 -0.308833 
0.406000 -0.288829 
0.407000 -0.268921 
0.408000 -0.249109 
0.409000 -0.229396 
0.410000 -0.209781 
0.411000 -0.190266 
0.412000 -0.170852 
0.413000 -0.151538 
0.414000 -0.132326 
0.415000 -0.113216 
0.416000 -0.094210 
0.417000 -0.075307 
0.418000 -0.056508 
0.419000 -0.037813 
0.420000 -0.019224 
0.421000 -0.000741 
0.422000 0.017637 
0.423000 0.035907 
0.424000 0.054071 
0.425000 0.072128 
0.426000 0.090077 
0.427000 0.107919 
0.428000 0.125652 
0.429000 0.143276 
0.430000 0.160792 
0.431000 0.178199 
0.432000 0.195497 
0.433000 0.212686 
0.434000 0.229765 
0.435000 0.246735 
0.436000 0.263595 
0.437000 0.280346 
0.438000 0.296987 
0.439000 0.313518 
0.440000 0.329939 
0.441000 0.346250 
0.442000 0.362451 
0.443000 0.378543 
0.444000 0.394525 
0.445000 0.410397 
0.446000 0.426159 
0.447000 0.441812 
0.448000 0.457356 
0.449000 0.472790 
0.450000 0.488115 
0.451000 0.503331 
0.452000 0.518438 
0.453000 0.533436 
0.454000 0.548326 
0.455000 0.563107 
0.456000 0.577780 
0.457000 0.592346 
0.458000 0.606803 
0.459000 0.621153 
0.460000 0.635396 
0.461000 0.649533 
0.462000 0.663562 
0.463000 0.677485 
0.464000 0.691302 
0.465000 0.705013 
0.466000 0.718619 
0.467000 0.732119 
0.468000 0.745515 
0.469000 0.758806 
0.470000 0.771993 
0.471000 0.785076 
0.472000 0.798055 
0.473000 0.810932 
0.474000 0.823705 
0.475000 0.836376 
0.476000 0.848945 
0.477000 0.861413 
0.478000 0.873779 
0.479000 0.886044 
0.480000 0.898208 
0.481000 0.910273 
0.482000 0.922237 
0.483000 0.934103 
0.484000 0.945869 
0.485000 0.957537 
0.486000 0.969107 
0.487000 0.980579 
0.488000 0.991953 
0.489000 1.003231 
0.490000 1.014412 
0.491000 1.025498 
0.492000 1.036488 
0.493000 1.047382 
0.494000 1.058182 
0.495000 1.068888 
0.496000 1.079499 
0.497000 1.090018 
0.498000 1.100443 
0.499000 1.110776 
0.500000 1.121016 
0.501000 1.131165 
0.502000 1.141223 
0.503000 1.151190 
0.504000 1.161066 
0.505000 1.170853 
0.506000 1.180550 
0.507000 1.190159 
0.508000 1.199678 
0.509000 1.209110 
0.510000 1.218454 
0.511000 1.227710 
0.512000 1.236880 
0.513000 1.245964 
0.514000 1.254961 
0.515000 1.263873 
0.516000 1.272700 
0.517000 1.281443 
0.518000 1.290101 
0.519000 1.298676 
0.520000 1.307167 
0.521000 1.315576 
0.522000 1.323902 
0.523000 1.332146 
0.524000 1.340309 
0.525000 1.348391 
0.526000 1.356392 
0.527000 1.364312 
0.528000 1.372153 
0.529000 1.379915 
0.530000 1.387598 
0.531000 1.395202 
0.532000 1.402728 
0.533000 1.410176 
0.534000 1.417547 
0.535000 1.424842 
0.536000 1.432060 
0.537000 1.439202 
0.538000 1.446268 
0.539000 1.453259 
0.540000 1.460175 
0.541000 1.467017 
0.542000 1.473785 
0.543000 1.480480 
0.544000 1.487101 
0.545000 1.493650 
0.546000 1.500126 
0.547000 1.506531 
0.548000 1.512864 
0.549000 1.519125 
0.550000 1.525316 
0.551000 1.531437 
0.552000 1.537487 
0.553000 1.543468 
0.554000 1.549380 
0.555000 1.555222 
0.556000 1.560997 
0.557000 1.566703 
0.558000 1.572341 
0.559000 1.577912 
0.560000 1.583417 
0.561000 1.588854 
0.562000 1.594225 
0.563000 1.599531 
0.564000 1.604770 
0.565000 1.609945 
0.566000 1.615055 
0.567000 1.620100 
0.568000 1.625081 
0.569000 1.629998 
0.570000 1.634852 
0.571000 1.639643 
0.572000 1.644371 
0.573000 1.649037 
0.574000 1.653640 
0.575000 1.658182 
0.576000 1.662663 
0.577000 1.667082 
0.578000 1.671440 
0.579000 1.675738 
0.580000 1.679976 
0.581000 1.684155 
0.582000 1.688273 
0.583000 1.692333 
0.584000 1.696334 
0.585000 1.700276 
0.586000 1.704160 
0.587000 1.707986 
0.588000 1.711754 
0.589000 1.715465 
0.590000 1.719119 
0.591000 1.722716 
0.592000 1.726257 
0.593000 1.729742 
0.594000 1.733171 
0.595000 1.736544 
0.596000 1.739862 
0.597000 1.743125 
0.598000 1.746334 
0.599000 1.749488 
0.600000 1.752588 
0.601000 1.755633 
0.602000 1.758626 
0.603000 1.761565 
0.604000 1.764451 
0.605000 1.767284 
0.606000 1.770064 
0.607000 1.772792 
0.608000 1.775469 
0.609000 1.778093 
0.610000 1.780666 
0.611000 1.783188 
0.612000 1.785659 
0.613000 1.788079 
0.614000 1.790448 
0.615000 1.792767 
0.616000 1.795036 
0.617000 1.797256 
0.618000 1.799426 
0.619000 1.801546 
0.620000 1.803618 
0.621000 1.805640 
0.622000 1.807614 
0.623000 1.809540 
0.624000 1.811418 
0.625000 1.813247 
0.626000 1.815029 
0.627000 1.816763 
0.628000 1.818450 
0.629000 1.820091 
0.630000 1.821684 
0.631000 1.823230 
0.632000 1.824731 
0.633000 1.826185 
0.634000 1.827592 
0.635000 1.828955 
0.636000 1.830271 
0.637000 1.831542 
0.638000 1.832768 
0.639000 1.833950 
0.640000 1.835086 
0.641000 1.836177 
0.642000 1.837225 
0.643000 1.838228 
0.644000 1.839187 
0.645000 1.840102 
0.646000 1.840973 
0.647000 1.841801 
0.648000 1.842586 
0.649000 1.843327 
0.650000 1.844026 
0.651000 1.844682 
0.652000 1.845295 
0.653000 1.845866 
0.654000 1.846395 
0.655000 1.846881 
0.656000 1.847326 
0.657000 1.847729 
0.658000 1.848090 
0.659000 1.848410 
0.660000 1.848689 
0.661000 1.848927 
0.662000 1.849123 
0.663000 1.849279 
0.664000 1.849394 
0.665000 1.849469 
0.666000 1.849504 
0.667000 1.849498 
0.668000 1.849452 
0.669000 1.849367 
0.670000 1.849242 
0.671000 1.849077 
0.672000 1.848872 
0.673000 1.848629 
0.674000 1.848346 
0.675000 1.848024 
0.676000 1.847664 
0.677000 1.847264 
0.678000 1.846826 
0.679000 1.846350 
0.680000 1.845835 
0.681000 1.845282 
0.682000 1.844691 
0.683000 1.844062 
0.684000 1.843395 
0.685000 1.842690 
0.686000 1.841948 
0.687000 1.841168 
0.688000 1.840351 
0.689000 1.839497 
0.690000 1.838605 
0.691000 1.837677 
0.692000 1.836711 
0.693000 1.835709 
0.694000 1.834671 
0.695000 1.833595 
0.696000 1.832483 
0.697000 1.831335 
0.698000 1.830151 
0.699000 1.828930 
0.700000 1.827674 
0.701000 1.826381 
0.702000 1.825053 
0.703000 1.823689 
0.704000 1.822289 
0.705000 1.820854 
0.706000 1.819384 
0.707000 1.817878 
0.708000 1.816337 
0.709000 1.814760 
0.710000 1.813149 
0.711000 1.811502 
0.712000 1.809821 
0.713000 1.808105 
0.714000 1.806354 
0.715000 1.804569 
0.716000 1.802749 
0.717000 1.800895 
0.718000 1.799006 
0.719000 1.797083 
0.720000 1.795126 
0.721000 1.793134 
0.722000 1.791109 
0.723000 1.789049 
0.724000 1.786956 
0.725000 1.784829 
0.726000 1.782668 
0.727000 1.780473 
0.728000 1.778245 
0.729000 1.775983 
0.730000 1.773687 
0.731000 1.771359 
0.732000 1.768997 
0.733000 1.766601 
0.734000 1.764173 
0.735000 1.761711 
0.736000 1.759216 
0.737000 1.756688 
0.738000 1.754127 
0.739000 1.751533 
0.740000 1.748906 
0.741000 1.746247 
0.742000 1.743555 
0.743000 1.740830 
0.744000 1.738072 
0.745000 1.735282 
0.746000 1.732459 
0.747000 1.729604 
0.748000 1.726716 
0.749000 1.723796 
0.750000 1.720844 
0.751000 1.717859 
0.752000 1.714842 
0.753000 1.711793 
0.754000 1.708712 
0.755000 1.705598 
0.756000 1.702453 
0.757000 1.699275 
0.758000 1.696065 
0.759000 1.692824 
0.760000 1.689550 
0.761000 1.686245 
0.762000 1.682908 
0.763000 1.679539 
0.764000 1.676138 
0.765000 1.672705 
0.766000 1.669241 
0.767000 1.665745 
0.768000 1.662218 
0.769000 1.658658 
0.770000 1.655068 
0.771000 1.651445 
0.772000 1.647791 
0.773000 1.644106 
0.774000 1.640389 
0.775000 1.636640 
0.776000 1.632860 
0.777000 1.629049 
0.778000 1.625206 
0.779000 1.621332 
0.780000 1.617427 
0.781000 1.613490 
0.782000 1.609522 
0.783000 1.605523 
0.784000 1.601490 
0.785000 1.597428 
0.786000 1.593335 
0.787000 1.589210 
0.788000 1.585055 
0.789000 1.580868 
0.790000 1.576650 
0.791000 1.572400 
0.792000 1.568120 
0.793000 1.563808 
0.794000 1.559465 
0.795000 1.555091 
0.796000 1.550686 
0.797000 1.546249 
0.798000 1.541782 
0.799000 1.537283 
0.800000 1.532753 
0.801000 1.528192 
0.802000 1.523600 
0.803000 1.518977 
0.804000 1.514323 
0.805000 1.509637 
0.806000 1.504921 
0.807000 1.500173 
0.808000 1.495394 
0.809000 1.490584 
0.810000 1.485743 
0.811000 1.480870 
0.812000 1.475967 
0.813000 1.471032 
0.814000 1.466066 
0.815000 1.461069 
0.816000 1.456041 
0.817000 1.450981 
0.818000 1.445891 
0.819000 1.440769 
0.820000 1.435616 
0.821000 1.430431 
0.822000 1.425216 
0.823000 1.419969 
0.824000 1.414690 
0.825000 1.409381 
0.826000 1.404040 
0.827000 1.398668 
0.828000 1.393264 
0.829000 1.387829 
0.830000 1.382363 
0.831000 1.376865 
0.832000 1.371336 
0.833000 1.365775 
0.834000 1.360183 
0.835000 1.354559 
0.836000 1.348904 
0.837000 1.343217 
0.838000 1.337499 
0.839000 1.331749 
0.840000 1.325967 
0.841000 1.320154 
0.842000 1.314309 
0.843000 1.308432 
0.844000 1.302524 
0.845000 1.296584 
0.846000 1.290612 
0.847000 1.284608 
0.848000 1.278572 
0.849000 1.272505 
0.850000 1.266405 
0.851000 1.260274 
0.852000 1.254110 
0.853000 1.247915 
0.854000 1.241687 
0.855000 1.235427 
0.856000 1.229135 
0.857000 1.222811 
0.858000 1.216455 
0.859000 1.210066 
0.860000 1.203645 
0.861000 1.197192 
0.862000 1.190707 
0.863000 1.184189 
0.864000 1.177638 
0.865000 1.171055 
0.866000 1.164440 
0.867000 1.157791 
0.868000 1.151111 
0.869000 1.144397 
0.870000 1.137651 
0.871000 1.130872 
0.872000 1.124060 
0.873000 1.117216 
0.874000 1.110338 
0.875000 1.103427 
0.876000 1.096484 
0.877000 1.089507 
0.878000 1.082497 
0.879000 1.075454 
0.880000 1.068378 
0.881000 1.061269 
0.882000 1.054126 
0.883000 1.046950 
0.884000 1.039740 
0.885000 1.032497 
0.886000 1.025221 
0.887000 1.017910 
0.888000 1.010567 
0.889000 1.003189 
0.890000 0.995778 
0.891000 0.988332 
0.892000 0.980853 
0.893000 0.973340 
0.894000 0.965793 
0.895000 0.958212 
0.896000 0.950597 
0.897000 0.942948 
0.898000 0.935264 
0.899000 0.927546 
0.900000 0.919794 
0.901000 0.912008 
0.902000 0.904186 
0.903000 0.896331 
0.904000 0.888440 
0.905000 0.880516 
0.906000 0.872556 
0.907000 0.864561 
0.908000 0.856532 
0.909000 0.848468 
0.910000 0.840368 
0.911000 0.832234 
0.912000 0.824064 
0.913000 0.815860 
0.914000 0.807620 
0.915000 0.799344 
0.916000 0.791034 
0.917000 0.782688 
0.918000 0.774306 
0.919000 0.765888 
0.920000 0.757435 
0.921000 0.748947 
0.922000 0.740422 
0.923000 0.731862 
0.924000 0.723265 
0.925000 0.714633 
0.926000 0.705964 
0.927000 0.697260 
0.928000 0.688519 
0.929000 0.679742 
0.930000 0.670928 
0.931000 0.662078 
0.932000 0.653191 
0.933000 0.644268 
0.934000 0.635308 
0.935000 0.626312 
0.936000 0.617278 
0.937000 0.608208 
0.938000 0.599101 
0.939000 0.589957 
0.940000 0.580775 
0.941000 0.571557 
0.942000 0.562301 
0.943000 0.553008 
0.944000 0.543677 
0.945000 0.534310 
0.946000 0.524904 
0.947000 0.515461 
0.948000 0.505980 
0.949000 0.496462 
0.950000 0.486905 
0.951000 0.477311 
0.952000 0.467679 
0.953000 0.458009 
0.954000 0.448300 
0.955000 0.438554 
0.956000 0.428769 
0.957000 0.418946 
0.958000 0.409084 
0.959000 0.399184 
0.960000 0.389246 
0.961000 0.379268 
0.962000 0.369253 
0.963000 0.359198 
0.964000 0.349105 
0.965000 0.338972 
0.966000 0.328801 
0.967000 0.318591 
0.968000 0.308342 
0.969000 0.298053 
0.970000 0.287726 
0.971000 0.277359 
0.972000 0.266952 
0.973000 0.256507 
0.974000 0.246021 
0.975000 0.235497 
0.976000 0.224933 
0.977000 0.214329 
0.978000 0.203685 
0.979000 0.193001 
0.980000 0.182278 
0.981000 0.171515 
0.982000 0.160712 
0.983000 0.149869 
0.984000 0.138986 
0.985000 0.128062 
0.986000 0.117099 
0.987000 0.106095 
0.988000 0.095052 
0.989000 0.083967 
0.990000 0.072843 
0.991000 0.061678 
0.992000 0.050473 
0.993000 0.039227 
0.994000 0.027940 
0.995000 0.016613 
0.996000 0.005246 
0.997000 -0.006162 
0.998000 -0.017611 
0.999000 -0.029101 
1.000000 -0.040631 
1.001000 -0.052202 
1.002000 -0.063814 
1.003000 -0.075467 
1.004000 -0.087161 
1.005000 -0.098895 
1.006000 -0.110671 
1.007000 -0.122487 
1.008000 -0.134344 
1.009000 -0.146242 
1.010000 -0.158182 
1.011000 -0.170162 
1.012000 -0.182183 
1.013000 -0.194245 
1.014000 -0.206348 
1.015000 -0.218492 
1.016000 -0.230677 
1.017000 -0.242903 
1.018000 -0.255170 
1.019000 -0.267478 
1.020000 -0.279826 
1.021000 -0.292216 
1.022000 -0.304647 
1.023000 -0.317118 
1.024000 -0.329630 
1.025000 -0.342183 
1.026000 -0.354777 
1.027000 -0.367412 
1.028000 -0.380087 
1.029000 -0.392803 
1.030000 -0.405559 
1.031000 -0.418357 
1.032000 -0.431194 
1.033000 -0.444072 
1.034000 -0.456990 
1.035000 -0.469949 
1.036000 -0.482947 
1.037000 -0.495986 
1.038000 -0.509065 
1.039000 -0.522184 
1.040000 -0.535342 
1.041000 -0.548541 
1.042000 -0.561779 
1.043000 -0.575056 
1.044000 -0.588373 
1.045000 -0.601730 
1.046000 -0.615125 
1.047000 -0.628560 
1.048000 -0.642033 
1.049000 -0.655545 
1.050000 -0.669096 
1.051000 -0.682685 
1.052000 -0.696313 
1.053000 -0.709978 
1.054000 -0.723682 
1.055000 -0.737423 
1.056000 -0.751202 
1.057000 -0.765018 
1.058000 -0.778872 
1.059000 -0.792762 
1.060000 -0.806689 
1.061000 -0.820653 
1.062000 -0.834652 
1.063000 -0.848688 
1.064000 -0.862760 
1.065000 -0.876867 
1.066000 -0.891009 
1.067000 -0.905187 
1.068000 -0.919399 
1.069000 -0.933645 
1.070000 -0.947926 
1.071000 -0.962240 
1.072000 -0.976588 
1.073000 -0.990969 
1.074000 -1.005382 
1.075000 -1.019828 
1.076000 -1.034306 
1.077000 -1.048816 
1.078000 -1.063357 
1.079000 -1.077929 
1.080000 -1.092531 
1.081000 -1.107164 
1.082000 -1.121826 
1.083000 -1.136517 
1.084000 -1.151237 
1.085000 -1.165986 
1.086000 -1.180762 
1.087000 -1.195565 
1.088000 -1.210395 
1.089000 -1.225251 
1.090000 -1.240134 
1.091000 -1.255041 
1.092000 -1.269973 
1.093000 -1.284929 
1.094000 -1.299908 
1.095000 -1.314910 
1.096000 -1.329935 
1.097000 -1.344981 
1.098000 -1.360048 
1.099000 -1.375135 
1.100000 -1.390242 
1.101000 -1.405368 
1.102000 -1.420512 
1.103000 -1.435674 
1.104000 -1.450852 
1.105000 -1.466046 
1.106000 -1.481255 
1.107000 -1.496479 
1.108000 -1.511716 
1.109000 -1.526966 
1.110000 -1.542227 
1.111000 -1.557500 
1.112000 -1.572783 
1.113000 -1.588075 
1.114000 -1.603375 
1.115000 -1.618682 
1.116000 -1.633995 
1.117000 -1.649314 
1.118000 -1.664637 
1.119000 -1.679964 
1.120000 -1.695292 
1.121000 -1.710622 
1.122000 -1.725951 
1.123000 -1.741280 
1.124000 -1.756606 
1.125000 -1.771929 
1.126000 -1.787246 
1.127000 -1.802559 
1.128000 -1.817863 
1.129000 -1.833160 
1.130000 -1.848447 
1.131000 -1.863723 
1.132000 -1.878986 
1.133000 -1.894236 
1.134000 -1.909470 
1.135000 -1.924689 
1.136000 -1.939889 
1.137000 -1.955069 
1.138000 -1.970229 
1.139000 -1.985366 
1.140000 -2.000480 
1.141000 -2.015567 
1.142000 -2.030628 
1.143000 -2.045659 
1.144000 -2.060660 
1.145000 -2.075629 
1.146000 -2.090564 
1.147000 -2.105464 
1.148000 -2.120326 
1.149000 -2.135149 
1.150000 -2.149930 
1.151000 -2.164669 
1.152000 -2.179363 
1.153000 -2.194011 
1.154000 -2.208610 
1.155000 -2.223158 
1.156000 -2.237653 
1.157000 -2.252094 
1.158000 -2.266478 
1.159000 -2.280804 
1.160000 -2.295068 
1.161000 -2.309269 
1.162000 -2.323405 
1.163000 -2.337474 
1.164000 -2.351473 
1.165000 -2.365400 
1.166000 -2.379252 
1.167000 -2.393029 
1.168000 -2.406726 
1.169000 -2.420341 
1.170000 -2.433874 
1.171000 -2.447320 
1.172000 -2.460677 
1.173000 -2.473943 
1.174000 -2.487116 
1.175000 -2.500192 
1.176000 -2.513170 
1.177000 -2.526046 
1.178000 -2.538818 
1.179000 -2.551484 
1.180000 -2.564040 
1.181000 -2.576485 
1.182000 -2.588814 
1.183000 -2.601027 
1.184000 -2.613119 
1.185000 -2.625088 
1.186000 -2.636931 
1.187000 -2.648646 
1.188000 -2.660229 
1.189000 -2.671677 
1.190000 -2.682989 
1.191000 -2.694160 
1.192000 -2.705189 
1.193000 -2.716071 
1.194000 -2.726804 
1.195000 -2.737386 
1.196000 -2.747812 
1.197000 -2.758081 
1.198000 -2.768189 
1.199000 -2.778133 
1.200000 -2.787911 
1.201000 -2.797518 
1.202000 -2.806952 
1.203000 -2.816211 
1.204000 -2.825291 
1.205000 -2.834188 
1.206000 -2.842901 
1.207000 -2.851426 
1.208000 -2.859759 
1.209000 -2.867899 
1.210000 -2.875841 
1.211000 -2.883584 
1.212000 -2.891123 
1.213000 -2.898456 
1.214000 -2.905580 
1.215000 -2.912493 
1.216000 -2.919190 
1.217000 -2.925670 
1.218000 -2.931929 
1.219000 -2.937964 
1.220000 -2.943773 
1.221000 -2.949352 
1.222000 -2.954700 
1.223000 -2.959813 
1.224000 -2.964688 
1.225000 -2.969323 
1.226000 -2.973715 
1.227000 -2.977861 
1.228000 -2.981759 
1.229000 -2.985407 
1.230000 -2.988801 
1.231000 -2.991940 
1.232000 -2.994821 
1.233000 -2.997441 
1.234000 -2.999799 
1.235000 -3.001892 
1.236000 -3.003717 
1.237000 -3.005273 
1.238000 -3.006558 
1.239000 -3.007570 
1.240000 -3.008306 
1.241000 -3.008765 
1.242000 -3.008945 
1.243000 -3.008845 
1.244000 -3.008461 
1.245000 -3.007794 
1.246000 -3.006842 
1.247000 -3.005602 
1.248000 -3.004074 
1.249000 -3.002257 
1.250000 -3.000148 
1.251000 -2.997748 
1.252000 -2.995055 
1.253000 -2.992067 
1.254000 -2.988785 
1.255000 -2.985208 
1.256000 -2.981334 
1.257000 -2.977164 
1.258000 -2.972696 
1.259000 -2.967931 
1.260000 -2.962867 
1.261000 -2.957506 
1.262000 -2.951846 
1.263000 -2.945888 
1.264000 -2.939632 
1.265000 -2.933077 
1.266000 -2.926226 
1.267000 -2.919076 
1.268000 -2.911630 
1.269000 -2.903888 
1.270000 -2.895851 
1.271000 -2.887518 
1.272000 -2.878892 
1.273000 -2.869973 
1.274000 -2.860762 
1.275000 -2.851261 
1.276000 -2.841471 
1.277000 -2.831393 
1.278000 -2.821028 
1.279000 -2.810379 
1.280000 -2.799447 
1.281000 -2.788234 
1.282000 -2.776741 
1.283000 -2.764972 
1.284000 -2.752922 
1.285000 -2.740604 
1.286000 -2.728015 
1.287000 -2.715157 
1.288000 -2.702034 
1.289000 -2.688647 
1.290000 -2.674999 
1.291000 -2.661093 
1.292000 -2.646932 
1.293000 -2.632519 
1.294000 -2.617855 
1.295000 -2.602946 
1.296000 -2.587793 
1.297000 -2.572399 
1.298000 -2.556769 
1.299000 -2.540905 
1.300000 -2.524810 
1.301000 -2.508489 
1.302000 -2.491944 
1.303000 -2.475179 
1.304000 -2.458198 
1.305000 -2.441004 
1.306000 -2.423602 
1.307000 -2.405994 
1.308000 -2.388185 
1.309000 -2.370179 
1.310000 -2.351979 
1.311000 -2.333590 
1.312000 -2.315014 
1.313000 -2.296258 
1.314000 -2.277323 
1.315000 -2.258215 
1.316000 -2.238938 
1.317000 -2.219495 
1.318000 -2.199891 
1.319000 -2.180130 
1.320000 -2.160216 
1.321000 -2.140154 
1.322000 -2.119947 
1.323000 -2.099599 
1.324000 -2.079116 
1.325000 -2.058501 
1.326000 -2.037758 
1.327000 -2.016892 
1.328000 -1.995906 
1.329000 -1.974805 
1.330000 -1.953594 
1.331000 -1.932276 
1.332000 -1.910855 
1.333000 -1.889337 
1.334000 -1.867724 
1.335000 -1.846021 
1.336000 -1.824232 
1.337000 -1.802361 
1.338000 -1.780412 
1.339000 -1.758390 
1.340000 -1.736298 
1.341000 -1.714141 
1.342000 -1.691921 
1.343000 -1.669644 
1.344000 -1.647312 
1.345000 -1.624931 
1.346000 -1.602503 
1.347000 -1.580032 
1.348000 -1.557523 
1.349000 -1.534979 
1.350000 -1.512403 
1.351000 -1.489799 
1.352000 -1.467172 
1.353000 -1.444523 
1.354000 -1.421857 
1.355000 -1.399177 
1.356000 -1.376487 
1.357000 -1.353790 
1.358000 -1.331089 
1.359000 -1.308387 
1.360000 -1.285688 
1.361000 -1.262995 
1.362000 -1.240311 
1.363000 -1.217638 
1.364000 -1.194981 
1.365000 -1.172341 
1.366000 -1.149723 
1.367000 -1.127127 
1.368000 -1.104559 
1.369000 -1.082019 
1.370000 -1.059511 
1.371000 -1.037038 
1.372000 -1.014601 
1.373000 -0.992205 
1.374000 -0.969850 
1.375000 -0.947540 
1.376000 -0.925276 
1.377000 -0.903062 
1.378000 -0.880899 
1.379000 -0.858789 
1.380000 -0.836736 
1.381000 -0.814740 
1.382000 -0.792804 
1.383000 -0.770930 
1.384000 -0.749121 
1.385000 -0.727376 
1.386000 -0.705700 
1.387000 -0.684093 
1.388000 -0.662557 
1.389000 -0.641095 
1.390000 -0.619707 
1.391000 -0.598395 
1.392000 -0.577161 
1.393000 -0.556006 
1.394000 -0.534932 
1.395000 -0.513941 
1.396000 -0.493033 
1.397000 -0.472210 
1.398000 -0.451473 
1.399000 -0.430824 
1.400000 -0.410264 
1.401000 -0.389793 
1.402000 -0.369414 
1.403000 -0.349127 
1.404000 -0.328933 
1.405000 -0.308833 
1.406000 -0.288829 
1.407000 -0.268921 
1.408000 -0.249109 
1.409000 -0.229396 
1.410000 -0.209781 
1.411000 -0.190266 
1.412000 -0.170852 
1.413000 -0.151538 
1.414000 -0.132326 
1.415000 -0.113216 
1.416000 -0.094210 
1.417000 -0.075307 
1.418000 -0.056508 
1.419000 -0.037813 
1.420000 -0.019224 
1.421000 -0.000741 
1.422000 0.017637 
1.423000 0.035907 
1.424000 0.054071 
1.425000 0.072128 
1.426000 0.090077 
1.427000 0.107919 
1.428000 0.125652 
1.429000 0.143276 
1.430000 0.160792 
1.431000 0.178199 
1.432000 0.195497 
1.433000 0.212686 
1.434000 0.229765 
1.435000 0.246735 
1.436000 0.263595 
1.437000 0.280346 
1.438000 0.296987 
1.439000 0.313518 
1.440000 0.329939 
1.441000 0.346250 
1.442000 0.362451 
1.443000 0.378543 
1.444000 0.394525 
1.445000 0.410397 
1.446000 0.426159 
1.447000 0.441812 
1.448000 0.457356 
1.449000 0.472790 
1.450000 0.488115 
1.451000 0.503331 
1.452000 0.518438 
1.453000 0.533436 
1.454000 0.548326 
1.455000 0.563107 
1.456000 0.577780 
1.457000 0.592346 
1.458000 0.606803 
1.459000 0.621153 
1.460000 0.635396 
1.461000 0.649533 
1.462000 0.663562 
1.463000 0.677485 
1.464000 0.691302 
1.465000 0.705013 
1.466000 0.718619 
1.467000 0.732119 
1.468000 0.745515 
1.469000 0.758806 
1.470000 0.771993 
1.471000 0.785076 
1.472000 0.798055 
1.473000 0.810932 
1.474000 0.823705 
1.475000 0.836376 
1.476000 0.848945 
1.477000 0.861413 
1.478000 0.873779 
1.479000 0.886044 
1.480000 0.898208 
1.481000 0.910273 
1.482000 0.922237 
1.483000 0.934103 
1.484000 0.945869 
1.485000 0.957537 
1.486000 0.969107 
1.487000 0.980579 
1.488000 0.991953 
1.489000 1.003231 
1.490000 1.014412 
1.491000 1.025498 
1.492000 1.036488 
1.493000 1.047382 
1.494000 1.058182 
1.495000 1.068888 
1.496000 1.079499 
1.497000 1.090018 
1.498000 1.100443 
1.499000 1.110776 
