# time model 
59318.650141 -2.086135 
59318.687751 -1.879844 
59318.725361 -1.655743 
59318.762971 -1.417661 
59318.800582 -1.169560 
59318.838192 -0.915381 
59318.875802 -0.658897 
59318.913412 -0.403600 
59318.951022 -0.152619 
59318.988632 0.091331 
59319.026243 0.325970 
59319.063853 0.549447 
59319.101463 0.760321 
59319.139073 0.957520 
59319.176683 1.140303 
59319.214293 1.308211 
59319.251903 1.461023 
59319.289514 1.598709 
59319.327124 1.721395 
59319.364734 1.829324 
59319.402344 1.922828 
59319.439954 2.002301 
59319.477564 2.068180 
59319.515175 2.120925 
59319.552785 2.161009 
59319.590395 2.188904 
59319.628005 2.205076 
59319.665615 2.209976 
59319.703225 2.204039 
59319.740836 2.187679 
59319.778446 2.161286 
59319.816056 2.125230 
59319.853666 2.079856 
59319.891276 2.025487 
59319.928886 1.962424 
59319.966496 1.890949 
59320.004107 1.811325 
59320.041717 1.723797 
59320.079327 1.628600 
59320.116937 1.525955 
59320.154547 1.416074 
59320.192157 1.299166 
59320.229768 1.175439 
59320.267378 1.045103 
59320.304988 0.908375 
59320.342598 0.765487 
59320.380208 0.616687 
59320.417818 0.462253 
59320.455428 0.302491 
59320.493039 0.137751 
59320.530649 -0.031565 
59320.568259 -0.204995 
59320.605869 -0.382005 
59320.643479 -0.561970 
59320.681089 -0.744170 
59320.718700 -0.927766 
59320.756310 -1.111789 
59320.793920 -1.295126 
59320.831530 -1.476500 
59320.869140 -1.654460 
59320.906750 -1.827368 
59320.944360 -1.993400 
59320.981971 -2.150537 
59321.019581 -2.296587 
59321.057191 -2.429199 
59321.094801 -2.545907 
59321.132411 -2.644181 
59321.170021 -2.721506 
59321.207632 -2.775468 
59321.245242 -2.803866 
59321.282852 -2.804834 
59321.320462 -2.776957 
59321.358072 -2.719392 
59321.395682 -2.631965 
59321.433293 -2.515232 
59321.470903 -2.370509 
59321.508513 -2.199844 
59321.546123 -2.005950 
59321.583733 -1.792088 
59321.621343 -1.561921 
59321.658953 -1.319351 
59321.696564 -1.068351 
59321.734174 -0.812811 
59321.771784 -0.556402 
59321.809394 -0.302479 
59321.847004 -0.054010 
59321.884614 0.186463 
59321.922225 0.416834 
59321.959835 0.635419 
59321.997445 0.840929 
59322.035055 1.032431 
59322.072665 1.209302 
59322.110275 1.371183 
59322.147885 1.517936 
59322.185496 1.649596 
59322.223106 1.766342 
59322.260716 1.868454 
59322.298326 1.956293 
59322.335936 2.030272 
59322.373546 2.090838 
59322.411157 2.138460 
59322.448767 2.173609 
59322.486377 2.196758 
59322.523987 2.208365 
59322.561597 2.208878 
59322.599207 2.198721 
59322.636817 2.178299 
59322.674428 2.147997 
59322.712038 2.108171 
59322.749648 2.059160 
59322.787258 2.001277 
59322.824868 1.934815 
59322.862478 1.860048 
59322.900089 1.777232 
59322.937699 1.686608 
59322.975309 1.588404 
59323.012919 1.482837 
59323.050529 1.370120 
59323.088139 1.250458 
59323.125750 1.124060 
59323.163360 0.991139 
59323.200970 0.851917 
59323.238580 0.706632 
59323.276190 0.555543 
59323.313800 0.398937 
59323.351410 0.237139 
59323.389021 0.070516 
59323.426631 -0.100506 
59323.464241 -0.275437 
59323.501851 -0.453709 
59323.539461 -0.634662 
59323.577071 -0.817528 
59323.614682 -1.001419 
59323.652292 -1.185310 
59323.689902 -1.368024 
59323.727512 -1.548216 
59323.765122 -1.724361 
59323.802732 -1.894748 
59323.840342 -2.057472 
59323.877953 -2.210445 
59323.915563 -2.351407 
59323.953173 -2.477955 
59323.990783 -2.587590 
59324.028393 -2.677779 
59324.066003 -2.746034 
59324.103614 -2.790014 
59324.141224 -2.807637 
59324.178834 -2.797201 
59324.216444 -2.757509 
59324.254054 -2.687974 
59324.291664 -2.588709 
59324.329274 -2.460575 
59324.366885 -2.305184 
59324.404495 -2.124864 
59324.442105 -1.922562 
59324.479715 -1.701718 
59324.517325 -1.466111 
59324.554935 -1.219693 
59324.592546 -0.966418 
59324.630156 -0.710105 
59324.667766 -0.454309 
59324.705376 -0.202236 
59324.742986 0.043313 
59324.780596 0.279972 
59324.818207 0.505806 
59324.855817 0.719292 
59324.893427 0.919290 
59324.931037 1.104995 
59324.968647 1.275897 
59325.006257 1.431730 
59325.043867 1.572430 
59325.081478 1.698094 
59325.119088 1.808944 
59325.156698 1.905298 
59325.194308 1.987538 
59325.231918 2.056094 
59325.269528 2.111423 
59325.307139 2.153997 
59325.344749 2.184287 
59325.382359 2.202763 
59325.419969 2.209878 
59325.457579 2.206070 
59325.495189 2.191758 
59325.532799 2.167338 
59325.570410 2.133182 
59325.608020 2.089642 
59325.645630 2.037043 
59325.683240 1.975693 
59325.720850 1.905875 
59325.758460 1.827857 
59325.796071 1.741889 
59325.833681 1.648204 
59325.871291 1.547028 
59325.908901 1.438575 
59325.946511 1.323053 
59325.984121 1.200671 
59326.021731 1.071637 
59326.059342 0.936167 
59326.096952 0.794489 
59326.134562 0.646848 
59326.172172 0.493515 
59326.209782 0.334790 
59326.247392 0.171014 
59326.285003 0.002576 
59326.322613 -0.170073 
59326.360223 -0.346415 
59326.397833 -0.525844 
59326.435443 -0.707661 
59326.473053 -0.891051 
59326.510664 -1.075074 
59326.548274 -1.258644 
59326.585884 -1.440520 
59326.623494 -1.619286 
59326.661104 -1.793343 
59326.698714 -1.960902 
59326.736324 -2.119985 
59326.773935 -2.268431 
59326.811545 -2.403919 
59326.849155 -2.524002 
59326.886765 -2.626159 
59326.924375 -2.707863 
59326.961985 -2.766672 
59326.999596 -2.800335 
59327.037206 -2.806907 
59327.074816 -2.784875 
59327.112426 -2.733273 
59327.150036 -2.651786 
59327.187646 -2.540821 
59327.225256 -2.401544 
59327.262867 -2.235861 
59327.300477 -2.046359 
59327.338087 -1.836200 
59327.375697 -1.608981 
59327.413307 -1.368570 
59327.450917 -1.118938 
59327.488528 -0.864001 
59327.526138 -0.607486 
59327.563748 -0.352817 
59327.601358 -0.103043 
59327.638968 0.139208 
59327.676578 0.371743 
59327.714188 0.592796 
59327.751799 0.801001 
59327.789409 0.995358 
59327.827019 1.175186 
59327.864629 1.340077 
59327.902239 1.489852 
59327.939849 1.624515 
59327.977460 1.744218 
59328.015070 1.849224 
59328.052680 1.939881 
59328.090290 2.016591 
59328.127900 2.079798 
59328.165510 2.129965 
59328.203121 2.167567 
59328.240731 2.193073 
59328.278341 2.206949 
59328.315951 2.209641 
59328.353561 2.201581 
59328.391171 2.183177 
59328.428781 2.154817 
59328.466392 2.116865 
59328.504002 2.069661 
59328.541612 2.013525 
59328.579222 1.948753 
59328.616832 1.875623 
59328.654442 1.794394 
59328.692053 1.705310 
59328.729663 1.608601 
59328.767273 1.504487 
59328.804883 1.393180 
59328.842493 1.274888 
59328.880103 1.149818 
59328.917713 1.018182 
59328.955324 0.880199 
59328.992934 0.736105 
59329.030544 0.586152 
59329.068154 0.430623 
59329.105764 0.269833 
59329.143374 0.104142 
59329.180985 -0.066039 
59329.218595 -0.240233 
59329.256205 -0.417888 
59329.293815 -0.598363 
59329.331425 -0.780914 
59329.369035 -0.964678 
59329.406645 -1.148658 
59329.444256 -1.331709 
59329.481866 -1.512520 
59329.519476 -1.689604 
59329.557086 -1.861286 
59329.594696 -2.025701 
59329.632306 -2.180796 
59329.669917 -2.324343 
59329.707527 -2.453965 
59329.745137 -2.567179 
59329.782747 -2.661451 
59329.820357 -2.734277 
59329.857967 -2.783279 
59329.895578 -2.806313 
59329.933188 -2.801591 
59329.970798 -2.767806 
59330.008408 -2.704243 
59330.046018 -2.610868 
59330.083628 -2.488391 
59330.121238 -2.338277 
59330.158849 -2.162716 
59330.196459 -1.964540 
59330.234069 -1.747103 
59330.271679 -1.514131 
59330.309289 -1.269553 
59330.346899 -1.017335 
59330.384510 -0.761335 
59330.422120 -0.505167 
59330.459730 -0.252114 
59330.497340 -0.005059 
59330.534950 0.233542 
59330.572560 0.461671 
59330.610170 0.677725 
59330.647781 0.880489 
59330.685391 1.069097 
59330.723001 1.242982 
59330.760611 1.401834 
59330.798221 1.545551 
59330.835831 1.674202 
59330.873442 1.787987 
59330.911052 1.887205 
59330.948662 1.972230 
59330.986272 2.043481 
59331.023882 2.101413 
59331.061492 2.146495 
59331.099102 2.179200 
59331.136713 2.199997 
59331.174323 2.209344 
59331.211933 2.207682 
59331.249543 2.195435 
59331.287153 2.173002 
59331.324763 2.140761 
59331.362374 2.099066 
59331.399984 2.048251 
59331.437594 1.988624 
59331.475204 1.920475 
59331.512814 1.844073 
59331.550424 1.759672 
59331.588035 1.667510 
59331.625645 1.567812 
59331.663255 1.460794 
59331.700865 1.346667 
59331.738475 1.225637 
59331.776085 1.097914 
59331.813695 0.963711 
59331.851306 0.823253 
59331.888916 0.676782 
59331.926526 0.524563 
59331.964136 0.366888 
59332.001746 0.204090 
59332.039356 0.036550 
59332.076967 -0.135298 
59332.114577 -0.310948 
59332.152187 -0.489814 
59332.189797 -0.671215 
59332.227407 -0.854362 
59332.265017 -1.038341 
59332.302627 -1.222095 
59332.340238 -1.404417 
59332.377848 -1.583925 
59332.415458 -1.759059 
59332.453068 -1.928067 
59332.490678 -2.089009 
59332.528288 -2.239759 
59332.565899 -2.378026 
59332.603509 -2.501384 
59332.641119 -2.607321 
59332.678729 -2.693307 
59332.716339 -2.756874 
59332.753949 -2.795723 
59332.791559 -2.807839 
59332.829170 -2.791613 
59332.866780 -2.745960 
59332.904390 -2.670430 
59332.942000 -2.565281 
59332.979610 -2.431526 
59333.017220 -2.270927 
59333.054831 -2.085943 
59333.092441 -1.879632 
59333.130051 -1.655516 
59333.167661 -1.417422 
59333.205271 -1.169313 
59333.242881 -0.915130 
59333.280492 -0.658646 
59333.318102 -0.403352 
59333.355712 -0.152377 
59333.393322 0.091565 
59333.430932 0.326194 
59333.468542 0.549660 
59333.506152 0.760521 
59333.543763 0.957706 
59333.581373 1.140475 
59333.618983 1.308368 
59333.656593 1.461165 
59333.694203 1.598836 
59333.731813 1.721508 
59333.769424 1.829423 
59333.807034 1.922913 
59333.844644 2.002372 
59333.882254 2.068238 
59333.919864 2.120971 
59333.957474 2.161042 
59333.995084 2.188926 
59334.032695 2.205086 
59334.070305 2.209976 
59334.107915 2.204028 
59334.145525 2.187658 
59334.183135 2.161256 
59334.220745 2.125190 
59334.258356 2.079807 
59334.295966 2.025429 
59334.333576 1.962358 
59334.371186 1.890875 
59334.408796 1.811243 
59334.446406 1.723708 
59334.484016 1.628503 
59334.521627 1.525850 
59334.559237 1.415963 
59334.596847 1.299048 
59334.634457 1.175315 
59334.672067 1.044972 
59334.709677 0.908238 
59334.747288 0.765344 
59334.784898 0.616539 
59334.822508 0.462099 
59334.860118 0.302332 
59334.897728 0.137588 
59334.935338 -0.031733 
59334.972949 -0.205167 
59335.010559 -0.382179 
59335.048169 -0.562148 
59335.085779 -0.744349 
59335.123389 -0.927946 
59335.160999 -1.111969 
59335.198609 -1.295305 
59335.236220 -1.476676 
59335.273830 -1.654632 
59335.311440 -1.827535 
59335.349050 -1.993558 
59335.386660 -2.150686 
59335.424270 -2.296724 
59335.461881 -2.429322 
59335.499491 -2.546012 
59335.537101 -2.644268 
59335.574711 -2.721570 
59335.612321 -2.775508 
59335.649931 -2.803881 
59335.687541 -2.804821 
59335.725152 -2.776915 
59335.762762 -2.719321 
59335.800372 -2.631865 
59335.837982 -2.515104 
59335.875592 -2.370354 
59335.913202 -2.199665 
59335.950813 -2.005749 
59335.988423 -1.791870 
59336.026033 -1.561689 
59336.063643 -1.319109 
59336.101253 -1.068103 
59336.138863 -0.812559 
59336.176473 -0.556151 
59336.214084 -0.302233 
59336.251694 -0.053771 
59336.289304 0.186694 
59336.326914 0.417054 
59336.364524 0.635626 
59336.402134 0.841123 
59336.439745 1.032611 
59336.477355 1.209468 
59336.514965 1.371334 
59336.552575 1.518072 
59336.590185 1.649718 
59336.627795 1.766449 
59336.665406 1.868547 
59336.703016 1.956372 
59336.740626 2.030338 
59336.778236 2.090891 
59336.815846 2.138500 
59336.853456 2.173638 
59336.891066 2.196775 
59336.928677 2.208371 
59336.966287 2.208873 
59337.003897 2.198706 
59337.041507 2.178275 
59337.079117 2.147962 
59337.116727 2.108128 
59337.154338 2.059108 
59337.191948 2.001216 
59337.229558 1.934745 
59337.267168 1.859970 
59337.304778 1.777147 
59337.342388 1.686515 
59337.379998 1.588304 
59337.417609 1.482730 
59337.455219 1.370006 
59337.492829 1.250337 
59337.530439 1.123933 
59337.568049 0.991006 
59337.605659 0.851778 
59337.643270 0.706487 
59337.680880 0.555392 
59337.718490 0.398781 
59337.756100 0.236978 
59337.793710 0.070351 
59337.831320 -0.100675 
59337.868930 -0.275610 
59337.906541 -0.453885 
59337.944151 -0.634840 
59337.981761 -0.817707 
59338.019371 -1.001599 
59338.056981 -1.185490 
59338.094591 -1.368202 
59338.132202 -1.548391 
59338.169812 -1.724531 
59338.207422 -1.894911 
59338.245032 -2.057627 
59338.282642 -2.210590 
59338.320252 -2.351538 
59338.357863 -2.478071 
59338.395473 -2.587689 
59338.433083 -2.677857 
59338.470693 -2.746090 
59338.508303 -2.790045 
59338.545913 -2.807640 
59338.583523 -2.797176 
59338.621134 -2.757455 
59338.658744 -2.687891 
59338.696354 -2.588598 
59338.733964 -2.460436 
59338.771574 -2.305020 
59338.809184 -2.124676 
59338.846795 -1.922354 
59338.884405 -1.701493 
59338.922015 -1.465875 
59338.959625 -1.219447 
59338.997235 -0.966168 
59339.034845 -0.709854 
59339.072455 -0.454060 
59339.110066 -0.201992 
59339.147676 0.043550 
59339.185286 0.280199 
59339.222896 0.506021 
59339.260506 0.719495 
59339.298116 0.919479 
59339.335727 1.105170 
59339.373337 1.276057 
59339.410947 1.431875 
59339.448557 1.572560 
59339.486167 1.698210 
59339.523777 1.809046 
59339.561387 1.905385 
59339.598998 1.987612 
59339.636608 2.056155 
59339.674218 2.111471 
59339.711828 2.154032 
59339.749438 2.184311 
59339.787048 2.202775 
59339.824659 2.209879 
59339.862269 2.206061 
59339.899879 2.191739 
59339.937489 2.167309 
59339.975099 2.133144 
59340.012709 2.089594 
59340.050320 2.036987 
59340.087930 1.975628 
59340.125540 1.905803 
59340.163150 1.827777 
59340.200760 1.741801 
59340.238370 1.648109 
59340.275980 1.546926 
59340.313591 1.438465 
59340.351201 1.322937 
59340.388811 1.200548 
59340.426421 1.071507 
59340.464031 0.936031 
59340.501641 0.794347 
59340.539252 0.646701 
59340.576862 0.493362 
59340.614472 0.334632 
59340.652082 0.170851 
59340.689692 0.002409 
59340.727302 -0.170244 
59340.764912 -0.346589 
59340.802523 -0.526021 
59340.840133 -0.707840 
59340.877743 -0.891231 
59340.915353 -1.075254 
59340.952963 -1.258824 
59340.990573 -1.440697 
59341.028184 -1.619459 
59341.065794 -1.793510 
59341.103404 -1.961062 
59341.141014 -2.120136 
59341.178624 -2.268570 
59341.216234 -2.404045 
59341.253844 -2.524112 
59341.291455 -2.626249 
59341.329065 -2.707932 
59341.366675 -2.766718 
59341.404285 -2.800355 
59341.441895 -2.806900 
59341.479505 -2.784839 
59341.517116 -2.733208 
59341.554726 -2.651691 
59341.592336 -2.540699 
59341.629946 -2.401395 
59341.667556 -2.235686 
59341.705166 -2.046162 
59341.742777 -1.835985 
59341.780387 -1.608752 
59341.817997 -1.368329 
59341.855607 -1.118690 
59341.893217 -0.863750 
59341.930827 -0.607235 
59341.968437 -0.352570 
59342.006048 -0.102802 
59342.043658 0.139441 
59342.081268 0.371966 
59342.118878 0.593006 
59342.156488 0.801198 
59342.194098 0.995542 
59342.231709 1.175355 
59342.269319 1.340231 
59342.306929 1.489991 
59342.344539 1.624639 
59342.382149 1.744328 
59342.419759 1.849320 
59342.457369 1.939963 
59342.494980 2.016660 
59342.532590 2.079853 
59342.570200 2.130008 
59342.607810 2.167598 
59342.645420 2.193093 
59342.683030 2.206957 
59342.720641 2.209638 
59342.758251 2.201567 
59342.795861 2.183154 
59342.833471 2.154785 
59342.871081 2.116823 
59342.908691 2.069611 
59342.946301 2.013466 
59342.983912 1.948685 
59343.021522 1.875547 
59343.059132 1.794310 
59343.096742 1.705219 
59343.134352 1.608503 
59343.171962 1.504382 
59343.209573 1.393068 
59343.247183 1.274769 
59343.284793 1.149693 
59343.322403 1.018050 
59343.360013 0.880061 
59343.397623 0.735961 
59343.435234 0.586003 
59343.472844 0.430468 
59343.510454 0.269673 
59343.548064 0.103977 
59343.585674 -0.066208 
59343.623284 -0.240405 
59343.660894 -0.418063 
59343.698505 -0.598541 
59343.736115 -0.781093 
59343.773725 -0.964858 
59343.811335 -1.148838 
59343.848945 -1.331887 
59343.886555 -1.512696 
59343.924166 -1.689775 
59343.961776 -1.861451 
59343.999386 -2.025857 
59344.036996 -2.180942 
59344.074606 -2.324477 
59344.112216 -2.454084 
59344.149826 -2.567281 
59344.187437 -2.661533 
59344.225047 -2.734337 
59344.262657 -2.783315 
59344.300267 -2.806322 
59344.337877 -2.801572 
59344.375487 -2.767759 
59344.413098 -2.704166 
59344.450708 -2.610762 
59344.488318 -2.488257 
59344.525928 -2.338117 
59344.563538 -2.162532 
59344.601148 -1.964336 
59344.638758 -1.746882 
59344.676369 -1.513897 
59344.713979 -1.269309 
59344.751589 -1.017086 
59344.789199 -0.761084 
59344.826809 -0.504918 
59344.864419 -0.251869 
59344.902030 -0.004821 
59344.939640 0.233771 
59344.977250 0.461889 
59345.014860 0.677930 
59345.052470 0.880681 
59345.090080 1.069275 
59345.127691 1.243145 
59345.165301 1.401982 
59345.202911 1.545685 
59345.240521 1.674321 
59345.278131 1.788091 
59345.315741 1.887296 
59345.353351 1.972306 
59345.390962 2.043544 
59345.428572 2.101464 
59345.466182 2.146533 
59345.503792 2.179226 
59345.541402 2.200011 
59345.579012 2.209347 
59345.616623 2.207675 
59345.654233 2.195418 
59345.691843 2.172975 
59345.729453 2.140724 
59345.767063 2.099021 
59345.804673 2.048197 
59345.842283 1.988561 
59345.879894 1.920404 
59345.917504 1.843994 
59345.955114 1.759586 
59345.992724 1.667416 
59346.030334 1.567711 
59346.067944 1.460686 
59346.105555 1.346552 
59346.143165 1.225516 
59346.180775 1.097786 
59346.218385 0.963576 
59346.255995 0.823113 
59346.293605 0.676636 
59346.331215 0.524411 
59346.368826 0.366731 
59346.406436 0.203929 
59346.444046 0.036383 
59346.481656 -0.135469 
59346.519266 -0.311122 
59346.556876 -0.489991 
59346.594487 -0.671394 
59346.632097 -0.854542 
59346.669707 -1.038521 
59346.707317 -1.222275 
59346.744927 -1.404594 
59346.782537 -1.584099 
59346.820148 -1.759227 
59346.857758 -1.928229 
59346.895368 -2.089162 
59346.932978 -2.239901 
59346.970588 -2.378154 
59347.008198 -2.501496 
59347.045808 -2.607416 
59347.083419 -2.693380 
59347.121029 -2.756924 
59347.158639 -2.795748 
59347.196249 -2.807838 
59347.233859 -2.791583 
59347.271469 -2.745901 
59347.309080 -2.670341 
59347.346690 -2.565163 
59347.384300 -2.431381 
59347.421910 -2.270757 
59347.459520 -2.085751 
59347.497130 -1.879421 
59347.534740 -1.655289 
59347.572351 -1.417183 
59347.609961 -1.169067 
59347.647571 -0.914879 
59347.685181 -0.658395 
59347.722791 -0.403103 
59347.760401 -0.152134 
59347.798012 0.091800 
59347.835622 0.326419 
59347.873232 0.549873 
59347.910842 0.760721 
59347.948452 0.957892 
59347.986062 1.140647 
59348.023672 1.308525 
59348.061283 1.461307 
59348.098893 1.598964 
59348.136503 1.721621 
59348.174113 1.829521 
59348.211723 1.922997 
59348.249333 2.002443 
59348.286944 2.068296 
59348.324554 2.121016 
59348.362164 2.161075 
59348.399774 2.188947 
59348.437384 2.205097 
59348.474994 2.209975 
59348.512605 2.204017 
59348.550215 2.187637 
59348.587825 2.161225 
59348.625435 2.125150 
59348.663045 2.079758 
59348.700655 2.025372 
59348.738265 1.962292 
59348.775876 1.890801 
59348.813486 1.811161 
59348.851096 1.723618 
59348.888706 1.628406 
59348.926316 1.525746 
59348.963926 1.415852 
59349.001537 1.298930 
59349.039147 1.175190 
59349.076757 1.044841 
59349.114367 0.908101 
59349.151977 0.765201 
59349.189587 0.616390 
59349.227197 0.461945 
59349.264808 0.302173 
59349.302418 0.137424 
59349.340028 -0.031901 
59349.377638 -0.205339 
59349.415248 -0.382354 
59349.452858 -0.562325 
59349.490469 -0.744528 
59349.528079 -0.928126 
59349.565689 -1.112150 
59349.603299 -1.295484 
59349.640909 -1.476853 
59349.678519 -1.654804 
59349.716129 -1.827701 
59349.753740 -1.993717 
59349.791350 -2.150835 
59349.828960 -2.296861 
59349.866570 -2.429444 
59349.904180 -2.546118 
59349.941790 -2.644354 
59349.979401 -2.721635 
59350.017011 -2.775549 
59350.054621 -2.803896 
59350.092231 -2.804808 
59350.129841 -2.776873 
59350.167451 -2.719250 
59350.205062 -2.631764 
59350.242672 -2.514975 
59350.280282 -2.370199 
59350.317892 -2.199486 
59350.355502 -2.005549 
59350.393112 -1.791651 
59350.430722 -1.561457 
59350.468333 -1.318866 
59350.505943 -1.067854 
59350.543553 -0.812308 
59350.581163 -0.555901 
59350.618773 -0.301986 
59350.656383 -0.053531 
59350.693994 0.186925 
59350.731604 0.417274 
59350.769214 0.635834 
59350.806824 0.841318 
59350.844434 1.032792 
59350.882044 1.209634 
59350.919654 1.371485 
59350.957265 1.518208 
59350.994875 1.649840 
59351.032485 1.766556 
59351.070095 1.868640 
59351.107705 1.956451 
59351.145315 2.030403 
59351.182926 2.090944 
59351.220536 2.138541 
59351.258146 2.173666 
59351.295756 2.196791 
59351.333366 2.208377 
59351.370976 2.208868 
59351.408586 2.198690 
59351.446197 2.178250 
59351.483807 2.147928 
59351.521417 2.108084 
59351.559027 2.059055 
59351.596637 2.001155 
59351.634247 1.934676 
59351.671858 1.859893 
59351.709468 1.777062 
59351.747078 1.686423 
59351.784688 1.588204 
59351.822298 1.482624 
59351.859908 1.369892 
59351.897519 1.250217 
59351.935129 1.123806 
59351.972739 0.990873 
59352.010349 0.851639 
59352.047959 0.706342 
59352.085569 0.555242 
59352.123179 0.398625 
59352.160790 0.236817 
59352.198400 0.070186 
59352.236010 -0.100845 
59352.273620 -0.275783 
59352.311230 -0.454061 
59352.348840 -0.635018 
59352.386451 -0.817887 
59352.424061 -1.001779 
59352.461671 -1.185670 
59352.499281 -1.368380 
59352.536891 -1.548565 
59352.574501 -1.724701 
59352.612111 -1.895075 
59352.649722 -2.057782 
59352.687332 -2.210734 
59352.724942 -2.351670 
59352.762552 -2.478187 
59352.800162 -2.587787 
59352.837772 -2.677935 
59352.875383 -2.746145 
59352.912993 -2.790075 
59352.950603 -2.807644 
59352.988213 -2.797152 
59353.025823 -2.757402 
59353.063433 -2.687808 
59353.101043 -2.588486 
59353.138654 -2.460296 
59353.176264 -2.304855 
59353.213874 -2.124488 
59353.251484 -1.922146 
59353.289094 -1.701269 
59353.326704 -1.465638 
59353.364315 -1.219202 
59353.401925 -0.965918 
59353.439535 -0.709602 
59353.477145 -0.453811 
59353.514755 -0.201748 
59353.552365 0.043786 
59353.589976 0.280426 
59353.627586 0.506236 
59353.665196 0.719697 
59353.702806 0.919668 
59353.740416 1.105345 
59353.778026 1.276217 
59353.815636 1.432020 
59353.853247 1.572691 
59353.890857 1.698325 
59353.928467 1.809147 
59353.966077 1.905473 
59354.003687 1.987686 
59354.041297 2.056215 
59354.078908 2.111519 
59354.116518 2.154068 
59354.154128 2.184335 
59354.191738 2.202788 
59354.229348 2.209881 
59354.266958 2.206052 
59354.304568 2.191720 
59354.342179 2.167280 
59354.379789 2.133106 
59354.417399 2.089547 
59354.455009 2.036931 
59354.492619 1.975564 
59354.530229 1.905730 
59354.567840 1.827697 
59354.605450 1.741713 
59354.643060 1.648013 
59354.680670 1.546823 
59354.718280 1.438355 
59354.755890 1.322820 
59354.793500 1.200424 
59354.831111 1.071377 
59354.868721 0.935895 
59354.906331 0.794205 
59354.943941 0.646553 
59354.981551 0.493209 
59355.019161 0.334474 
59355.056772 0.170688 
59355.094382 0.002242 
59355.131992 -0.170415 
59355.169602 -0.346763 
59355.207212 -0.526198 
59355.244822 -0.708019 
59355.282433 -0.891411 
59355.320043 -1.075434 
59355.357653 -1.259003 
59355.395263 -1.440874 
59355.432873 -1.619632 
59355.470483 -1.793678 
59355.508093 -1.961222 
59355.545704 -2.120287 
59355.583314 -2.268710 
59355.620924 -2.404170 
59355.658534 -2.524221 
59355.696144 -2.626340 
59355.733754 -2.708001 
59355.771365 -2.766763 
59355.808975 -2.800375 
59355.846585 -2.806893 
59355.884195 -2.784803 
59355.921805 -2.733142 
59355.959415 -2.651597 
59355.997025 -2.540576 
59356.034636 -2.401245 
59356.072246 -2.235512 
59356.109856 -2.045966 
59356.147466 -1.835771 
59356.185076 -1.608522 
59356.222686 -1.368089 
59356.260297 -1.118442 
59356.297907 -0.863499 
59356.335517 -0.606985 
59356.373127 -0.352322 
59356.410737 -0.102560 
59356.448347 0.139674 
59356.485957 0.372188 
59356.523568 0.593217 
59356.561178 0.801396 
59356.598788 0.995725 
59356.636398 1.175524 
59356.674008 1.340385 
59356.711618 1.490130 
59356.749229 1.624764 
59356.786839 1.744438 
59356.824449 1.849416 
59356.862059 1.940044 
59356.899669 2.016728 
59356.937279 2.079909 
59356.974890 2.130051 
59357.012500 2.167628 
59357.050110 2.193112 
59357.087720 2.206965 
59357.125330 2.209635 
59357.162940 2.201554 
59357.200550 2.183131 
59357.238161 2.154752 
59357.275771 2.116781 
59357.313381 2.069560 
59357.350991 2.013406 
59357.388601 1.948618 
59357.426211 1.875471 
59357.463822 1.794227 
59357.501432 1.705128 
59357.539042 1.608404 
59357.576652 1.504276 
59357.614262 1.392955 
59357.651872 1.274650 
59357.689482 1.149567 
59357.727093 1.017918 
59357.764703 0.879923 
59357.802313 0.735817 
59357.839923 0.585853 
59357.877533 0.430313 
59357.915143 0.269513 
59357.952754 0.103812 
59357.990364 -0.066377 
59358.027974 -0.240578 
59358.065584 -0.418239 
59358.103194 -0.598719 
59358.140804 -0.781273 
59358.178414 -0.965038 
59358.216025 -1.149018 
59358.253635 -1.332066 
59358.291245 -1.512871 
59358.328855 -1.689946 
59358.366465 -1.861615 
59358.404075 -2.026014 
59358.441686 -2.181089 
59358.479296 -2.324611 
59358.516906 -2.454204 
59358.554516 -2.567383 
59358.592126 -2.661615 
59358.629736 -2.734397 
59358.667347 -2.783350 
59358.704957 -2.806331 
59358.742567 -2.801553 
59358.780177 -2.767711 
59358.817787 -2.704089 
59358.855397 -2.610656 
59358.893007 -2.488123 
59358.930618 -2.337957 
59358.968228 -2.162349 
59359.005838 -1.964132 
59359.043448 -1.746661 
59359.081058 -1.513662 
59359.118668 -1.269065 
59359.156279 -1.016837 
59359.193889 -0.760832 
59359.231499 -0.504668 
59359.269109 -0.251624 
59359.306719 -0.004583 
59359.344329 0.234000 
59359.381939 0.462106 
59359.419550 0.678135 
59359.457160 0.880873 
59359.494770 1.069452 
59359.532380 1.243308 
59359.569990 1.402130 
59359.607600 1.545818 
59359.645211 1.674440 
59359.682821 1.788196 
59359.720431 1.887386 
59359.758041 1.972382 
59359.795651 2.043608 
59359.833261 2.101514 
59359.870871 2.146571 
59359.908482 2.179252 
59359.946092 2.200026 
59359.983702 2.209351 
59360.021312 2.207668 
59360.058922 2.195401 
59360.096532 2.172948 
59360.134143 2.140688 
59360.171753 2.098976 
59360.209363 2.048143 
59360.246973 1.988499 
59360.284583 1.920333 
59360.322193 1.843916 
59360.359804 1.759499 
59360.397414 1.667322 
59360.435024 1.567609 
59360.472634 1.460578 
59360.510244 1.346437 
59360.547854 1.225394 
59360.585464 1.097657 
59360.623075 0.963442 
59360.660685 0.822972 
59360.698295 0.676490 
59360.735905 0.524259 
59360.773515 0.366574 
59360.811125 0.203767 
59360.848736 0.036217 
59360.886346 -0.135639 
59360.923956 -0.311296 
59360.961566 -0.490167 
59360.999176 -0.671573 
59361.036786 -0.854722 
59361.074396 -1.038701 
59361.112007 -1.222454 
59361.149617 -1.404772 
59361.187227 -1.584273 
59361.224837 -1.759396 
59361.262447 -1.928391 
59361.300057 -2.089315 
59361.337668 -2.240042 
59361.375278 -2.378283 
59361.412888 -2.501609 
59361.450498 -2.607510 
59361.488108 -2.693454 
59361.525718 -2.756975 
59361.563328 -2.795774 
59361.600939 -2.807836 
59361.638549 -2.791553 
59361.676159 -2.745842 
59361.713769 -2.670252 
59361.751379 -2.565046 
59361.788989 -2.431237 
59361.826600 -2.270587 
59361.864210 -2.085559 
59361.901820 -1.879209 
59361.939430 -1.655062 
59361.977040 -1.416944 
59362.014650 -1.168820 
59362.052261 -0.914629 
59362.089871 -0.658143 
59362.127481 -0.402855 
59362.165091 -0.151891 
59362.202701 0.092035 
59362.240311 0.326643 
59362.277921 0.550086 
59362.315532 0.760921 
59362.353142 0.958078 
59362.390752 1.140818 
59362.428362 1.308682 
59362.465972 1.461449 
59362.503582 1.599091 
59362.541193 1.721734 
59362.578803 1.829620 
59362.616413 1.923082 
59362.654023 2.002514 
59362.691633 2.068354 
59362.729243 2.121061 
59362.766853 2.161109 
59362.804464 2.188969 
59362.842074 2.205107 
59362.879684 2.209975 
59362.917294 2.204006 
59362.954904 2.187616 
59362.992514 2.161194 
59363.030125 2.125110 
59363.067735 2.079709 
59363.105345 2.025314 
59363.142955 1.962226 
59363.180565 1.890727 
59363.218175 1.811079 
59363.255785 1.723529 
59363.293396 1.628309 
59363.331006 1.525642 
59363.368616 1.415741 
59363.406226 1.298813 
59363.443836 1.175066 
59363.481446 1.044710 
59363.519057 0.907964 
59363.556667 0.765058 
59363.594277 0.616242 
59363.631887 0.461791 
59363.669497 0.302014 
59363.707107 0.137260 
59363.744718 -0.032069 
59363.782328 -0.205511 
59363.819938 -0.382529 
59363.857548 -0.562502 
59363.895158 -0.744707 
59363.932768 -0.928306 
59363.970378 -1.112330 
59364.007989 -1.295663 
59364.045599 -1.477029 
59364.083209 -1.654976 
59364.120819 -1.827867 
59364.158429 -1.993875 
59364.196039 -2.150984 
59364.233650 -2.296998 
59364.271260 -2.429567 
59364.308870 -2.546224 
59364.346480 -2.644440 
59364.384090 -2.721700 
59364.421700 -2.775590 
59364.459310 -2.803910 
59364.496921 -2.804795 
59364.534531 -2.776832 
59364.572141 -2.719179 
59364.609751 -2.631664 
59364.647361 -2.514847 
59364.684971 -2.370044 
59364.722582 -2.199307 
59364.760192 -2.005349 
59364.797802 -1.791433 
59364.835412 -1.561224 
59364.873022 -1.318624 
59364.910632 -1.067605 
59364.948242 -0.812057 
59364.985853 -0.555650 
59365.023463 -0.301740 
59365.061073 -0.053291 
59365.098683 0.187155 
59365.136293 0.417494 
59365.173903 0.636042 
59365.211514 0.841512 
59365.249124 1.032972 
59365.286734 1.209799 
59365.324344 1.371637 
59365.361954 1.518344 
59365.399564 1.649961 
59365.437175 1.766663 
59365.474785 1.868733 
59365.512395 1.956531 
59365.550005 2.030469 
59365.587615 2.090997 
59365.625225 2.138581 
59365.662835 2.173695 
59365.700446 2.196808 
59365.738056 2.208383 
59365.775666 2.208863 
59365.813276 2.198675 
59365.850886 2.178225 
59365.888496 2.147893 
59365.926107 2.108041 
59365.963717 2.059003 
59366.001327 2.001094 
59366.038937 1.934607 
59366.076547 1.859816 
59366.114157 1.776977 
59366.151767 1.686330 
59366.189378 1.588104 
59366.226988 1.482517 
59366.264598 1.369778 
59366.302208 1.250096 
59366.339818 1.123679 
59366.377428 0.990739 
59366.415039 0.851499 
59366.452649 0.706197 
59366.490259 0.555091 
59366.527869 0.398469 
59366.565479 0.236656 
59366.603089 0.070020 
59366.640699 -0.101014 
59366.678310 -0.275956 
59366.715920 -0.454237 
59366.753530 -0.635196 
59366.791140 -0.818067 
59366.828750 -1.001960 
59366.866360 -1.185849 
59366.903971 -1.368558 
59366.941581 -1.548740 
59366.979191 -1.724871 
59367.016801 -1.895238 
59367.054411 -2.057937 
59367.092021 -2.210878 
59367.129632 -2.351801 
59367.167242 -2.478303 
59367.204852 -2.587885 
59367.242462 -2.678013 
59367.280072 -2.746200 
59367.317682 -2.790106 
59367.355292 -2.807648 
59367.392903 -2.797128 
59367.430513 -2.757348 
59367.468123 -2.687726 
59367.505733 -2.588374 
59367.543343 -2.460157 
59367.580953 -2.304690 
59367.618564 -2.124300 
59367.656174 -1.921938 
59367.693784 -1.701045 
59367.731394 -1.465401 
59367.769004 -1.218957 
59367.806614 -0.965668 
59367.844224 -0.709351 
59367.881835 -0.453561 
59367.919445 -0.201504 
59367.957055 0.044023 
59367.994665 0.280652 
59368.032275 0.506452 
59368.069885 0.719900 
59368.107496 0.919857 
59368.145106 1.105519 
59368.182716 1.276377 
59368.220326 1.432166 
59368.257936 1.572821 
59368.295546 1.698441 
59368.333156 1.809249 
59368.370767 1.905560 
59368.408377 1.987759 
59368.445987 2.056276 
59368.483597 2.111567 
59368.521207 2.154103 
59368.558817 2.184359 
59368.596428 2.202800 
59368.634038 2.209882 
59368.671648 2.206043 
59368.709258 2.191701 
59368.746868 2.167252 
59368.784478 2.133068 
59368.822089 2.089500 
59368.859699 2.036876 
59368.897309 1.975500 
59368.934919 1.905658 
59368.972529 1.827616 
59369.010139 1.741624 
59369.047749 1.647918 
59369.085360 1.546720 
59369.122970 1.438246 
59369.160580 1.322704 
59369.198190 1.200301 
59369.235800 1.071248 
59369.273410 0.935759 
59369.311021 0.794063 
59369.348631 0.646406 
59369.386241 0.493056 
59369.423851 0.334316 
59369.461461 0.170526 
59369.499071 0.002075 
59369.536681 -0.170586 
59369.574292 -0.346938 
59369.611902 -0.526375 
59369.649512 -0.708198 
59369.687122 -0.891591 
59369.724732 -1.075614 
59369.762342 -1.259182 
59369.799953 -1.441051 
59369.837563 -1.619805 
59369.875173 -1.793845 
59369.912783 -1.961383 
59369.950393 -2.120438 
59369.988003 -2.268849 
59370.025613 -2.404296 
59370.063224 -2.524330 
59370.100834 -2.626430 
59370.138444 -2.708070 
59370.176054 -2.766809 
59370.213664 -2.800395 
59370.251274 -2.806885 
59370.288885 -2.784767 
59370.326495 -2.733077 
59370.364105 -2.651502 
59370.401715 -2.540453 
59370.439325 -2.401095 
59370.476935 -2.235337 
59370.514546 -2.045770 
59370.552156 -1.835556 
59370.589766 -1.608293 
59370.627376 -1.367848 
59370.664986 -1.118195 
59370.702596 -0.863248 
59370.740206 -0.606734 
59370.777817 -0.352075 
59370.815427 -0.102319 
59370.853037 0.139907 
59370.890647 0.372410 
59370.928257 0.593427 
59370.965867 0.801593 
59371.003478 0.995908 
59371.041088 1.175693 
59371.078698 1.340539 
59371.116308 1.490269 
59371.153918 1.624888 
59371.191528 1.744548 
59371.229138 1.849512 
59371.266749 1.940126 
59371.304359 2.016796 
59371.341969 2.079964 
59371.379579 2.130094 
59371.417189 2.167659 
59371.454799 2.193131 
59371.492410 2.206973 
59371.530020 2.209633 
59371.567630 2.201541 
59371.605240 2.183108 
59371.642850 2.154720 
59371.680460 2.116740 
59371.718070 2.069509 
59371.755681 2.013347 
59371.793291 1.948550 
59371.830901 1.875396 
59371.868511 1.794143 
59371.906121 1.705037 
59371.943731 1.608306 
59371.981342 1.504171 
59372.018952 1.392843 
59372.056562 1.274531 
59372.094172 1.149441 
59372.131782 1.017786 
59372.169392 0.879785 
59372.207003 0.735673 
59372.244613 0.585703 
59372.282223 0.430158 
59372.319833 0.269353 
59372.357443 0.103648 
59372.395053 -0.066545 
59372.432663 -0.240750 
59372.470274 -0.418414 
59372.507884 -0.598897 
59372.545494 -0.781452 
59372.583104 -0.965218 
59372.620714 -1.149198 
59372.658324 -1.332244 
59372.695935 -1.513047 
59372.733545 -1.690117 
59372.771155 -1.861780 
