# time Tc_folded Tref_folded model model_err 
59329.481866 0.000000 0.000000     2.733748     1.215784 
59329.519476 0.000000 0.000000     2.722513     1.212987 
59329.557086 0.000000 0.000000     2.712434     1.210168 
59329.594696 0.000000 0.000000     2.703527     1.207328 
59329.632306 0.000000 0.000000     2.695810     1.204466 
59329.669917 0.000000 0.000000     2.689300     1.201582 
59329.707527 0.000000 0.000000     2.684013     1.198676 
59329.745137 0.000000 0.000000     2.679964     1.195749 
59329.782747 0.000000 0.000000     2.677168     1.192799 
59329.820357 0.000000 0.000000     2.675640     1.189826 
59329.857967 0.000000 0.000000     2.675393     1.186832 
59329.895578 0.000000 0.000000     2.676442     1.183815 
59329.933188 0.000000 0.000000     2.678797     1.180776 
59329.970798 0.000000 0.000000     2.682472     1.177714 
59330.008408 0.000000 0.000000     2.687478     1.174629 
59330.046018 0.000000 0.000000     2.693824     1.171522 
59330.083628 0.000000 0.000000     2.701522     1.168392 
59330.121238 0.000000 0.000000     2.710580     1.165240 
59330.158849 0.000000 0.000000     2.721007     1.162065 
59330.196459 0.000000 0.000000     2.732812     1.158867 
59330.234069 0.000000 0.000000     2.746000     1.155647 
59330.271679 0.000000 0.000000     2.760578     1.152404 
59330.309289 0.000000 0.000000     2.776553     1.149138 
59330.346899 0.000000 0.000000     2.793930     1.145850 
59330.384510 0.000000 0.000000     2.812711     1.142540 
59330.422120 0.000000 0.000000     2.832902     1.139207 
59330.459730 0.000000 0.000000     2.854505     1.135853 
59330.497340 0.000000 0.000000     2.877521     1.132476 
59330.534950 0.000000 0.000000     2.901953     1.129077 
59330.572560 0.000000 0.000000     2.927800     1.125656 
59330.610170 0.000000 0.000000     2.955063     1.122214 
59330.647781 0.000000 0.000000     2.983740     1.118750 
59330.685391 0.000000 0.000000     3.013830     1.115266 
59330.723001 0.000000 0.000000     3.045330     1.111760 
59330.760611 0.000000 0.000000     3.078236     1.108234 
59330.798221 0.000000 0.000000     3.112545     1.104687 
59330.835831 0.000000 0.000000     3.148251     1.101120 
59330.873442 0.000000 0.000000     3.185349     1.097533 
59330.911052 0.000000 0.000000     3.223833     1.093927 
59330.948662 0.000000 0.000000     3.263695     1.090302 
59330.986272 0.000000 0.000000     3.304927     1.086659 
59331.023882 0.000000 0.000000     3.347520     1.082997 
59331.061492 0.000000 0.000000     3.391466     1.079317 
59331.099102 0.000000 0.000000     3.436753     1.075620 
59331.136713 0.000000 0.000000     3.483370     1.071905 
59331.174323 0.000000 0.000000     3.531306     1.068175 
59331.211933 0.000000 0.000000     3.580548     1.064429 
59331.249543 0.000000 0.000000     3.631083     1.060667 
59331.287153 0.000000 0.000000     3.682896     1.056890 
59331.324763 0.000000 0.000000     3.735972     1.053100 
59331.362374 0.000000 0.000000     3.790297     1.049296 
59331.399984 0.000000 0.000000     3.845854     1.045479 
59331.437594 0.000000 0.000000     3.902626     1.041650 
59331.475204 0.000000 0.000000     3.960595     1.037810 
59331.512814 0.000000 0.000000     4.019742     1.033959 
59331.550424 0.000000 0.000000     4.080049     1.030098 
59331.588035 0.000000 0.000000     4.141496     1.026228 
59331.625645 0.000000 0.000000     4.204063     1.022350 
59331.663255 0.000000 0.000000     4.267727     1.018464 
59331.700865 0.000000 0.000000     4.332468     1.014571 
59331.738475 0.000000 0.000000     4.398263     1.010673 
59331.776085 0.000000 0.000000     4.465089     1.006770 
59331.813695 0.000000 0.000000     4.532923     1.002864 
59331.851306 0.000000 0.000000     4.601739     0.998954 
59331.888916 0.000000 0.000000     4.671514     0.995043 
59331.926526 0.000000 0.000000     4.742221     0.991131 
59331.964136 0.000000 0.000000     4.813835     0.987219 
59332.001746 0.000000 0.000000     4.886330     0.983308 
59332.039356 0.000000 0.000000     4.959678     0.979400 
59332.076967 0.000000 0.000000     5.033851     0.975496 
59332.114577 0.000000 0.000000     5.108822     0.971596 
59332.152187 0.000000 0.000000     5.184562     0.967702 
59332.189797 0.000000 0.000000     5.261042     0.963815 
59332.227407 0.000000 0.000000     5.338233     0.959936 
59332.265017 0.000000 0.000000     5.416103     0.956066 
59332.302627 0.000000 0.000000     5.494624     0.952208 
59332.340238 0.000000 0.000000     5.573764     0.948361 
59332.377848 0.000000 0.000000     5.653493     0.944527 
59332.415458 0.000000 0.000000     5.733778     0.940708 
59332.453068 0.000000 0.000000     5.814587     0.936905 
59332.490678 0.000000 0.000000     5.895890     0.933119 
59332.528288 0.000000 0.000000     5.977652     0.929351 
59332.565899 0.000000 0.000000     6.059841     0.925603 
59332.603509 0.000000 0.000000     6.142425     0.921876 
59332.641119 0.000000 0.000000     6.225369     0.918171 
59332.678729 0.000000 0.000000     6.308641     0.914490 
59332.716339 0.000000 0.000000     6.392205     0.910834 
59332.753949 0.000000 0.000000     6.476029     0.907204 
59332.791559 0.000000 0.000000     6.560078     0.903602 
59332.829170 0.000000 0.000000     6.644318     0.900028 
59332.866780 0.000000 0.000000     6.728714     0.896485 
59332.904390 0.000000 0.000000     6.813231     0.892973 
59332.942000 0.000000 0.000000     6.897836     0.889494 
59332.979610 0.000000 0.000000     6.982492     0.886049 
59333.017220 0.000000 0.000000     7.067166     0.882639 
59333.054831 0.000000 0.000000     7.151822     0.879265 
59333.092441 0.000000 0.000000     7.236425     0.875929 
59333.130051 0.000000 0.000000     7.320941     0.872632 
59333.167661 0.000000 0.000000     7.405334     0.869374 
59333.205271 0.000000 0.000000     7.489570     0.866157 
59333.242881 0.000000 0.000000     7.573614     0.862982 
59333.280492 0.000000 0.000000     7.657431     0.859850 
59333.318102 0.000000 0.000000     7.740987     0.856761 
59333.355712 0.000000 0.000000     7.824246     0.853717 
59333.393322 0.000000 0.000000     7.907176     0.850719 
59333.430932 0.000000 0.000000     7.989741     0.847767 
59333.468542 0.000000 0.000000     8.071907     0.844862 
59333.506152 0.000000 0.000000     8.153642     0.842006 
59333.543763 0.000000 0.000000     8.234910     0.839197 
59333.581373 0.000000 0.000000     8.315680     0.836438 
59333.618983 0.000000 0.000000     8.395917     0.833728 
59333.656593 0.000000 0.000000     8.475589     0.831069 
59333.694203 0.000000 0.000000     8.554663     0.828460 
59333.731813 0.000000 0.000000     8.633108     0.825902 
59333.769424 0.000000 0.000000     8.710891     0.823395 
59333.807034 0.000000 0.000000     8.787982     0.820940 
59333.844644 0.000000 0.000000     8.864348     0.818536 
59333.882254 0.000000 0.000000     8.939959     0.816184 
59333.919864 0.000000 0.000000     9.014786     0.813884 
59333.957474 0.000000 0.000000     9.088797     0.811636 
59333.995084 0.000000 0.000000     9.161964     0.809440 
59334.032695 0.000000 0.000000     9.234257     0.807295 
59334.070305 0.000000 0.000000     9.305648     0.805202 
59334.107915 0.000000 0.000000     9.376110     0.803161 
59334.145525 0.000000 0.000000     9.445614     0.801170 
59334.183135 0.000000 0.000000     9.514134     0.799230 
59334.220745 0.000000 0.000000     9.581642     0.797341 
59334.258356 0.000000 0.000000     9.648114     0.795501 
59334.295966 0.000000 0.000000     9.713524     0.793711 
59334.333576 0.000000 0.000000     9.777848     0.791970 
59334.371186 0.000000 0.000000     9.841060     0.790277 
59334.408796 0.000000 0.000000     9.903138     0.788633 
59334.446406 0.000000 0.000000     9.964059     0.787035 
59334.484016 0.000000 0.000000    10.023800     0.785484 
59334.521627 0.000000 0.000000    10.082340     0.783979 
59334.559237 0.000000 0.000000    10.139658     0.782519 
59334.596847 0.000000 0.000000    10.195734     0.781104 
59334.634457 0.000000 0.000000    10.250548     0.779733 
59334.672067 0.000000 0.000000    10.304081     0.778405 
59334.709677 0.000000 0.000000    10.356315     0.777119 
59334.747288 0.000000 0.000000    10.407232     0.775874 
59334.784898 0.000000 0.000000    10.456816     0.774671 
59334.822508 0.000000 0.000000    10.505051     0.773507 
59334.860118 0.000000 0.000000    10.551922     0.772383 
59334.897728 0.000000 0.000000    10.597414     0.771297 
59334.935338 0.000000 0.000000    10.641512     0.770249 
59334.972949 0.000000 0.000000    10.684205     0.769238 
59335.010559 0.000000 0.000000    10.725480     0.768263 
59335.048169 0.000000 0.000000    10.765326     0.767324 
59335.085779 0.000000 0.000000    10.803731     0.766420 
59335.123389 0.000000 0.000000    10.840687     0.765550 
59335.160999 0.000000 0.000000    10.876183     0.764714 
59335.198609 0.000000 0.000000    10.910211     0.763911 
59335.236220 0.000000 0.000000    10.942765     0.763140 
59335.273830 0.000000 0.000000    10.973837     0.762400 
59335.311440 0.000000 0.000000    11.003421     0.761692 
59335.349050 0.000000 0.000000    11.031513     0.761015 
59335.386660 0.000000 0.000000    11.058108     0.760368 
59335.424270 0.000000 0.000000    11.083202     0.759751 
59335.461881 0.000000 0.000000    11.106793     0.759163 
59335.499491 0.000000 0.000000    11.128879     0.758604 
59335.537101 0.000000 0.000000    11.149459     0.758073 
59335.574711 0.000000 0.000000    11.168533     0.757570 
59335.612321 0.000000 0.000000    11.186101     0.757096 
59335.649931 0.000000 0.000000    11.202164     0.756649 
59335.687541 0.000000 0.000000    11.216725     0.756229 
59335.725152 0.000000 0.000000    11.229787     0.755836 
59335.762762 0.000000 0.000000    11.241354     0.755471 
59335.800372 0.000000 0.000000    11.251429     0.755132 
59335.837982 0.000000 0.000000    11.260019     0.754819 
59335.875592 0.000000 0.000000    11.267129     0.754533 
59335.913202 0.000000 0.000000    11.272767     0.754273 
59335.950813 0.000000 0.000000    11.276940     0.754039 
59335.988423 0.000000 0.000000    11.279656     0.753831 
59336.026033 0.000000 0.000000    11.280925     0.753650 
59336.063643 0.000000 0.000000    11.280756     0.753494 
59336.101253 0.000000 0.000000    11.279161     0.753364 
59336.138863 0.000000 0.000000    11.276151     0.753260 
59336.176473 0.000000 0.000000    11.271737     0.753182 
59336.214084 0.000000 0.000000    11.265934     0.753130 
59336.251694 0.000000 0.000000    11.258753     0.753103 
59336.289304 0.000000 0.000000    11.250210     0.753102 
59336.326914 0.000000 0.000000    11.240320     0.753127 
59336.364524 0.000000 0.000000    11.229098     0.753178 
59336.402134 0.000000 0.000000    11.216561     0.753254 
59336.439745 0.000000 0.000000    11.202725     0.753356 
59336.477355 0.000000 0.000000    11.187609     0.753484 
59336.514965 0.000000 0.000000    11.171230     0.753637 
59336.552575 0.000000 0.000000    11.153607     0.753815 
59336.590185 0.000000 0.000000    11.134761     0.754019 
59336.627795 0.000000 0.000000    11.114710     0.754248 
59336.665406 0.000000 0.000000    11.093476     0.754501 
59336.703016 0.000000 0.000000    11.071079     0.754780 
59336.740626 0.000000 0.000000    11.047543     0.755084 
59336.778236 0.000000 0.000000    11.022888     0.755411 
59336.815846 0.000000 0.000000    10.997139     0.755763 
59336.853456 0.000000 0.000000    10.970317     0.756139 
59336.891066 0.000000 0.000000    10.942448     0.756539 
59336.928677 0.000000 0.000000    10.913555     0.756962 
59336.966287 0.000000 0.000000    10.883664     0.757408 
59337.003897 0.000000 0.000000    10.852799     0.757876 
59337.041507 0.000000 0.000000    10.820986     0.758367 
59337.079117 0.000000 0.000000    10.788252     0.758879 
59337.116727 0.000000 0.000000    10.754623     0.759413 
59337.154338 0.000000 0.000000    10.720126     0.759967 
59337.191948 0.000000 0.000000    10.684787     0.760541 
59337.229558 0.000000 0.000000    10.648636     0.761135 
59337.267168 0.000000 0.000000    10.611700     0.761748 
59337.304778 0.000000 0.000000    10.574006     0.762380 
59337.342388 0.000000 0.000000    10.535584     0.763029 
59337.379998 0.000000 0.000000    10.496462     0.763695 
59337.417609 0.000000 0.000000    10.456670     0.764378 
59337.455219 0.000000 0.000000    10.416237     0.765076 
59337.492829 0.000000 0.000000    10.375192     0.765789 
59337.530439 0.000000 0.000000    10.333566     0.766516 
59337.568049 0.000000 0.000000    10.291388     0.767257 
59337.605659 0.000000 0.000000    10.248688     0.768010 
59337.643270 0.000000 0.000000    10.205497     0.768775 
59337.680880 0.000000 0.000000    10.161845     0.769550 
59337.718490 0.000000 0.000000    10.117763     0.770336 
59337.756100 0.000000 0.000000    10.073282     0.771131 
59337.793710 0.000000 0.000000    10.028431     0.771934 
59337.831320 0.000000 0.000000     9.983242     0.772745 
59337.868930 0.000000 0.000000     9.937746     0.773563 
59337.906541 0.000000 0.000000     9.891974     0.774386 
59337.944151 0.000000 0.000000     9.845956     0.775214 
59337.981761 0.000000 0.000000     9.799723     0.776046 
59338.019371 0.000000 0.000000     9.753307     0.776881 
59338.056981 0.000000 0.000000     9.706737     0.777719 
59338.094591 0.000000 0.000000     9.660045     0.778558 
59338.132202 0.000000 0.000000     9.613262     0.779398 
59338.169812 0.000000 0.000000     9.566417     0.780238 
59338.207422 0.000000 0.000000     9.519541     0.781077 
59338.245032 0.000000 0.000000     9.472665     0.781914 
59338.282642 0.000000 0.000000     9.425818     0.782749 
59338.320252 0.000000 0.000000     9.379031     0.783580 
59338.357863 0.000000 0.000000     9.332332     0.784408 
59338.395473 0.000000 0.000000     9.285753     0.785231 
59338.433083 0.000000 0.000000     9.239322     0.786049 
59338.470693 0.000000 0.000000     9.193067     0.786861 
59338.508303 0.000000 0.000000     9.147019     0.787667 
59338.545913 0.000000 0.000000     9.101205     0.788466 
59338.583523 0.000000 0.000000     9.055654     0.789257 
59338.621134 0.000000 0.000000     9.010394     0.790040 
59338.658744 0.000000 0.000000     8.965451     0.790815 
59338.696354 0.000000 0.000000     8.920855     0.791581 
59338.733964 0.000000 0.000000     8.876631     0.792338 
59338.771574 0.000000 0.000000     8.832806     0.793086 
59338.809184 0.000000 0.000000     8.789406     0.793824 
59338.846795 0.000000 0.000000     8.746457     0.794551 
59338.884405 0.000000 0.000000     8.703985     0.795268 
59338.922015 0.000000 0.000000     8.662015     0.795975 
59338.959625 0.000000 0.000000     8.620570     0.796672 
59338.997235 0.000000 0.000000     8.579675     0.797357 
59339.034845 0.000000 0.000000     8.539354     0.798032 
59339.072455 0.000000 0.000000     8.499630     0.798697 
59339.110066 0.000000 0.000000     8.460525     0.799351 
59339.147676 0.000000 0.000000     8.422062     0.799994 
59339.185286 0.000000 0.000000     8.384262     0.800627 
59339.222896 0.000000 0.000000     8.347147     0.801250 
59339.260506 0.000000 0.000000     8.310737     0.801864 
59339.298116 0.000000 0.000000     8.275052     0.802467 
59339.335727 0.000000 0.000000     8.240111     0.803061 
59339.373337 0.000000 0.000000     8.205935     0.803647 
59339.410947 0.000000 0.000000     8.172540     0.804224 
59339.448557 0.000000 0.000000     8.139945     0.804793 
59339.486167 0.000000 0.000000     8.108167     0.805354 
59339.523777 0.000000 0.000000     8.077223     0.805908 
59339.561387 0.000000 0.000000     8.047129     0.806456 
59339.598998 0.000000 0.000000     8.017900     0.806999 
59339.636608 0.000000 0.000000     7.989550     0.807536 
59339.674218 0.000000 0.000000     7.962095     0.808068 
59339.711828 0.000000 0.000000     7.935548     0.808597 
59339.749438 0.000000 0.000000     7.909922     0.809122 
59339.787048 0.000000 0.000000     7.885228     0.809645 
59339.824659 0.000000 0.000000     7.861479     0.810167 
59339.862269 0.000000 0.000000     7.838686     0.810688 
59339.899879 0.000000 0.000000     7.816859     0.811209 
59339.937489 0.000000 0.000000     7.796008     0.811732 
59339.975099 0.000000 0.000000     7.776141     0.812256 
59340.012709 0.000000 0.000000     7.757268     0.812782 
59340.050320 0.000000 0.000000     7.739395     0.813313 
59340.087930 0.000000 0.000000     7.722531     0.813847 
59340.125540 0.000000 0.000000     7.706680     0.814387 
59340.163150 0.000000 0.000000     7.691850     0.814934 
59340.200760 0.000000 0.000000     7.678046     0.815487 
59340.238370 0.000000 0.000000     7.665270     0.816049 
59340.275980 0.000000 0.000000     7.653529     0.816620 
59340.313591 0.000000 0.000000     7.642823     0.817200 
59340.351201 0.000000 0.000000     7.633157     0.817791 
59340.388811 0.000000 0.000000     7.624531     0.818394 
59340.426421 0.000000 0.000000     7.616947     0.819009 
59340.464031 0.000000 0.000000     7.610405     0.819637 
59340.501641 0.000000 0.000000     7.604906     0.820278 
59340.539252 0.000000 0.000000     7.600447     0.820935 
59340.576862 0.000000 0.000000     7.597028     0.821606 
59340.614472 0.000000 0.000000     7.594646     0.822294 
59340.652082 0.000000 0.000000     7.593300     0.822998 
59340.689692 0.000000 0.000000     7.592984     0.823720 
59340.727302 0.000000 0.000000     7.593696     0.824459 
59340.764912 0.000000 0.000000     7.595431     0.825216 
59340.802523 0.000000 0.000000     7.598183     0.825991 
59340.840133 0.000000 0.000000     7.601946     0.826786 
59340.877743 0.000000 0.000000     7.606715     0.827600 
59340.915353 0.000000 0.000000     7.612481     0.828433 
59340.952963 0.000000 0.000000     7.619238     0.829286 
59340.990573 0.000000 0.000000     7.626977     0.830159 
59341.028184 0.000000 0.000000     7.635690     0.831052 
59341.065794 0.000000 0.000000     7.645366     0.831964 
59341.103404 0.000000 0.000000     7.655996     0.832897 
59341.141014 0.000000 0.000000     7.667570     0.833849 
59341.178624 0.000000 0.000000     7.680076     0.834821 
59341.216234 0.000000 0.000000     7.693504     0.835813 
59341.253844 0.000000 0.000000     7.707840     0.836823 
59341.291455 0.000000 0.000000     7.723074     0.837852 
59341.329065 0.000000 0.000000     7.739190     0.838899 
59341.366675 0.000000 0.000000     7.756177     0.839964 
59341.404285 0.000000 0.000000     7.774020     0.841045 
59341.441895 0.000000 0.000000     7.792704     0.842144 
59341.479505 0.000000 0.000000     7.812215     0.843258 
59341.517116 0.000000 0.000000     7.832538     0.844387 
59341.554726 0.000000 0.000000     7.853656     0.845530 
59341.592336 0.000000 0.000000     7.875554     0.846687 
59341.629946 0.000000 0.000000     7.898215     0.847855 
59341.667556 0.000000 0.000000     7.921623     0.849036 
59341.705166 0.000000 0.000000     7.945759     0.850226 
59341.742777 0.000000 0.000000     7.970607     0.851426 
59341.780387 0.000000 0.000000     7.996148     0.852634 
59341.817997 0.000000 0.000000     8.022364     0.853849 
59341.855607 0.000000 0.000000     8.049236     0.855069 
59341.893217 0.000000 0.000000     8.076746     0.856295 
59341.930827 0.000000 0.000000     8.104875     0.857523 
59341.968437 0.000000 0.000000     8.133602     0.858753 
59342.006048 0.000000 0.000000     8.162909     0.859984 
59342.043658 0.000000 0.000000     8.192774     0.861213 
59342.081268 0.000000 0.000000     8.223179     0.862441 
59342.118878 0.000000 0.000000     8.254103     0.863665 
59342.156488 0.000000 0.000000     8.285524     0.864883 
59342.194098 0.000000 0.000000     8.317423     0.866096 
59342.231709 0.000000 0.000000     8.349778     0.867300 
59342.269319 0.000000 0.000000     8.382569     0.868494 
59342.306929 0.000000 0.000000     8.415773     0.869678 
59342.344539 0.000000 0.000000     8.449371     0.870849 
59342.382149 0.000000 0.000000     8.483339     0.872006 
59342.419759 0.000000 0.000000     8.517657     0.873147 
59342.457369 0.000000 0.000000     8.552304     0.874272 
59342.494980 0.000000 0.000000     8.587256     0.875378 
59342.532590 0.000000 0.000000     8.622494     0.876465 
59342.570200 0.000000 0.000000     8.657994     0.877530 
59342.607810 0.000000 0.000000     8.693736     0.878572 
59342.645420 0.000000 0.000000     8.729697     0.879590 
59342.683030 0.000000 0.000000     8.765855     0.880582 
59342.720641 0.000000 0.000000     8.802190     0.881548 
59342.758251 0.000000 0.000000     8.838679     0.882485 
59342.795861 0.000000 0.000000     8.875300     0.883392 
59342.833471 0.000000 0.000000     8.912033     0.884268 
59342.871081 0.000000 0.000000     8.948855     0.885112 
59342.908691 0.000000 0.000000     8.985746     0.885923 
59342.946301 0.000000 0.000000     9.022684     0.886698 
59342.983912 0.000000 0.000000     9.059648     0.887438 
59343.021522 0.000000 0.000000     9.096617     0.888140 
59343.059132 0.000000 0.000000     9.133571     0.888805 
59343.096742 0.000000 0.000000     9.170488     0.889429 
59343.134352 0.000000 0.000000     9.207348     0.890013 
59343.171962 0.000000 0.000000     9.244132     0.890556 
59343.209573 0.000000 0.000000     9.280818     0.891056 
59343.247183 0.000000 0.000000     9.317388     0.891513 
59343.284793 0.000000 0.000000     9.353822     0.891926 
59343.322403 0.000000 0.000000     9.390100     0.892293 
59343.360013 0.000000 0.000000     9.426203     0.892614 
59343.397623 0.000000 0.000000     9.462114     0.892889 
59343.435234 0.000000 0.000000     9.497812     0.893116 
59343.472844 0.000000 0.000000     9.533281     0.893295 
59343.510454 0.000000 0.000000     9.568501     0.893424 
59343.548064 0.000000 0.000000     9.603457     0.893505 
59343.585674 0.000000 0.000000     9.638130     0.893535 
59343.623284 0.000000 0.000000     9.672503     0.893515 
59343.660894 0.000000 0.000000     9.706561     0.893444 
59343.698505 0.000000 0.000000     9.740286     0.893322 
59343.736115 0.000000 0.000000     9.773664     0.893148 
59343.773725 0.000000 0.000000     9.806678     0.892921 
59343.811335 0.000000 0.000000     9.839314     0.892643 
59343.848945 0.000000 0.000000     9.871558     0.892312 
59343.886555 0.000000 0.000000     9.903394     0.891928 
59343.924166 0.000000 0.000000     9.934809     0.891491 
59343.961776 0.000000 0.000000     9.965790     0.891002 
59343.999386 0.000000 0.000000     9.996324     0.890459 
59344.036996 0.000000 0.000000    10.026398     0.889864 
59344.074606 0.000000 0.000000    10.056001     0.889216 
59344.112216 0.000000 0.000000    10.085120     0.888515 
59344.149826 0.000000 0.000000    10.113744     0.887762 
59344.187437 0.000000 0.000000    10.141863     0.886957 
59344.225047 0.000000 0.000000    10.169466     0.886099 
59344.262657 0.000000 0.000000    10.196544     0.885191 
59344.300267 0.000000 0.000000    10.223087     0.884231 
59344.337877 0.000000 0.000000    10.249086     0.883220 
59344.375487 0.000000 0.000000    10.274534     0.882160 
59344.413098 0.000000 0.000000    10.299421     0.881050 
59344.450708 0.000000 0.000000    10.323741     0.879890 
59344.488318 0.000000 0.000000    10.347487     0.878683 
59344.525928 0.000000 0.000000    10.370652     0.877428 
59344.563538 0.000000 0.000000    10.393230     0.876126 
59344.601148 0.000000 0.000000    10.415217     0.874778 
59344.638758 0.000000 0.000000    10.436605     0.873385 
59344.676369 0.000000 0.000000    10.457393     0.871948 
59344.713979 0.000000 0.000000    10.477574     0.870468 
59344.751589 0.000000 0.000000    10.497146     0.868946 
59344.789199 0.000000 0.000000    10.516106     0.867382 
59344.826809 0.000000 0.000000    10.534451     0.865779 
59344.864419 0.000000 0.000000    10.552179     0.864138 
59344.902030 0.000000 0.000000    10.569288     0.862459 
59344.939640 0.000000 0.000000    10.585778     0.860744 
59344.977250 0.000000 0.000000    10.601648     0.858994 
59345.014860 0.000000 0.000000    10.616897     0.857211 
59345.052470 0.000000 0.000000    10.631526     0.855397 
59345.090080 0.000000 0.000000    10.645535     0.853552 
59345.127691 0.000000 0.000000    10.658926     0.851678 
59345.165301 0.000000 0.000000    10.671701     0.849777 
59345.202911 0.000000 0.000000    10.683861     0.847851 
59345.240521 0.000000 0.000000    10.695410     0.845901 
59345.278131 0.000000 0.000000    10.706350     0.843929 
59345.315741 0.000000 0.000000    10.716684     0.841937 
59345.353351 0.000000 0.000000    10.726417     0.839927 
59345.390962 0.000000 0.000000    10.735553     0.837900 
59345.428572 0.000000 0.000000    10.744096     0.835859 
59345.466182 0.000000 0.000000    10.752052     0.833804 
59345.503792 0.000000 0.000000    10.759426     0.831740 
59345.541402 0.000000 0.000000    10.766224     0.829666 
59345.579012 0.000000 0.000000    10.772453     0.827586 
59345.616623 0.000000 0.000000    10.778118     0.825501 
59345.654233 0.000000 0.000000    10.783227     0.823414 
59345.691843 0.000000 0.000000    10.787788     0.821327 
59345.729453 0.000000 0.000000    10.791808     0.819241 
59345.767063 0.000000 0.000000    10.795295     0.817159 
59345.804673 0.000000 0.000000    10.798257     0.815082 
59345.842283 0.000000 0.000000    10.800704     0.813014 
59345.879894 0.000000 0.000000    10.802644     0.810956 
59345.917504 0.000000 0.000000    10.804086     0.808910 
59345.955114 0.000000 0.000000    10.805040     0.806879 
59345.992724 0.000000 0.000000    10.805516     0.804864 
59346.030334 0.000000 0.000000    10.805524     0.802868 
59346.067944 0.000000 0.000000    10.805075     0.800892 
59346.105555 0.000000 0.000000    10.804178     0.798939 
59346.143165 0.000000 0.000000    10.802845     0.797010 
59346.180775 0.000000 0.000000    10.801087     0.795109 
59346.218385 0.000000 0.000000    10.798915     0.793235 
59346.255995 0.000000 0.000000    10.796340     0.791392 
59346.293605 0.000000 0.000000    10.793375     0.789580 
59346.331215 0.000000 0.000000    10.790030     0.787803 
59346.368826 0.000000 0.000000    10.786317     0.786061 
59346.406436 0.000000 0.000000    10.782250     0.784356 
59346.444046 0.000000 0.000000    10.777839     0.782690 
59346.481656 0.000000 0.000000    10.773098     0.781063 
59346.519266 0.000000 0.000000    10.768038     0.779478 
59346.556876 0.000000 0.000000    10.762672     0.777935 
59346.594487 0.000000 0.000000    10.757013     0.776436 
59346.632097 0.000000 0.000000    10.751074     0.774982 
59346.669707 0.000000 0.000000    10.744866     0.773574 
59346.707317 0.000000 0.000000    10.738403     0.772212 
59346.744927 0.000000 0.000000    10.731697     0.770898 
59346.782537 0.000000 0.000000    10.724761     0.769631 
59346.820148 0.000000 0.000000    10.717608     0.768413 
59346.857758 0.000000 0.000000    10.710251     0.767244 
59346.895368 0.000000 0.000000    10.702702     0.766124 
59346.932978 0.000000 0.000000    10.694973     0.765054 
59346.970588 0.000000 0.000000    10.687079     0.764033 
59347.008198 0.000000 0.000000    10.679030     0.763062 
59347.045808 0.000000 0.000000    10.670840     0.762140 
59347.083419 0.000000 0.000000    10.662521     0.761266 
59347.121029 0.000000 0.000000    10.654084     0.760442 
59347.158639 0.000000 0.000000    10.645543     0.759666 
59347.196249 0.000000 0.000000    10.636909     0.758937 
59347.233859 0.000000 0.000000    10.628194     0.758256 
59347.271469 0.000000 0.000000    10.619410     0.757621 
59347.309080 0.000000 0.000000    10.610569     0.757031 
59347.346690 0.000000 0.000000    10.601681     0.756485 
59347.384300 0.000000 0.000000    10.592758     0.755983 
59347.421910 0.000000 0.000000    10.583811     0.755524 
59347.459520 0.000000 0.000000    10.574850     0.755105 
59347.497130 0.000000 0.000000    10.565887     0.754727 
59347.534740 0.000000 0.000000    10.556931     0.754387 
59347.572351 0.000000 0.000000    10.547993     0.754085 
59347.609961 0.000000 0.000000    10.539083     0.753818 
59347.647571 0.000000 0.000000    10.530209     0.753586 
59347.685181 0.000000 0.000000    10.521383     0.753387 
59347.722791 0.000000 0.000000    10.512611     0.753219 
59347.760401 0.000000 0.000000    10.503904     0.753082 
59347.798012 0.000000 0.000000    10.495269     0.752973 
59347.835622 0.000000 0.000000    10.486716     0.752890 
59347.873232 0.000000 0.000000    10.478251     0.752834 
59347.910842 0.000000 0.000000    10.469882     0.752801 
59347.948452 0.000000 0.000000    10.461616     0.752790 
59347.986062 0.000000 0.000000    10.453461     0.752799 
59348.023672 0.000000 0.000000    10.445423     0.752828 
59348.061283 0.000000 0.000000    10.437508     0.752875 
59348.098893 0.000000 0.000000    10.429721     0.752937 
59348.136503 0.000000 0.000000    10.422069     0.753014 
59348.174113 0.000000 0.000000    10.414557     0.753104 
59348.211723 0.000000 0.000000    10.407188     0.753206 
59348.249333 0.000000 0.000000    10.399969     0.753318 
59348.286944 0.000000 0.000000    10.392901     0.753439 
59348.324554 0.000000 0.000000    10.385990     0.753568 
59348.362164 0.000000 0.000000    10.379239     0.753703 
59348.399774 0.000000 0.000000    10.372650     0.753843 
59348.437384 0.000000 0.000000    10.366225     0.753987 
59348.474994 0.000000 0.000000    10.359968     0.754134 
59348.512605 0.000000 0.000000    10.353879     0.754282 
59348.550215 0.000000 0.000000    10.347960     0.754431 
59348.587825 0.000000 0.000000    10.342211     0.754580 
59348.625435 0.000000 0.000000    10.336634     0.754728 
59348.663045 0.000000 0.000000    10.331228     0.754873 
59348.700655 0.000000 0.000000    10.325994     0.755016 
59348.738265 0.000000 0.000000    10.320929     0.755155 
59348.775876 0.000000 0.000000    10.316034     0.755289 
59348.813486 0.000000 0.000000    10.311307     0.755419 
59348.851096 0.000000 0.000000    10.306746     0.755542 
59348.888706 0.000000 0.000000    10.302349     0.755660 
59348.926316 0.000000 0.000000    10.298112     0.755771 
59348.963926 0.000000 0.000000    10.294034     0.755874 
59349.001537 0.000000 0.000000    10.290111     0.755970 
59349.039147 0.000000 0.000000    10.286338     0.756058 
59349.076757 0.000000 0.000000    10.282712     0.756138 
59349.114367 0.000000 0.000000    10.279229     0.756210 
59349.151977 0.000000 0.000000    10.275883     0.756273 
59349.189587 0.000000 0.000000    10.272669     0.756327 
59349.227197 0.000000 0.000000    10.269581     0.756372 
59349.264808 0.000000 0.000000    10.266614     0.756408 
59349.302418 0.000000 0.000000    10.263762     0.756436 
59349.340028 0.000000 0.000000    10.261017     0.756454 
59349.377638 0.000000 0.000000    10.258373     0.756464 
59349.415248 0.000000 0.000000    10.255823     0.756464 
59349.452858 0.000000 0.000000    10.253359     0.756456 
59349.490469 0.000000 0.000000    10.250973     0.756440 
59349.528079 0.000000 0.000000    10.248656     0.756415 
59349.565689 0.000000 0.000000    10.246402     0.756383 
59349.603299 0.000000 0.000000    10.244200     0.756342 
59349.640909 0.000000 0.000000    10.242042     0.756294 
59349.678519 0.000000 0.000000    10.239919     0.756239 
59349.716129 0.000000 0.000000    10.237821     0.756177 
59349.753740 0.000000 0.000000    10.235738     0.756108 
59349.791350 0.000000 0.000000    10.233660     0.756033 
59349.828960 0.000000 0.000000    10.231578     0.755953 
59349.866570 0.000000 0.000000    10.229481     0.755867 
59349.904180 0.000000 0.000000    10.227358     0.755776 
59349.941790 0.000000 0.000000    10.225199     0.755680 
59349.979401 0.000000 0.000000    10.222992     0.755581 
59350.017011 0.000000 0.000000    10.220727     0.755477 
59350.054621 0.000000 0.000000    10.218392     0.755371 
59350.092231 0.000000 0.000000    10.215976     0.755262 
59350.129841 0.000000 0.000000    10.213467     0.755150 
59350.167451 0.000000 0.000000    10.210854     0.755037 
59350.205062 0.000000 0.000000    10.208126     0.754922 
59350.242672 0.000000 0.000000    10.205270     0.754806 
59350.280282 0.000000 0.000000    10.202274     0.754690 
59350.317892 0.000000 0.000000    10.199128     0.754574 
59350.355502 0.000000 0.000000    10.195818     0.754457 
59350.393112 0.000000 0.000000    10.192332     0.754342 
59350.430722 0.000000 0.000000    10.188660     0.754228 
59350.468333 0.000000 0.000000    10.184788     0.754115 
59350.505943 0.000000 0.000000    10.180705     0.754005 
59350.543553 0.000000 0.000000    10.176399     0.753896 
59350.581163 0.000000 0.000000    10.171858     0.753790 
59350.618773 0.000000 0.000000    10.167070     0.753687 
59350.656383 0.000000 0.000000    10.162023     0.753588 
59350.693994 0.000000 0.000000    10.156707     0.753492 
59350.731604 0.000000 0.000000    10.151108     0.753400 
59350.769214 0.000000 0.000000    10.145215     0.753312 
59350.806824 0.000000 0.000000    10.139018     0.753229 
59350.844434 0.000000 0.000000    10.132505     0.753150 
59350.882044 0.000000 0.000000    10.125664     0.753076 
59350.919654 0.000000 0.000000    10.118485     0.753006 
59350.957265 0.000000 0.000000    10.110958     0.752943 
59350.994875 0.000000 0.000000    10.103071     0.752884 
59351.032485 0.000000 0.000000    10.094815     0.752831 
59351.070095 0.000000 0.000000    10.086179     0.752783 
59351.107705 0.000000 0.000000    10.077153     0.752741 
59351.145315 0.000000 0.000000    10.067727     0.752704 
59351.182926 0.000000 0.000000    10.057893     0.752673 
59351.220536 0.000000 0.000000    10.047642     0.752648 
59351.258146 0.000000 0.000000    10.036963     0.752628 
59351.295756 0.000000 0.000000    10.025850     0.752615 
59351.333366 0.000000 0.000000    10.014293     0.752606 
59351.370976 0.000000 0.000000    10.002285     0.752604 
59351.408586 0.000000 0.000000     9.989818     0.752606 
59351.446197 0.000000 0.000000     9.976885     0.752614 
59351.483807 0.000000 0.000000     9.963480     0.752628 
59351.521417 0.000000 0.000000     9.949595     0.752646 
59351.559027 0.000000 0.000000     9.935224     0.752670 
59351.596637 0.000000 0.000000     9.920363     0.752698 
59351.634247 0.000000 0.000000     9.905005     0.752731 
59351.671858 0.000000 0.000000     9.889146     0.752769 
59351.709468 0.000000 0.000000     9.872781     0.752811 
59351.747078 0.000000 0.000000     9.855906     0.752857 
59351.784688 0.000000 0.000000     9.838518     0.752907 
59351.822298 0.000000 0.000000     9.820613     0.752961 
59351.859908 0.000000 0.000000     9.802189     0.753018 
59351.897519 0.000000 0.000000     9.783244     0.753078 
59351.935129 0.000000 0.000000     9.763775     0.753142 
59351.972739 0.000000 0.000000     9.743781     0.753208 
59352.010349 0.000000 0.000000     9.723263     0.753277 
59352.047959 0.000000 0.000000     9.702218     0.753349 
59352.085569 0.000000 0.000000     9.680648     0.753422 
59352.123179 0.000000 0.000000     9.658554     0.753497 
59352.160790 0.000000 0.000000     9.635936     0.753574 
59352.198400 0.000000 0.000000     9.612796     0.753653 
59352.236010 0.000000 0.000000     9.589136     0.753732 
59352.273620 0.000000 0.000000     9.564960     0.753813 
59352.311230 0.000000 0.000000     9.540270     0.753894 
59352.348840 0.000000 0.000000     9.515071     0.753976 
59352.386451 0.000000 0.000000     9.489366     0.754058 
59352.424061 0.000000 0.000000     9.463161     0.754140 
59352.461671 0.000000 0.000000     9.436462     0.754222 
59352.499281 0.000000 0.000000     9.409273     0.754304 
59352.536891 0.000000 0.000000     9.381602     0.754385 
59352.574501 0.000000 0.000000     9.353455     0.754465 
59352.612111 0.000000 0.000000     9.324841     0.754545 
59352.649722 0.000000 0.000000     9.295768     0.754623 
59352.687332 0.000000 0.000000     9.266243     0.754700 
59352.724942 0.000000 0.000000     9.236277     0.754776 
59352.762552 0.000000 0.000000     9.205880     0.754850 
59352.800162 0.000000 0.000000     9.175060     0.754923 
59352.837772 0.000000 0.000000     9.143831     0.754994 
59352.875383 0.000000 0.000000     9.112201     0.755062 
59352.912993 0.000000 0.000000     9.080185     0.755129 
59352.950603 0.000000 0.000000     9.047794     0.755193 
59352.988213 0.000000 0.000000     9.015041     0.755255 
59353.025823 0.000000 0.000000     8.981939     0.755314 
59353.063433 0.000000 0.000000     8.948503     0.755371 
59353.101043 0.000000 0.000000     8.914747     0.755425 
59353.138654 0.000000 0.000000     8.880686     0.755476 
59353.176264 0.000000 0.000000     8.846336     0.755525 
59353.213874 0.000000 0.000000     8.811712     0.755570 
59353.251484 0.000000 0.000000     8.776831     0.755613 
59353.289094 0.000000 0.000000     8.741710     0.755652 
59353.326704 0.000000 0.000000     8.706366     0.755688 
59353.364315 0.000000 0.000000     8.670816     0.755721 
59353.401925 0.000000 0.000000     8.635081     0.755750 
59353.439535 0.000000 0.000000     8.599177     0.755776 
59353.477145 0.000000 0.000000     8.563124     0.755799 
59353.514755 0.000000 0.000000     8.526941     0.755817 
59353.552365 0.000000 0.000000     8.490649     0.755832 
59353.589976 0.000000 0.000000     8.454268     0.755844 
59353.627586 0.000000 0.000000     8.417819     0.755851 
59353.665196 0.000000 0.000000     8.381322     0.755855 
59353.702806 0.000000 0.000000     8.344799     0.755854 
59353.740416 0.000000 0.000000     8.308271     0.755850 
59353.778026 0.000000 0.000000     8.271762     0.755841 
59353.815636 0.000000 0.000000     8.235292     0.755828 
59353.853247 0.000000 0.000000     8.198886     0.755810 
59353.890857 0.000000 0.000000     8.162565     0.755788 
59353.928467 0.000000 0.000000     8.126353     0.755762 
59353.966077 0.000000 0.000000     8.090274     0.755730 
59354.003687 0.000000 0.000000     8.054352     0.755694 
59354.041297 0.000000 0.000000     8.018609     0.755653 
59354.078908 0.000000 0.000000     7.983072     0.755607 
59354.116518 0.000000 0.000000     7.947763     0.755556 
59354.154128 0.000000 0.000000     7.912707     0.755499 
59354.191738 0.000000 0.000000     7.877930     0.755437 
59354.229348 0.000000 0.000000     7.843456     0.755369 
59354.266958 0.000000 0.000000     7.809310     0.755295 
59354.304568 0.000000 0.000000     7.775518     0.755216 
59354.342179 0.000000 0.000000     7.742103     0.755130 
59354.379789 0.000000 0.000000     7.709093     0.755038 
59354.417399 0.000000 0.000000     7.676512     0.754940 
59354.455009 0.000000 0.000000     7.644385     0.754835 
59354.492619 0.000000 0.000000     7.612738     0.754723 
59354.530229 0.000000 0.000000     7.581596     0.754604 
59354.567840 0.000000 0.000000     7.550986     0.754478 
59354.605450 0.000000 0.000000     7.520931     0.754345 
59354.643060 0.000000 0.000000     7.491459     0.754205 
59354.680670 0.000000 0.000000     7.462593     0.754057 
59354.718280 0.000000 0.000000     7.434359     0.753901 
59354.755890 0.000000 0.000000     7.406783     0.753737 
59354.793500 0.000000 0.000000     7.379888     0.753566 
59354.831111 0.000000 0.000000     7.353701     0.753386 
59354.868721 0.000000 0.000000     7.328246     0.753198 
59354.906331 0.000000 0.000000     7.303548     0.753001 
59354.943941 0.000000 0.000000     7.279630     0.752796 
59354.981551 0.000000 0.000000     7.256517     0.752582 
59355.019161 0.000000 0.000000     7.234232     0.752359 
59355.056772 0.000000 0.000000     7.212801     0.752128 
59355.094382 0.000000 0.000000     7.192245     0.751887 
59355.131992 0.000000 0.000000     7.172589     0.751638 
59355.169602 0.000000 0.000000     7.153854     0.751380 
59355.207212 0.000000 0.000000     7.136064     0.751114 
59355.244822 0.000000 0.000000     7.119241     0.750838 
59355.282433 0.000000 0.000000     7.103406     0.750553 
59355.320043 0.000000 0.000000     7.088581     0.750260 
59355.357653 0.000000 0.000000     7.074788     0.749959 
59355.395263 0.000000 0.000000     7.062046     0.749649 
59355.432873 0.000000 0.000000     7.050377     0.749331 
59355.470483 0.000000 0.000000     7.039799     0.749005 
59355.508093 0.000000 0.000000     7.030333     0.748672 
59355.545704 0.000000 0.000000     7.021997     0.748331 
59355.583314 0.000000 0.000000     7.014810     0.747983 
59355.620924 0.000000 0.000000     7.008790     0.747628 
59355.658534 0.000000 0.000000     7.003954     0.747268 
59355.696144 0.000000 0.000000     7.000320     0.746902 
59355.733754 0.000000 0.000000     6.997903     0.746531 
59355.771365 0.000000 0.000000     6.996719     0.746155 
59355.808975 0.000000 0.000000     6.996785     0.745776 
59355.846585 0.000000 0.000000     6.998113     0.745394 
59355.884195 0.000000 0.000000     7.000720     0.745010 
59355.921805 0.000000 0.000000     7.004617     0.744624 
59355.959415 0.000000 0.000000     7.009819     0.744237 
59355.997025 0.000000 0.000000     7.016336     0.743852 
59356.034636 0.000000 0.000000     7.024182     0.743467 
59356.072246 0.000000 0.000000     7.033366     0.743086 
59356.109856 0.000000 0.000000     7.043900     0.742708 
59356.147466 0.000000 0.000000     7.055792     0.742336 
59356.185076 0.000000 0.000000     7.069052     0.741969 
59356.222686 0.000000 0.000000     7.083689     0.741611 
59356.260297 0.000000 0.000000     7.099708     0.741262 
59356.297907 0.000000 0.000000     7.117119     0.740924 
59356.335517 0.000000 0.000000     7.135925     0.740598 
59356.373127 0.000000 0.000000     7.156134     0.740286 
59356.410737 0.000000 0.000000     7.177750     0.739991 
59356.448347 0.000000 0.000000     7.200776     0.739712 
59356.485957 0.000000 0.000000     7.225216     0.739454 
59356.523568 0.000000 0.000000     7.251072     0.739217 
59356.561178 0.000000 0.000000     7.278346     0.739004 
59356.598788 0.000000 0.000000     7.307039     0.738816 
59356.636398 0.000000 0.000000     7.337152     0.738657 
59356.674008 0.000000 0.000000     7.368682     0.738527 
59356.711618 0.000000 0.000000     7.401630     0.738430 
59356.749229 0.000000 0.000000     7.435993     0.738368 
59356.786839 0.000000 0.000000     7.471768     0.738343 
59356.824449 0.000000 0.000000     7.508951     0.738357 
59356.862059 0.000000 0.000000     7.547538     0.738413 
59356.899669 0.000000 0.000000     7.587524     0.738514 
59356.937279 0.000000 0.000000     7.628902     0.738661 
59356.974890 0.000000 0.000000     7.671666     0.738858 
59357.012500 0.000000 0.000000     7.715809     0.739107 
59357.050110 0.000000 0.000000     7.761321     0.739410 
59357.087720 0.000000 0.000000     7.808194     0.739771 
59357.125330 0.000000 0.000000     7.856417     0.740191 
59357.162940 0.000000 0.000000     7.905981     0.740673 
59357.200550 0.000000 0.000000     7.956874     0.741220 
59357.238161 0.000000 0.000000     8.009083     0.741833 
59357.275771 0.000000 0.000000     8.062595     0.742516 
59357.313381 0.000000 0.000000     8.117397     0.743270 
59357.350991 0.000000 0.000000     8.173475     0.744098 
59357.388601 0.000000 0.000000     8.230813     0.745001 
59357.426211 0.000000 0.000000     8.289394     0.745983 
59357.463822 0.000000 0.000000     8.349204     0.747045 
59357.501432 0.000000 0.000000     8.410224     0.748188 
59357.539042 0.000000 0.000000     8.472435     0.749415 
59357.576652 0.000000 0.000000     8.535820     0.750727 
59357.614262 0.000000 0.000000     8.600359     0.752125 
59357.651872 0.000000 0.000000     8.666032     0.753612 
59357.689482 0.000000 0.000000     8.732817     0.755187 
59357.727093 0.000000 0.000000     8.800694     0.756853 
59357.764703 0.000000 0.000000     8.869640     0.758609 
59357.802313 0.000000 0.000000     8.939632     0.760458 
59357.839923 0.000000 0.000000     9.010648     0.762398 
59357.877533 0.000000 0.000000     9.082662     0.764431 
59357.915143 0.000000 0.000000     9.155651     0.766558 
59357.952754 0.000000 0.000000     9.229588     0.768777 
59357.990364 0.000000 0.000000     9.304449     0.771089 
59358.027974 0.000000 0.000000     9.380207     0.773493 
59358.065584 0.000000 0.000000     9.456835     0.775990 
59358.103194 0.000000 0.000000     9.534305     0.778578 
59358.140804 0.000000 0.000000     9.612591     0.781257 
59358.178414 0.000000 0.000000     9.691662     0.784026 
59358.216025 0.000000 0.000000     9.771490     0.786884 
59358.253635 0.000000 0.000000     9.852046     0.789830 
59358.291245 0.000000 0.000000     9.933300     0.792862 
59358.328855 0.000000 0.000000    10.015221     0.795978 
59358.366465 0.000000 0.000000    10.097779     0.799178 
59358.404075 0.000000 0.000000    10.180943     0.802460 
59358.441686 0.000000 0.000000    10.264681     0.805821 
59358.479296 0.000000 0.000000    10.348961     0.809260 
59358.516906 0.000000 0.000000    10.433750     0.812775 
59358.554516 0.000000 0.000000    10.519017     0.816364 
59358.592126 0.000000 0.000000    10.604729     0.820025 
59358.629736 0.000000 0.000000    10.690851     0.823755 
59358.667347 0.000000 0.000000    10.777351     0.827552 
59358.704957 0.000000 0.000000    10.864195     0.831414 
59358.742567 0.000000 0.000000    10.951349     0.835338 
59358.780177 0.000000 0.000000    11.038779     0.839323 
59358.817787 0.000000 0.000000    11.126450     0.843365 
59358.855397 0.000000 0.000000    11.214327     0.847462 
59358.893007 0.000000 0.000000    11.302377     0.851612 
59358.930618 0.000000 0.000000    11.390564     0.855813 
59358.968228 0.000000 0.000000    11.478853     0.860061 
59359.005838 0.000000 0.000000    11.567208     0.864355 
59359.043448 0.000000 0.000000    11.655596     0.868691 
59359.081058 0.000000 0.000000    11.743980     0.873068 
59359.118668 0.000000 0.000000    11.832325     0.877483 
59359.156279 0.000000 0.000000    11.920596     0.881934 
59359.193889 0.000000 0.000000    12.008758     0.886418 
59359.231499 0.000000 0.000000    12.096776     0.890933 
59359.269109 0.000000 0.000000    12.184613     0.895477 
59359.306719 0.000000 0.000000    12.272235     0.900047 
59359.344329 0.000000 0.000000    12.359608     0.904642 
59359.381939 0.000000 0.000000    12.446695     0.909258 
59359.419550 0.000000 0.000000    12.533462     0.913894 
59359.457160 0.000000 0.000000    12.619874     0.918548 
59359.494770 0.000000 0.000000    12.705898     0.923218 
59359.532380 0.000000 0.000000    12.791497     0.927901 
59359.569990 0.000000 0.000000    12.876639     0.932596 
59359.607600 0.000000 0.000000    12.961289     0.937302 
59359.645211 0.000000 0.000000    13.045413     0.942015 
59359.682821 0.000000 0.000000    13.128979     0.946734 
59359.720431 0.000000 0.000000    13.211953     0.951458 
59359.758041 0.000000 0.000000    13.294302     0.956185 
59359.795651 0.000000 0.000000    13.375993     0.960913 
59359.833261 0.000000 0.000000    13.456995     0.965640 
59359.870871 0.000000 0.000000    13.537275     0.970366 
59359.908482 0.000000 0.000000    13.616803     0.975088 
59359.946092 0.000000 0.000000    13.695546     0.979805 
59359.983702 0.000000 0.000000    13.773475     0.984516 
59360.021312 0.000000 0.000000    13.850559     0.989219 
59360.058922 0.000000 0.000000    13.926768     0.993914 
59360.096532 0.000000 0.000000    14.002074     0.998598 
59360.134143 0.000000 0.000000    14.076446     1.003271 
59360.171753 0.000000 0.000000    14.149858     1.007932 
59360.209363 0.000000 0.000000    14.222280     1.012579 
59360.246973 0.000000 0.000000    14.293686     1.017212 
59360.284583 0.000000 0.000000    14.364050     1.021829 
59360.322193 0.000000 0.000000    14.433344     1.026429 
59360.359804 0.000000 0.000000    14.501543     1.031012 
59360.397414 0.000000 0.000000    14.568622     1.035577 
59360.435024 0.000000 0.000000    14.634557     1.040122 
59360.472634 0.000000 0.000000    14.699323     1.044647 
59360.510244 0.000000 0.000000    14.762899     1.049152 
59360.547854 0.000000 0.000000    14.825260     1.053635 
59360.585464 0.000000 0.000000    14.886385     1.058096 
59360.623075 0.000000 0.000000    14.946254     1.062535 
59360.660685 0.000000 0.000000    15.004844     1.066949 
59360.698295 0.000000 0.000000    15.062138     1.071340 
59360.735905 0.000000 0.000000    15.118114     1.075707 
59360.773515 0.000000 0.000000    15.172755     1.080048 
59360.811125 0.000000 0.000000    15.226044     1.084364 
59360.848736 0.000000 0.000000    15.277962     1.088654 
59360.886346 0.000000 0.000000    15.328494     1.092918 
59360.923956 0.000000 0.000000    15.377624     1.097155 
59360.961566 0.000000 0.000000    15.425338     1.101365 
59360.999176 0.000000 0.000000    15.471621     1.105547 
59361.036786 0.000000 0.000000    15.516460     1.109702 
59361.074396 0.000000 0.000000    15.559843     1.113829 
59361.112007 0.000000 0.000000    15.601758     1.117927 
59361.149617 0.000000 0.000000    15.642193     1.121997 
59361.187227 0.000000 0.000000    15.681140     1.126038 
59361.224837 0.000000 0.000000    15.718588     1.130051 
59361.262447 0.000000 0.000000    15.754529     1.134034 
59361.300057 0.000000 0.000000    15.788955     1.137988 
59361.337668 0.000000 0.000000    15.821859     1.141913 
59361.375278 0.000000 0.000000    15.853235     1.145808 
59361.412888 0.000000 0.000000    15.883079     1.149674 
59361.450498 0.000000 0.000000    15.911384     1.153511 
59361.488108 0.000000 0.000000    15.938148     1.157317 
59361.525718 0.000000 0.000000    15.963368     1.161095 
59361.563328 0.000000 0.000000    15.987041     1.164842 
59361.600939 0.000000 0.000000    16.009167     1.168560 
59361.638549 0.000000 0.000000    16.029745     1.172248 
59361.676159 0.000000 0.000000    16.048775     1.175906 
59361.713769 0.000000 0.000000    16.066259     1.179535 
59361.751379 0.000000 0.000000    16.082198     1.183134 
59361.788989 0.000000 0.000000    16.096595     1.186704 
59361.826600 0.000000 0.000000    16.109455     1.190245 
59361.864210 0.000000 0.000000    16.120780     1.193756 
59361.901820 0.000000 0.000000    16.130577     1.197237 
59361.939430 0.000000 0.000000    -0.009524     0.003611 
