# time Tc_folded Tref_folded value value_err offset model full_model val_compare val_compare_err residuals residuals_err jitter jitter_flag offset_flag subset_flag 
59332.189797 0.232699 0.000000 0.458000 0.175000 4.302438 -1.056319 -0.271472 -0.326847 0.175000 0.729472 0.175000 1.341292   0   0  -1 
59332.197387 0.240289 0.002613 2.910000 0.175000 4.302438 -1.086352 -0.303493 2.127141 0.175000 3.213493 0.175000 1.341292   0   0  -1 
59332.200011 0.242913 0.003516 1.735000 0.175000 4.302438 -1.096678 -0.314507 0.952828 0.175000 2.049507 0.175000 1.341292   0   0  -1 
59334.234566 -0.627203 0.703959 0.851000 0.173000 4.302438 1.929502 2.212913 0.567588 0.173000 -1.361913 0.173000 1.341292   0   0  -1 
59334.237103 -0.624666 0.704832 1.987000 0.173000 4.302438 1.926430 2.209296 1.704134 0.173000 -0.222296 0.173000 1.341292   0   0  -1 
59334.239600 -0.622169 0.705692 2.424000 0.173000 4.302438 1.923356 2.205685 2.141671 0.173000 0.218315 0.173000 1.341292   0   0  -1 
59335.326035 0.464266 0.079722 -2.561000 0.175000 4.302438 -1.824880 -1.746641 -2.639239 0.175000 -0.814359 0.175000 1.341292   0   0  -1 
59335.330868 0.469099 0.081386 -1.537000 0.175000 4.302438 -1.836822 -1.759340 -1.614481 0.175000 0.222340 0.175000 1.341292   0   0  -1 
59335.333272 0.471503 0.082214 -2.981000 0.175000 4.302438 -1.842686 -1.765581 -3.058105 0.175000 -1.215419 0.175000 1.341292   0   0  -1 
59336.173315 1.311546 0.371418 0.236000 0.172000 4.302438 -0.452099 -0.481972 0.265873 0.172000 0.717972 0.172000 1.341292   0   0  -1 
59336.175692 1.313923 0.372237 -1.289000 0.172000 4.302438 -0.441115 -0.471215 -1.258899 0.172000 -0.817785 0.172000 1.341292   0   0  -1 
59336.181796 1.320027 0.374338 -1.628000 0.172000 4.302438 -0.412874 -0.443558 -1.597316 0.172000 -1.184442 0.172000 1.341292   0   0  -1 
59337.233449 -0.532990 0.736394 0.645000 0.175000 4.302438 1.781183 1.697744 0.728439 0.175000 -1.052744 0.175000 1.341292   0   0  -1 
59337.235931 -0.530508 0.737248 0.810000 0.175000 4.302438 1.776347 1.692904 0.893443 0.175000 -0.882904 0.175000 1.341292   0   0  -1 
59337.244221 -0.522218 0.740102 1.752000 0.175000 4.302438 1.759861 1.676408 1.835454 0.175000 0.075592 0.175000 1.341292   0   0  -1 
59338.188239 0.421800 0.065102 -1.207000 0.182000 4.302438 -1.711581 -1.750368 -1.168212 0.182000 0.543368 0.182000 1.341292   0   0  -1 
59338.190732 0.424293 0.065961 -0.652000 0.181000 4.302438 -1.718635 -1.757179 -0.613455 0.181000 1.105179 0.181000 1.341292   0   0  -1 
59338.193250 0.426811 0.066828 -0.761000 0.182000 4.302438 -1.725710 -1.764008 -0.722702 0.182000 1.003008 0.182000 1.341292   0   0  -1 
59339.264851 -1.406259 0.435751 0.208000 0.179000 4.302438 0.409190 0.541197 0.075993 0.179000 -0.333197 0.179000 1.341292   0   0  -1 
59339.274735 -1.396375 0.439154 1.607000 0.179000 4.302438 0.453147 0.587349 1.472798 0.179000 1.019651 0.179000 1.341292   0   0  -1 
59339.345059 -1.326051 0.463364 1.015000 0.179000 4.302438 0.755855 0.906010 0.864845 0.179000 0.108990 0.179000 1.341292   0   0  -1 
59341.205674 0.534564 0.103924 -2.354000 0.179000 4.302438 -1.977994 -1.188782 -3.143212 0.179000 -1.165218 0.179000 1.341292   0   0  -1 
59341.213678 0.542568 0.106680 -3.217000 0.178000 4.302438 -1.992511 -1.199652 -4.009859 0.178000 -2.017348 0.178000 1.341292   0   0  -1 
59341.216302 0.545192 0.107583 -3.498000 0.178000 4.302438 -1.997135 -1.203079 -4.292057 0.178000 -2.294921 0.178000 1.341292   0   0  -1 
59342.213085 -1.362695 0.450749 2.702000 0.177000 4.302438 0.600493 1.906205 1.396288 0.177000 0.795795 0.177000 1.341292   0   0  -1 
59342.215868 -1.359912 0.451707 3.862000 0.176000 4.302438 0.612485 1.919778 2.554706 0.176000 1.942222 0.176000 1.341292   0   0  -1 
59342.218582 -1.357198 0.452641 3.238000 0.176000 4.302438 0.624150 1.932987 1.929163 0.176000 1.305013 0.176000 1.341292   0   0  -1 
59345.350049 -1.130402 0.530721 0.396000 0.178000 4.302438 1.463684 4.972943 -3.113259 0.178000 -4.576943 0.178000 1.341292   0   0  -1 
59345.352391 -1.128060 0.531527 0.697000 0.178000 4.302438 1.470656 4.981783 -2.814127 0.178000 -4.284783 0.178000 1.341292   0   0  -1 
59345.358459 -1.121992 0.533616 0.736000 0.179000 4.302438 1.488534 5.004503 -2.779969 0.179000 -4.268503 0.179000 1.341292   0   0  -1 
59346.170515 -0.309936 0.813185 0.031000 0.182000 4.302438 1.177148 5.349045 -4.140896 0.182000 -5.318045 0.182000 1.341292   0   0  -1 
59346.172885 -0.307566 0.814001 1.513000 0.182000 4.302438 1.169083 5.342909 -2.660826 0.182000 -3.829909 0.182000 1.341292   0   0  -1 
59346.177612 -0.302839 0.815629 1.929000 0.182000 4.302438 1.152908 5.330583 -2.248675 0.182000 -3.401583 0.182000 1.341292   0   0  -1 
59347.291118 0.810667 0.198979 -2.526000 0.180000 4.302438 -2.090680 2.991459 -7.608140 0.180000 -5.517459 0.180000 1.341292   0   0  -1 
59347.296123 0.815672 0.200702 -3.568000 0.179000 4.302438 -2.085050 3.001114 -8.654164 0.179000 -6.569114 0.179000 1.341292   0   0  -1 
59347.311002 0.830551 0.205824 -3.853000 0.181000 4.302438 -2.066704 3.031419 -8.951123 0.181000 -6.884419 0.181000 1.341292   0   0  -1 
59348.287651 -1.097470 0.542058 -0.128000 0.177000 4.302438 1.558009 7.424098 -5.994089 0.177000 -7.552098 0.177000 1.341292   0   0  -1 
59348.290178 -1.094943 0.542928 -0.579000 0.178000 4.302438 1.564913 7.432934 -6.447021 0.178000 -8.011934 0.178000 1.341292   0   0  -1 
59348.292681 -1.092440 0.543790 1.308000 0.177000 4.302438 1.571703 7.441638 -4.561935 0.177000 -6.133638 0.177000 1.341292   0   0  -1 
59349.121628 -0.263493 0.829174 1.745000 0.175000 4.302438 1.013825 7.496915 -4.738089 0.175000 -5.751915 0.175000 1.341292   0   0  -1 
59349.126921 -0.258200 0.830997 1.471000 0.175000 4.302438 0.994533 7.481391 -5.015858 0.175000 -6.010391 0.175000 1.341292   0   0  -1 
59349.129550 -0.255571 0.831902 0.533000 0.174000 4.302438 0.984902 7.473631 -5.955729 0.174000 -6.940631 0.174000 1.341292   0   0  -1 
59350.304057 0.918936 0.236253 -2.159000 0.176000 4.302438 -1.909400 5.359630 -9.428030 0.176000 -7.518630 0.176000 1.341292   0   0  -1 
59350.306325 0.921204 0.237034 -2.512000 0.176000 4.302438 -1.904309 5.366111 -9.782420 0.176000 -7.878111 0.176000 1.341292   0   0  -1 
59350.313185 0.928064 0.239395 -1.562000 0.175000 4.302438 -1.888602 5.386019 -8.836621 0.175000 -6.948019 0.175000 1.341292   0   0  -1 
59351.202848 -1.086944 0.545682 2.522000 0.173000 4.302438 1.586447 9.366854 -5.258407 0.173000 -6.844854 0.173000 1.341292   0   0  -1 
59351.209430 -1.080362 0.547948 2.306000 0.173000 4.302438 1.603798 9.387648 -5.477850 0.173000 -7.081648 0.173000 1.341292   0   0  -1 
59351.214571 -1.075221 0.549718 2.577000 0.173000 4.302438 1.617119 9.403654 -5.209536 0.173000 -6.826654 0.173000 1.341292   0   0  -1 
59352.100400 -0.189392 0.854685 -1.013000 0.171000 4.302438 0.732479 8.939703 -9.220224 0.171000 -9.952703 0.171000 1.341292   0   0  -1 
59352.102986 -0.186806 0.855576 -1.223000 0.171000 4.302438 0.722255 8.930583 -9.431328 0.171000 -10.153583 0.171000 1.341292   0   0  -1 
59352.111932 -0.177860 0.858656 -0.830000 0.171000 4.302438 0.686699 8.898838 -9.042140 0.171000 -9.728838 0.171000 1.341292   0   0  -1 
59353.256297 0.966505 0.252630 -1.017000 0.183000 4.302438 -1.792177 6.834672 -9.643849 0.183000 -7.851672 0.183000 1.341292   0   0  -1 
59353.261287 0.971495 0.254348 -2.909000 0.184000 4.302438 -1.778641 6.849701 -11.537341 0.184000 -9.758701 0.184000 1.341292   0   0  -1 
59353.273571 0.983779 0.258577 -2.050000 0.184000 4.302438 -1.744350 6.887652 -10.682002 0.184000 -8.937652 0.184000 1.341292   0   0  -1 
59354.281496 -0.912966 0.605578 4.563000 0.187000 4.302438 1.927719 10.804398 -4.313679 0.187000 -6.241398 0.187000 1.341292   0   0  -1 
59354.290542 -0.903920 0.608693 3.585000 0.188000 4.302438 1.938541 10.816927 -5.293386 0.188000 -7.231927 0.188000 1.341292   0   0  -1 
59354.297835 -0.896627 0.611203 4.271000 0.189000 4.302438 1.946754 10.826510 -4.608756 0.189000 -6.555510 0.189000 1.341292   0   0  -1 
59355.149128 -0.045334 0.904281 0.314000 0.179000 4.302438 0.132545 9.135033 -8.688488 0.179000 -8.821033 0.179000 1.341292   0   0  -1 
59355.151962 -0.042500 0.905256 0.496000 0.180000 4.302438 0.120284 9.123061 -8.506777 0.180000 -8.627061 0.180000 1.341292   0   0  -1 
59355.159002 -0.035460 0.907680 0.792000 0.179000 4.302438 0.089781 9.093272 -8.211491 0.179000 -8.301272 0.179000 1.341292   0   0  -1 
59356.201900 1.007438 0.266722 -0.609000 0.178000 4.302438 -1.674529 7.384237 -9.667767 0.178000 -7.993237 0.178000 1.341292   0   0  -1 
59356.211845 1.017383 0.270146 -1.232000 0.178000 4.302438 -1.643739 7.415093 -10.290833 0.178000 -8.647093 0.178000 1.341292   0   0  -1 
59356.217239 1.022777 0.272003 -1.117000 0.178000 4.302438 -1.626693 7.432172 -10.175865 0.178000 -8.549172 0.178000 1.341292   0   0  -1 
59357.255224 -0.843909 0.629353 2.302000 0.188000 4.302438 1.992475 11.014851 -6.720377 0.188000 -8.712851 0.188000 1.341292   0   0  -1 
59357.265503 -0.833630 0.632892 1.459000 0.188000 4.302438 1.998587 11.020203 -7.562616 0.188000 -9.561203 0.188000 1.341292   0   0  -1 
59357.277188 -0.821945 0.636914 3.494000 0.188000 4.302438 2.004424 11.025167 -5.526743 0.188000 -7.531167 0.188000 1.341292   0   0  -1 
59358.119845 0.020712 0.927019 -1.335000 0.178000 4.302438 -0.155249 8.779144 -10.269393 0.178000 -10.114144 0.178000 1.341292   0   0  -1 
59358.129676 0.030543 0.930403 -1.507000 0.179000 4.302438 -0.198288 8.734843 -10.440131 0.179000 -10.241843 0.179000 1.341292   0   0  -1 
59358.137335 0.038202 0.933040 -0.473000 0.178000 4.302438 -0.231820 8.700324 -9.405145 0.178000 -9.173324 0.178000 1.341292   0   0  -1 
59359.215201 1.116068 0.304120 -4.170000 0.178000 4.302438 -1.296633 7.466953 -12.933586 0.178000 -11.636953 0.178000 1.341292   0   0  -1 
59359.265786 1.166653 0.321535 0.097000 0.177000 4.302438 -1.093746 7.660647 -8.657393 0.177000 -7.563647 0.177000 1.341292   0   0  -1 
59359.269109 1.169976 0.322679 -0.931000 0.177000 4.302438 -1.079931 7.673854 -9.684785 0.177000 -8.604854 0.177000 1.341292   0   0  -1 
59332.836022 0.878924 0.222478 -1.370000 0.162000 3.323290 -1.990680 -2.352683 -1.007998 0.162000 0.982683 0.162000 1.083520   1   1  -1 
59332.840022 0.882924 0.223855 -2.074000 0.160000 3.323290 -1.983291 -2.346317 -1.710975 0.160000 0.272317 0.160000 1.083520   1   1  -1 
59332.847022 0.889924 0.226265 -0.987000 0.162000 3.323290 -1.969963 -2.334778 -0.622185 0.162000 1.347778 0.162000 1.083520   1   1  -1 
59334.861022 -0.000747 0.919631 0.284000 0.170000 3.323290 -0.061393 -0.882736 1.105343 0.170000 1.166736 0.170000 1.083520   1   1  -1 
59334.868022 0.006253 0.922041 -0.167000 0.170000 3.323290 -0.091988 -0.914622 0.655634 0.170000 0.747622 0.170000 1.083520   1   1  -1 
59334.872022 0.010253 0.923418 -0.809000 0.170000 3.323290 -0.109482 -0.932852 0.014370 0.170000 0.123852 0.170000 1.083520   1   1  -1 
59336.947022 -0.819417 0.637785 -1.691000 0.172000 3.323290 2.005531 0.947422 -0.632891 0.172000 -2.638422 0.172000 1.083520   1   1  -1 
59336.958022 -0.808417 0.641572 0.141000 0.172000 3.323290 2.009704 0.951280 1.199424 0.172000 -0.810280 0.172000 1.083520   1   1  -1 
59336.962022 -0.804417 0.642949 1.028000 0.172000 3.323290 2.010961 0.952426 2.086536 0.172000 0.075574 0.172000 1.083520   1   1  -1 
59337.837022 0.070583 0.944188 -1.373000 0.168000 3.323290 -0.373392 -1.418849 -0.327543 0.168000 0.045849 0.168000 1.083520   1   1  -1 
59337.844022 0.077583 0.946598 -1.391000 0.169000 3.323290 -0.403913 -1.448951 -0.345962 0.169000 0.057951 0.169000 1.083520   1   1  -1 
59337.852022 0.085583 0.949352 -1.425000 0.170000 3.323290 -0.438739 -1.483292 -0.380447 0.170000 0.058292 0.170000 1.083520   1   1  -1 
59338.901022 1.134583 0.310494 -4.251000 0.172000 3.323290 -1.224073 -2.143948 -3.331125 0.172000 -2.107052 0.172000 1.083520   1   1  -1 
59338.908022 1.141583 0.312904 -2.152000 0.172000 3.323290 -1.196111 -2.114733 -1.233378 0.172000 -0.037267 0.172000 1.083520   1   1  -1 
59338.912022 1.145583 0.314281 -2.065000 0.172000 3.323290 -1.180007 -2.097912 -1.147096 0.172000 0.032912 0.172000 1.083520   1   1  -1 
59339.831022 -0.840088 0.630668 2.413000 0.166000 3.323290 1.994854 1.292348 3.115506 0.166000 1.120652 0.166000 1.083520   1   1  -1 
59339.835022 -0.836088 0.632045 2.587000 0.167000 3.323290 1.997209 1.295863 3.288346 0.167000 1.291137 0.167000 1.083520   1   1  -1 
59339.839022 -0.832088 0.633423 2.260000 0.167000 3.323290 1.999425 1.299241 2.960184 0.167000 0.960759 0.167000 1.083520   1   1  -1 
59341.879022 1.207912 0.335740 -0.825000 0.171000 3.323290 -0.918539 -0.775820 -0.967719 0.171000 -0.049180 0.171000 1.083520   1   1  -1 
59341.883022 1.211912 0.337117 -0.282000 0.171000 3.323290 -0.901159 -0.756311 -0.426848 0.171000 0.474311 0.171000 1.083520   1   1  -1 
59341.886022 1.214912 0.338150 -2.256000 0.171000 3.323290 -0.888083 -0.741637 -2.402446 0.171000 -1.514363 0.171000 1.083520   1   1  -1 
59342.827022 -0.748758 0.662111 2.969000 0.166000 3.323290 2.014124 2.708954 2.274170 0.166000 0.260046 0.166000 1.083520   1   1  -1 
59342.835022 -0.740758 0.664865 3.508000 0.167000 3.323290 2.012389 2.712264 2.808124 0.167000 0.795736 0.167000 1.083520   1   1  -1 
59342.838022 -0.737758 0.665898 2.157000 0.168000 3.323290 2.011597 2.713366 1.455231 0.168000 -0.556366 0.168000 1.083520   1   1  -1 
59343.864022 0.288242 0.019122 -1.467000 0.171000 3.323290 -1.270085 0.126073 -2.863157 0.171000 -1.593073 0.171000 1.083520   1   1  -1 
59343.872022 0.296242 0.021876 -0.375000 0.171000 3.323290 -1.299629 0.102278 -1.776906 0.171000 -0.477278 0.171000 1.083520   1   1  -1 
59343.875022 0.299242 0.022909 0.238000 0.172000 3.323290 -1.310620 0.093444 -1.166064 0.172000 0.144556 0.172000 1.083520   1   1  -1 
59348.951022 -0.434099 0.770439 1.144000 0.157000 3.323290 1.553892 6.935291 -4.237398 0.157000 -5.791291 0.157000 1.083520   1   1  -1 
59348.959022 -0.426099 0.773193 2.201000 0.157000 3.323290 1.532525 6.919715 -3.186190 0.157000 -4.718715 0.157000 1.083520   1   1  -1 
59348.970022 -0.415099 0.776980 1.220000 0.157000 3.323290 1.502453 6.897600 -4.175147 0.157000 -5.677600 0.157000 1.083520   1   1  -1 
59351.925022 -0.364770 0.794308 2.105000 0.154000 3.323290 1.355010 8.506538 -5.046528 0.154000 -6.401538 0.154000 1.083520   1   1  -1 
59351.929022 -0.360770 0.795685 2.686000 0.154000 3.323290 1.342623 8.495934 -4.467311 0.154000 -5.809934 0.154000 1.083520   1   1  -1 
59351.933022 -0.356770 0.797062 2.909000 0.154000 3.323290 1.330140 8.485233 -4.246093 0.154000 -5.576233 0.154000 1.083520   1   1  -1 
59352.840022 0.550230 0.109317 -1.399000 0.167000 3.323290 -2.005825 5.507778 -8.912603 0.167000 -6.906778 0.167000 1.083520   1   1  -1 
59352.851022 0.561230 0.113104 -1.424000 0.168000 3.323290 -2.023932 5.493460 -8.941393 0.168000 -6.917460 0.168000 1.083520   1   1  -1 
59352.855022 0.565230 0.114482 -2.927000 0.169000 3.323290 -2.030219 5.488548 -10.445767 0.169000 -8.415548 0.169000 1.083520   1   1  -1 
59354.913022 -0.281440 0.822996 3.573000 0.171000 3.323290 1.078231 9.074778 -4.423547 0.171000 -5.501778 0.171000 1.083520   1   1  -1 
59354.921022 -0.273440 0.825750 2.322000 0.171000 3.323290 1.049717 9.047260 -5.675544 0.171000 -6.725260 0.171000 1.083520   1   1  -1 
59354.928022 -0.266440 0.828160 2.579000 0.171000 3.323290 1.024509 9.022920 -5.419411 0.171000 -6.443920 0.171000 1.083520   1   1  -1 
59356.918022 -1.181111 0.513263 3.625000 0.169000 3.323290 1.303206 9.367234 -4.439028 0.169000 -5.742234 0.169000 1.083520   1   1  -1 
59356.929022 -1.170111 0.517050 3.251000 0.169000 3.323290 1.339530 9.403010 -4.812480 0.169000 -6.152010 0.169000 1.083520   1   1  -1 
59356.933022 -1.166111 0.518427 4.605000 0.169000 3.323290 1.352535 9.415813 -3.458278 0.169000 -4.810813 0.169000 1.083520   1   1  -1 
59357.975022 -0.124111 0.877160 5.077000 0.172000 3.323290 0.467436 8.440624 -2.896188 0.172000 -3.363624 0.172000 1.083520   1   1  -1 
59357.982022 -0.117111 0.879570 3.576000 0.172000 3.323290 0.438246 8.410595 -4.396349 0.172000 -4.834595 0.172000 1.083520   1   1  -1 
59357.990022 -0.109111 0.882324 3.288000 0.172000 3.323290 0.404729 8.376116 -4.683386 0.172000 -5.088116 0.172000 1.083520   1   1  -1 
59358.889022 0.789889 0.191826 0.254000 0.170000 3.323290 -2.111127 5.730068 -7.587195 0.170000 -5.476068 0.170000 1.083520   1   1  -1 
59358.893022 0.793889 0.193203 -0.296000 0.170000 3.323290 -2.107559 5.732968 -8.136527 0.170000 -6.028968 0.170000 1.083520   1   1  -1 
59358.897022 0.797889 0.194580 0.553000 0.170000 3.323290 -2.103815 5.736043 -7.286858 0.170000 -5.183043 0.170000 1.083520   1   1  -1 
59359.898022 -1.105782 0.539197 2.500000 0.171000 3.323290 1.534964 9.187587 -5.152623 0.171000 -6.687587 0.171000 1.083520   1   1  -1 
59359.901022 -1.102782 0.540230 3.774000 0.171000 3.323290 1.543343 9.195353 -3.878010 0.171000 -5.421353 0.171000 1.083520   1   1  -1 
59359.913022 -1.090782 0.544361 3.551000 0.171000 3.323290 1.576177 9.225735 -4.098558 0.171000 -5.674735 0.171000 1.083520   1   1  -1 
59333.151961 1.194863 0.331247 -2.770000 0.197000 -1.870905 -0.974779 -6.610913 2.866133 0.197000 3.840913 0.197000 1.242189   2   2  -1 
59333.152667 1.195569 0.331490 -1.924000 0.197000 -1.870905 -0.971755 -6.608065 3.712310 0.197000 4.684065 0.197000 1.242189   2   2  -1 
59333.153373 1.196275 0.331733 -2.959000 0.197000 -1.870905 -0.968729 -6.605215 2.677486 0.197000 3.646215 0.197000 1.242189   2   2  -1 
59336.044295 1.182526 0.327000 -3.670000 0.196000 -1.870905 -1.027265 -7.217435 2.520169 0.196000 3.547435 0.196000 1.242189   2   2  -1 
59336.045745 1.183976 0.327499 -1.842000 0.196000 -1.870905 -1.021132 -7.211455 4.348323 0.196000 5.369455 0.196000 1.242189   2   2  -1 
59336.046451 1.184682 0.327742 -2.082000 0.196000 -1.870905 -1.018142 -7.208540 4.108398 0.196000 5.126540 0.196000 1.242189   2   2  -1 
59337.054588 -0.711851 0.674817 0.800000 0.204000 -1.870905 2.001566 -4.253333 7.054899 0.204000 5.053333 0.204000 1.242189   2   2  -1 
59337.055294 -0.711145 0.675060 1.084000 0.204000 -1.870905 2.001213 -4.253700 7.338913 0.204000 5.337700 0.204000 1.242189   2   2  -1 
59337.055999 -0.710440 0.675303 1.685000 0.204000 -1.870905 2.000856 -4.254070 7.939926 0.204000 5.939070 0.204000 1.242189   2   2  -1 
59338.142666 0.376227 0.049413 -3.695000 0.193000 -1.870905 -1.574354 -7.790813 2.521458 0.193000 4.095813 0.193000 1.242189   2   2  -1 
59338.143375 0.376936 0.049657 -4.166000 0.193000 -1.870905 -1.576605 -7.792997 2.050393 0.193000 3.626997 0.193000 1.242189   2   2  -1 
59338.144784 0.378345 0.050142 -3.391000 0.192000 -1.870905 -1.581067 -7.797329 2.825262 0.192000 4.406329 0.192000 1.242189   2   2  -1 
59339.164449 1.398010 0.401185 -0.406000 0.196000 -1.870905 -0.050090 -6.113061 5.656972 0.196000 5.707061 0.196000 1.242189   2   2  -1 
59339.165155 1.398716 0.401428 -2.684000 0.196000 -1.870905 -0.046808 -6.109631 3.378824 0.196000 3.425631 0.196000 1.242189   2   2  -1 
59339.166567 1.400128 0.401914 -0.028000 0.196000 -1.870905 -0.040245 -6.102772 6.034528 0.196000 6.074772 0.196000 1.242189   2   2  -1 
59340.102238 -0.568872 0.724041 1.154000 0.196000 -1.870905 1.845854 -3.967822 6.967676 0.196000 5.121822 0.196000 1.242189   2   2  -1 
59340.103650 -0.567460 0.724527 1.360000 0.196000 -1.870905 1.843496 -3.969725 7.173221 0.196000 5.329725 0.196000 1.242189   2   2  -1 
59340.104356 -0.566754 0.724770 0.898000 0.197000 -1.870905 1.842311 -3.970681 6.710993 0.197000 4.868681 0.197000 1.242189   2   2  -1 
59341.060305 0.389195 0.053878 -1.111000 0.200000 -1.870905 -1.614956 -7.064014 4.338058 0.200000 5.953014 0.200000 1.242189   2   2  -1 
59341.061717 0.390607 0.054364 -1.590000 0.201000 -1.870905 -1.619304 -7.067744 3.858439 0.201000 5.477744 0.201000 1.242189   2   2  -1 
59341.062423 0.391313 0.054607 -1.253000 0.201000 -1.870905 -1.621473 -7.069603 4.195130 0.201000 5.816603 0.201000 1.242189   2   2  -1 
59342.127214 -1.448566 0.421186 0.050000 0.194000 -1.870905 0.218022 -4.698017 4.966040 0.194000 4.748017 0.194000 1.242189   2   2  -1 
59342.128626 -1.447154 0.421672 1.355000 0.194000 -1.870905 0.224471 -4.690779 6.270250 0.194000 6.045779 0.194000 1.242189   2   2  -1 
59342.129333 -1.446447 0.421915 -0.812000 0.194000 -1.870905 0.227698 -4.687157 4.102854 0.194000 3.875157 0.194000 1.242189   2   2  -1 
59343.096509 -0.479271 0.754888 1.988000 0.195000 -1.870905 1.666360 -2.659727 6.314086 0.195000 4.647727 0.195000 1.242189   2   2  -1 
59343.097921 -0.477859 0.755374 2.506000 0.195000 -1.870905 1.663059 -2.662101 6.831161 0.195000 5.168101 0.195000 1.242189   2   2  -1 
59343.098626 -0.477154 0.755617 2.200000 0.195000 -1.870905 1.661406 -2.663292 6.524698 0.195000 4.863292 0.195000 1.242189   2   2  -1 
59345.087496 -1.392955 0.440331 -0.696000 0.201000 -1.870905 0.468286 -2.404027 2.176313 0.201000 1.708027 0.201000 1.242189   2   2  -1 
59345.088908 -1.391543 0.440817 1.858000 0.200000 -1.870905 0.474525 -2.396675 4.729200 0.200000 4.254675 0.200000 1.242189   2   2  -1 
59345.089615 -1.390836 0.441061 1.968000 0.200000 -1.870905 0.477647 -2.392996 4.838642 0.200000 4.360996 0.200000 1.242189   2   2  -1 
59347.165174 0.684723 0.155620 -2.802000 0.196000 -1.870905 -2.141512 -3.334180 -1.609332 0.196000 0.532180 0.196000 1.242189   2   2  -1 
59347.165880 0.685429 0.155863 -1.935000 0.196000 -1.870905 -2.141715 -3.333813 -0.742902 0.196000 1.398813 0.196000 1.242189   2   2  -1 
59347.166589 0.686138 0.156107 -4.061000 0.196000 -1.870905 -2.141913 -3.333439 -2.869474 0.196000 -0.727561 0.196000 1.242189   2   2  -1 
59349.156919 -0.228202 0.841324 1.677000 0.194000 -1.870905 0.882764 1.217600 1.342165 0.194000 0.459400 0.194000 1.242189   2   2  -1 
59349.159037 -0.226084 0.842053 0.724000 0.194000 -1.870905 0.874723 1.211060 0.387662 0.194000 -0.487060 0.194000 1.242189   2   2  -1 
59349.159743 -0.225378 0.842296 2.045000 0.195000 -1.870905 0.872038 1.208876 1.708161 0.195000 0.836124 0.195000 1.242189   2   2  -1 
59351.095299 -1.194493 0.508656 3.229000 0.199000 -1.870905 1.257927 2.808098 1.678830 0.199000 0.420902 0.199000 1.242189   2   2  -1 
59351.096005 -1.193787 0.508899 1.539000 0.199000 -1.870905 1.260346 2.810893 -0.011548 0.199000 -1.271893 0.199000 1.242189   2   2  -1 
59351.097417 -1.192375 0.509385 0.629000 0.199000 -1.870905 1.265172 2.816475 -0.922302 0.199000 -2.187475 0.199000 1.242189   2   2  -1 
59352.132027 -0.157765 0.865574 0.491000 0.196000 -1.870905 0.605804 2.653130 -1.556327 0.196000 -2.162130 0.196000 1.242189   2   2  -1 
59352.134142 -0.155650 0.866302 1.053000 0.195000 -1.870905 0.597211 2.645433 -0.995222 0.195000 -1.592433 0.195000 1.242189   2   2  -1 
59352.134848 -0.154944 0.866545 -0.236000 0.195000 -1.870905 0.594339 2.642860 -2.284521 0.195000 -2.878860 0.195000 1.242189   2   2  -1 
59358.106134 0.007001 0.922298 2.204000 0.216000 -1.870905 -0.095258 2.667542 -0.558800 0.216000 -0.463542 0.216000 1.242189   2   2  -1 
59358.106840 0.007707 0.922541 4.348000 0.216000 -1.870905 -0.098345 2.664365 1.585290 0.216000 1.683635 0.216000 1.242189   2   2  -1 
59358.108959 0.009826 0.923271 5.673000 0.216000 -1.870905 -0.107613 2.654827 2.910560 0.216000 3.018173 0.216000 1.242189   2   2  -1 
59359.054266 0.955133 0.248715 1.143000 0.217000 -1.870905 -1.822164 0.796644 -1.475807 0.217000 0.346356 0.217000 1.242189   2   2  -1 
59359.056384 0.957251 0.249444 1.230000 0.218000 -1.870905 -1.816670 0.801768 -1.388438 0.218000 0.428232 0.218000 1.242189   2   2  -1 
59359.057090 0.957957 0.249687 0.803000 0.218000 -1.870905 -1.814830 0.803486 -1.815315 0.218000 -0.000486 0.218000 1.242189   2   2  -1 
59360.145042 -0.858762 0.624240 3.290000 0.210000 -1.870905 1.982025 4.389197 0.882829 0.210000 -1.099197 0.210000 1.242189   2   2  -1 
59360.146454 -0.857350 0.624726 4.504000 0.210000 -1.870905 1.983101 4.389975 2.097126 0.210000 0.114025 0.210000 1.242189   2   2  -1 
59360.147195 -0.856609 0.624981 4.142000 0.209000 -1.870905 1.983659 4.390376 1.735283 0.209000 -0.248376 0.209000 1.242189   2   2  -1 
59333.170022 1.212924 0.337465 0.709000 0.283000 -2.436891 -0.896754 -7.103384 6.915630 0.283000 7.812384 0.283000 2.019469   3   3  -1 
59333.173022 1.215924 0.338498 1.695000 0.282000 -2.436891 -0.883666 -7.091044 7.902378 0.282000 8.786044 0.282000 2.019469   3   3  -1 
59333.174022 1.216924 0.338842 2.281000 0.282000 -2.436891 -0.879296 -7.086923 8.488628 0.282000 9.367923 0.282000 2.019469   3   3  -1 
59334.195022 -0.666747 0.690345 3.086000 0.287000 -2.436891 1.970575 -4.476802 9.533377 0.287000 7.562802 0.287000 2.019469   3   3  -1 
59334.199022 -0.662747 0.691722 4.264000 0.288000 -2.436891 1.967006 -4.481238 10.712244 0.288000 8.745238 0.288000 2.019469   3   3  -1 
59334.200022 -0.661747 0.692066 4.215000 0.288000 -2.436891 1.966093 -4.482367 10.663460 0.288000 8.697367 0.288000 2.019469   3   3  -1 
59335.191022 0.329253 0.033241 1.212000 0.286000 -2.436891 -1.417779 -8.057106 7.851327 0.286000 9.269106 0.286000 2.019469   3   3  -1 
59335.193022 0.331253 0.033930 1.663000 0.287000 -2.436891 -1.424733 -8.064390 8.302658 0.287000 9.727390 0.287000 2.019469   3   3  -1 
59335.194022 0.332253 0.034274 1.510000 0.287000 -2.436891 -1.428200 -8.068023 8.149823 0.287000 9.578023 0.287000 2.019469   3   3  -1 
59336.256022 1.394253 0.399892 -0.495000 0.279000 -2.436891 -0.067558 -6.844428 6.281870 0.279000 6.349428 0.279000 2.019469   3   3  -1 
59336.258022 1.396253 0.400581 -3.726000 0.281000 -2.436891 -0.058256 -6.835305 3.051049 0.281000 3.109305 0.281000 2.019469   3   3  -1 
59336.260022 1.398253 0.401269 -2.396000 0.280000 -2.436891 -0.048957 -6.826184 4.381227 0.280000 4.430184 0.280000 2.019469   3   3  -1 
59337.143022 -0.623417 0.705262 3.258000 0.278000 -2.436891 1.924899 -4.897301 10.080201 0.278000 8.155301 0.278000 2.019469   3   3  -1 
59337.145022 -0.621417 0.705951 3.317000 0.278000 -2.436891 1.922421 -4.899801 10.139222 0.278000 8.216801 0.278000 2.019469   3   3  -1 
59337.146022 -0.620417 0.706295 3.531000 0.279000 -2.436891 1.921170 -4.901062 10.353232 0.279000 8.432062 0.279000 2.019469   3   3  -1 
59338.236022 0.469583 0.081553 -2.499000 0.278000 -2.436891 -1.838005 -8.611340 4.274335 0.278000 6.112340 0.278000 2.019469   3   3  -1 
59338.238022 0.471583 0.082241 -2.433000 0.278000 -2.436891 -1.842879 -8.616009 4.340129 0.278000 6.183009 0.278000 2.019469   3   3  -1 
59338.240022 0.473583 0.082930 -2.325000 0.277000 -2.436891 -1.847719 -8.620642 4.447923 0.277000 6.295642 0.277000 2.019469   3   3  -1 
59339.159022 1.392583 0.399317 0.880000 0.279000 -2.436891 -0.075329 -6.705422 7.510093 0.279000 7.585422 0.279000 2.019469   3   3  -1 
59339.160022 1.393583 0.399661 3.202000 0.279000 -2.436891 -0.070677 -6.700561 9.831885 0.279000 9.902561 0.279000 2.019469   3   3  -1 
59339.161022 1.394583 0.400005 3.749000 0.279000 -2.436891 -0.066025 -6.695701 10.378675 0.279000 10.444701 0.279000 2.019469   3   3  -1 
59340.160022 -0.511088 0.743934 6.836000 0.276000 -2.436891 1.736923 -4.623896 13.196819 0.276000 11.459896 0.276000 2.019469   3   3  -1 
59340.162022 -0.509088 0.744623 3.335000 0.275000 -2.436891 1.732704 -4.627455 9.695159 0.275000 7.962455 0.275000 2.019469   3   3  -1 
59340.165022 -0.506088 0.745656 5.784000 0.275000 -2.436891 1.726321 -4.632849 12.143169 0.275000 10.416849 0.275000 2.019469   3   3  -1 
59341.153022 0.481912 0.085797 0.511000 0.270000 -2.436891 -1.867500 -7.841421 6.484921 0.270000 8.352421 0.270000 2.019469   3   3  -1 
59341.154022 0.482912 0.086142 2.216000 0.272000 -2.436891 -1.869833 -7.843305 8.189472 0.272000 10.059305 0.272000 2.019469   3   3  -1 
59341.155022 0.483912 0.086486 -0.466000 0.272000 -2.436891 -1.872158 -7.845181 5.507023 0.272000 7.379181 0.272000 2.019469   3   3  -1 
59343.263022 -0.312758 0.812214 2.930000 0.272000 -2.436891 1.186713 -3.594986 7.711700 0.272000 6.524986 0.272000 2.019469   3   3  -1 
59343.268022 -0.307758 0.813935 3.136000 0.270000 -2.436891 1.169739 -3.608608 7.914348 0.270000 6.744608 0.270000 2.019469   3   3  -1 
59343.271022 -0.304758 0.814968 3.825000 0.269000 -2.436891 1.159491 -3.616845 8.601335 0.269000 7.441845 0.269000 2.019469   3   3  -1 
59344.197022 0.621242 0.133765 2.570000 0.289000 -2.436891 -2.101154 -6.222062 6.690908 0.289000 8.792062 0.289000 2.019469   3   3  -1 
59344.199022 0.623242 0.134453 1.134000 0.289000 -2.436891 -2.103084 -6.222509 5.253426 0.289000 7.356509 0.289000 2.019469   3   3  -1 
59344.200022 0.624242 0.134798 2.434000 0.288000 -2.436891 -2.104033 -6.222717 6.552684 0.288000 8.656717 0.288000 2.019469   3   3  -1 
59345.303022 -1.177429 0.514531 2.932000 0.279000 -2.436891 1.315456 -1.952091 6.199547 0.279000 4.884091 0.279000 2.019469   3   3  -1 
59345.305022 -1.175429 0.515219 3.951000 0.279000 -2.436891 1.322071 -1.943883 7.216955 0.279000 5.894883 0.279000 2.019469   3   3  -1 
59345.309022 -1.171429 0.516597 5.538000 0.278000 -2.436891 1.335221 -1.927548 8.800770 0.278000 7.465548 0.278000 2.019469   3   3  -1 
59346.243022 -0.237429 0.838148 0.780000 0.281000 -2.436891 0.917570 -1.590808 3.288378 0.281000 2.370808 0.281000 2.019469   3   3  -1 
59346.244022 -0.236429 0.838492 0.494000 0.281000 -2.436891 0.913816 -1.593747 3.001563 0.281000 2.087747 0.281000 2.019469   3   3  -1 
59346.247022 -0.233429 0.839525 0.204000 0.281000 -2.436891 0.902526 -1.602593 2.709119 0.281000 1.806593 0.281000 2.019469   3   3  -1 
59347.181022 0.700571 0.161076 0.070000 0.282000 -2.436891 -2.144753 -3.890619 1.815866 0.282000 3.960619 0.282000 2.019469   3   3  -1 
59347.182022 0.701571 0.161420 0.614000 0.282000 -2.436891 -2.144865 -3.889925 2.359060 0.282000 4.503925 0.282000 2.019469   3   3  -1 
59347.183022 0.702571 0.161764 -0.833000 0.283000 -2.436891 -2.144966 -3.889219 0.911253 0.283000 3.056219 0.283000 2.019469   3   3  -1 
59348.175022 -1.210099 0.503283 4.025000 0.280000 -2.436891 1.203649 0.243949 4.984700 0.280000 3.781051 0.280000 2.019469   3   3  -1 
59348.176022 -1.209099 0.503628 2.354000 0.281000 -2.436891 1.207173 0.248244 3.312929 0.281000 2.105756 0.281000 2.019469   3   3  -1 
59348.177022 -1.208099 0.503972 3.492000 0.281000 -2.436891 1.210692 0.252533 4.450159 0.281000 3.239467 0.281000 2.019469   3   3  -1 
59349.164022 -0.221099 0.843769 3.401000 0.279000 -2.436891 0.855719 0.629606 3.627113 0.279000 2.771394 0.279000 2.019469   3   3  -1 
59349.166022 -0.219099 0.844458 4.625000 0.279000 -2.436891 0.848066 0.623371 4.849695 0.279000 4.001629 0.279000 2.019469   3   3  -1 
59349.167022 -0.218099 0.844802 4.996000 0.279000 -2.436891 0.844233 0.620247 5.219986 0.279000 4.375753 0.279000 2.019469   3   3  -1 
59350.332022 0.946901 0.245880 -1.051000 0.260000 -2.436891 -1.843113 -1.296308 -1.597805 0.260000 0.245308 0.260000 2.019469   3   3  -1 
59350.334022 0.948901 0.246569 -0.159000 0.260000 -2.436891 -1.838082 -1.290057 -0.707025 0.260000 1.131057 0.260000 2.019469   3   3  -1 
59350.335022 0.949901 0.246913 -1.098000 0.260000 -2.436891 -1.835553 -1.286918 -1.646635 0.260000 0.188918 0.260000 2.019469   3   3  -1 
59351.292022 -0.997770 0.576383 2.287000 0.253000 -2.436891 1.792464 2.879799 1.199665 0.253000 -0.592799 0.253000 2.019469   3   3  -1 
59351.293022 -0.996770 0.576727 3.019000 0.253000 -2.436891 1.794410 2.882259 1.931151 0.253000 0.136741 0.253000 2.019469   3   3  -1 
59351.294022 -0.995770 0.577071 1.036000 0.253000 -2.436891 1.796348 2.884711 -0.052363 0.253000 -1.848711 0.253000 2.019469   3   3  -1 
59352.321022 0.031230 0.930640 -1.660000 0.244000 -2.436891 -0.201297 1.358095 -3.219391 0.244000 -3.018095 0.244000 2.019469   3   3  -1 
59352.323022 0.033230 0.931328 0.440000 0.244000 -2.436891 -0.210053 1.350143 -1.120196 0.244000 -0.910143 0.244000 2.019469   3   3  -1 
59352.325022 0.035230 0.932017 -1.710000 0.244000 -2.436891 -0.218809 1.342191 -3.271001 0.244000 -3.052191 0.244000 2.019469   3   3  -1 
59353.239022 0.949230 0.246682 1.917000 0.240000 -2.436891 -1.837250 0.045085 0.034665 0.240000 1.871915 0.240000 2.019469   3   3  -1 
59353.241022 0.951230 0.247371 1.747000 0.243000 -2.436891 -1.832176 0.050761 -0.135937 0.243000 1.696239 0.243000 2.019469   3   3  -1 
59353.242022 0.952230 0.247715 1.794000 0.243000 -2.436891 -1.829624 0.053613 -0.089237 0.243000 1.740387 0.243000 2.019469   3   3  -1 
59355.273022 0.078560 0.946934 3.057000 0.248000 -2.436891 -0.408168 1.866895 0.781936 0.248000 1.190105 0.248000 2.019469   3   3  -1 
59355.277022 0.082560 0.948311 1.874000 0.247000 -2.436891 -0.425586 1.849838 -0.401424 0.247000 0.024162 0.247000 2.019469   3   3  -1 
59355.281022 0.086560 0.949688 -0.629000 0.248000 -2.436891 -0.442987 1.832795 -2.904782 0.248000 -2.461795 0.248000 2.019469   3   3  -1 
59356.227022 1.032560 0.275371 1.749000 0.261000 -2.436891 -1.595166 0.724423 -0.570589 0.261000 1.024577 0.261000 2.019469   3   3  -1 
59356.230022 1.035560 0.276403 1.336000 0.256000 -2.436891 -1.585343 0.734260 -0.983603 0.256000 0.601740 0.256000 2.019469   3   3  -1 
59356.232022 1.037560 0.277092 1.094000 0.257000 -2.436891 -1.578754 0.740859 -1.225612 0.257000 0.353141 0.257000 2.019469   3   3  -1 
59357.201022 -0.898111 0.610693 6.275000 0.253000 -2.436891 1.945121 4.232057 3.988064 0.253000 2.042943 0.253000 2.019469   3   3  -1 
59357.202022 -0.897111 0.611037 3.421000 0.252000 -2.436891 1.946224 4.233090 1.134134 0.252000 -0.812090 0.252000 2.019469   3   3  -1 
59357.205022 -0.894111 0.612070 5.666000 0.254000 -2.436891 1.949482 4.236138 3.379344 0.254000 1.429862 0.254000 2.019469   3   3  -1 
59358.219022 0.119889 0.961163 4.652000 0.264000 -2.436891 -0.587185 1.594904 2.469911 0.264000 3.057096 0.264000 2.019469   3   3  -1 
59358.220022 0.120889 0.961507 4.878000 0.263000 -2.436891 -0.591485 1.590470 2.696045 0.263000 3.287530 0.263000 2.019469   3   3  -1 
59358.223022 0.123889 0.962540 6.813000 0.264000 -2.436891 -0.604374 1.577179 4.631446 0.264000 5.235821 0.264000 2.019469   3   3  -1 
59359.157022 1.057889 0.284091 3.636000 0.261000 -2.436891 -1.510001 0.524704 1.601295 0.261000 3.111296 0.261000 2.019469   3   3  -1 
59359.158022 1.058889 0.284435 2.027000 0.261000 -2.436891 -1.506537 0.527989 -0.007526 0.261000 1.499011 0.261000 2.019469   3   3  -1 
59359.159022 1.059889 0.284779 2.225000 0.262000 -2.436891 -1.503066 0.531282 0.190652 0.262000 1.693718 0.262000 2.019469   3   3  -1 
