# time model 
59329.394057 -1.633449 
59329.405285 -1.634749 
59329.416513 -1.636053 
59329.427741 -1.637359 
59329.438969 -1.638669 
59329.450197 -1.639983 
59329.461424 -1.641299 
59329.472652 -1.642619 
59329.483880 -1.643942 
59329.495108 -1.645269 
59329.506336 -1.646598 
59329.517564 -1.647931 
59329.528792 -1.649267 
59329.540020 -1.650606 
59329.551247 -1.651949 
59329.562475 -1.653294 
59329.573703 -1.654643 
59329.584931 -1.655995 
59329.596159 -1.657350 
59329.607387 -1.658708 
59329.618615 -1.660069 
59329.629842 -1.661433 
59329.641070 -1.662800 
59329.652298 -1.664171 
59329.663526 -1.665544 
59329.674754 -1.666920 
59329.685982 -1.668300 
59329.697210 -1.669682 
59329.708438 -1.671067 
59329.719665 -1.672456 
59329.730893 -1.673847 
59329.742121 -1.675241 
59329.753349 -1.676638 
59329.764577 -1.678038 
59329.775805 -1.679441 
59329.787033 -1.680847 
59329.798261 -1.682256 
59329.809488 -1.683668 
59329.820716 -1.685082 
59329.831944 -1.686499 
59329.843172 -1.687919 
59329.854400 -1.689342 
59329.865628 -1.690768 
59329.876856 -1.692196 
59329.888084 -1.693628 
59329.899311 -1.695061 
59329.910539 -1.696498 
59329.921767 -1.697938 
59329.932995 -1.699380 
59329.944223 -1.700825 
59329.955451 -1.702272 
59329.966679 -1.703722 
59329.977906 -1.705175 
59329.989134 -1.706631 
59330.000362 -1.708089 
59330.011590 -1.709549 
59330.022818 -1.711013 
59330.034046 -1.712479 
59330.045274 -1.713947 
59330.056502 -1.715418 
59330.067729 -1.716892 
59330.078957 -1.718368 
59330.090185 -1.719846 
59330.101413 -1.721327 
59330.112641 -1.722811 
59330.123869 -1.724297 
59330.135097 -1.725785 
59330.146325 -1.727276 
59330.157552 -1.728770 
59330.168780 -1.730266 
59330.180008 -1.731764 
59330.191236 -1.733265 
59330.202464 -1.734767 
59330.213692 -1.736273 
59330.224920 -1.737781 
59330.236148 -1.739291 
59330.247375 -1.740803 
59330.258603 -1.742318 
59330.269831 -1.743835 
59330.281059 -1.745354 
59330.292287 -1.746875 
59330.303515 -1.748399 
59330.314743 -1.749925 
59330.325970 -1.751453 
59330.337198 -1.752984 
59330.348426 -1.754516 
59330.359654 -1.756051 
59330.370882 -1.757588 
59330.382110 -1.759127 
59330.393338 -1.760668 
59330.404566 -1.762212 
59330.415793 -1.763757 
59330.427021 -1.765305 
59330.438249 -1.766854 
59330.449477 -1.768406 
59330.460705 -1.769960 
59330.471933 -1.771516 
59330.483161 -1.773074 
59330.494389 -1.774634 
59330.505616 -1.776195 
59330.516844 -1.777759 
59330.528072 -1.779325 
59330.539300 -1.780893 
59330.550528 -1.782463 
59330.561756 -1.784034 
59330.572984 -1.785608 
59330.584211 -1.787183 
59330.595439 -1.788761 
59330.606667 -1.790340 
59330.617895 -1.791921 
59330.629123 -1.793504 
59330.640351 -1.795089 
59330.651579 -1.796675 
59330.662807 -1.798264 
59330.674034 -1.799854 
59330.685262 -1.801446 
59330.696490 -1.803039 
59330.707718 -1.804635 
59330.718946 -1.806232 
59330.730174 -1.807831 
59330.741402 -1.809431 
59330.752630 -1.811034 
59330.763857 -1.812638 
59330.775085 -1.814243 
59330.786313 -1.815850 
59330.797541 -1.817459 
59330.808769 -1.819070 
59330.819997 -1.820682 
59330.831225 -1.822296 
59330.842453 -1.823911 
59330.853680 -1.825528 
59330.864908 -1.827146 
59330.876136 -1.828766 
59330.887364 -1.830387 
59330.898592 -1.832010 
59330.909820 -1.833634 
59330.921048 -1.835260 
59330.932275 -1.836888 
59330.943503 -1.838516 
59330.954731 -1.840147 
59330.965959 -1.841778 
59330.977187 -1.843411 
59330.988415 -1.845046 
59330.999643 -1.846681 
59331.010871 -1.848319 
59331.022098 -1.849957 
59331.033326 -1.851597 
59331.044554 -1.853238 
59331.055782 -1.854880 
59331.067010 -1.856524 
59331.078238 -1.858169 
59331.089466 -1.859815 
59331.100694 -1.861463 
59331.111921 -1.863111 
59331.123149 -1.864761 
59331.134377 -1.866412 
59331.145605 -1.868065 
59331.156833 -1.869718 
59331.168061 -1.871373 
59331.179289 -1.873029 
59331.190517 -1.874686 
59331.201744 -1.876344 
59331.212972 -1.878003 
59331.224200 -1.879663 
59331.235428 -1.881324 
59331.246656 -1.882986 
59331.257884 -1.884650 
59331.269112 -1.886314 
59331.280339 -1.887980 
59331.291567 -1.889646 
59331.302795 -1.891313 
59331.314023 -1.892982 
59331.325251 -1.894651 
59331.336479 -1.896321 
59331.347707 -1.897992 
59331.358935 -1.899665 
59331.370162 -1.901337 
59331.381390 -1.903011 
59331.392618 -1.904686 
59331.403846 -1.906362 
59331.415074 -1.908038 
59331.426302 -1.909715 
59331.437530 -1.911393 
59331.448758 -1.913072 
59331.459985 -1.914752 
59331.471213 -1.916432 
59331.482441 -1.918113 
59331.493669 -1.919795 
59331.504897 -1.921478 
59331.516125 -1.923161 
59331.527353 -1.924845 
59331.538580 -1.926529 
59331.549808 -1.928215 
59331.561036 -1.929901 
59331.572264 -1.931587 
59331.583492 -1.933274 
59331.594720 -1.934962 
59331.605948 -1.936651 
59331.617176 -1.938339 
59331.628403 -1.940029 
59331.639631 -1.941719 
59331.650859 -1.943410 
59331.662087 -1.945101 
59331.673315 -1.946792 
59331.684543 -1.948484 
59331.695771 -1.950177 
59331.706999 -1.951870 
59331.718226 -1.953563 
59331.729454 -1.955257 
59331.740682 -1.956951 
59331.751910 -1.958646 
59331.763138 -1.960341 
59331.774366 -1.962037 
59331.785594 -1.963732 
59331.796822 -1.965428 
59331.808049 -1.967125 
59331.819277 -1.968821 
59331.830505 -1.970518 
59331.841733 -1.972216 
59331.852961 -1.973913 
59331.864189 -1.975611 
59331.875417 -1.977309 
59331.886644 -1.979007 
59331.897872 -1.980706 
59331.909100 -1.982404 
59331.920328 -1.984103 
59331.931556 -1.985802 
59331.942784 -1.987501 
59331.954012 -1.989200 
59331.965240 -1.990900 
59331.976467 -1.992599 
59331.987695 -1.994299 
59331.998923 -1.995998 
59332.010151 -1.997698 
59332.021379 -1.999397 
59332.032607 -2.001097 
59332.043835 -2.002797 
59332.055063 -2.004497 
59332.066290 -2.006196 
59332.077518 -2.007896 
59332.088746 -2.009595 
59332.099974 -2.011295 
59332.111202 -2.012994 
59332.122430 -2.014694 
59332.133658 -2.016393 
59332.144886 -2.018092 
59332.156113 -2.019791 
59332.167341 -2.021489 
59332.178569 -2.023188 
59332.189797 -2.024886 
59332.201025 -2.026585 
59332.212253 -2.028283 
59332.223481 -2.029980 
59332.234708 -2.031678 
59332.245936 -2.033375 
59332.257164 -2.035072 
59332.268392 -2.036769 
59332.279620 -2.038465 
59332.290848 -2.040161 
59332.302076 -2.041857 
59332.313304 -2.043552 
59332.324531 -2.045247 
59332.335759 -2.046941 
59332.346987 -2.048636 
59332.358215 -2.050329 
59332.369443 -2.052023 
59332.380671 -2.053716 
59332.391899 -2.055408 
59332.403127 -2.057100 
59332.414354 -2.058791 
59332.425582 -2.060482 
59332.436810 -2.062173 
59332.448038 -2.063862 
59332.459266 -2.065552 
59332.470494 -2.067240 
59332.481722 -2.068929 
59332.492950 -2.070616 
59332.504177 -2.072303 
59332.515405 -2.073989 
59332.526633 -2.075675 
59332.537861 -2.077360 
59332.549089 -2.079044 
59332.560317 -2.080728 
59332.571545 -2.082411 
59332.582772 -2.084093 
59332.594000 -2.085774 
59332.605228 -2.087455 
59332.616456 -2.089135 
59332.627684 -2.090814 
59332.638912 -2.092493 
59332.650140 -2.094170 
59332.661368 -2.095847 
59332.672595 -2.097523 
59332.683823 -2.099198 
59332.695051 -2.100872 
59332.706279 -2.102545 
59332.717507 -2.104217 
59332.728735 -2.105889 
59332.739963 -2.107559 
59332.751191 -2.109229 
59332.762418 -2.110897 
59332.773646 -2.112565 
59332.784874 -2.114231 
59332.796102 -2.115897 
59332.807330 -2.117561 
59332.818558 -2.119225 
59332.829786 -2.120887 
59332.841013 -2.122548 
59332.852241 -2.124209 
59332.863469 -2.125868 
59332.874697 -2.127526 
59332.885925 -2.129183 
59332.897153 -2.130838 
59332.908381 -2.132493 
59332.919609 -2.134146 
59332.930836 -2.135798 
59332.942064 -2.137449 
59332.953292 -2.139099 
59332.964520 -2.140747 
59332.975748 -2.142394 
59332.986976 -2.144040 
59332.998204 -2.145685 
59333.009432 -2.147328 
59333.020659 -2.148970 
59333.031887 -2.150611 
59333.043115 -2.152250 
59333.054343 -2.153888 
59333.065571 -2.155524 
59333.076799 -2.157160 
59333.088027 -2.158793 
59333.099255 -2.160425 
59333.110482 -2.162056 
59333.121710 -2.163685 
59333.132938 -2.165313 
59333.144166 -2.166940 
59333.155394 -2.168564 
59333.166622 -2.170188 
59333.177850 -2.171809 
59333.189077 -2.173430 
59333.200305 -2.175048 
59333.211533 -2.176665 
59333.222761 -2.178281 
59333.233989 -2.179894 
59333.245217 -2.181507 
59333.256445 -2.183117 
59333.267673 -2.184726 
59333.278900 -2.186333 
59333.290128 -2.187938 
59333.301356 -2.189542 
59333.312584 -2.191144 
59333.323812 -2.192744 
59333.335040 -2.194343 
59333.346268 -2.195939 
59333.357496 -2.197534 
59333.368723 -2.199127 
59333.379951 -2.200719 
59333.391179 -2.202308 
59333.402407 -2.203896 
59333.413635 -2.205481 
59333.424863 -2.207065 
59333.436091 -2.208647 
59333.447319 -2.210227 
59333.458546 -2.211805 
59333.469774 -2.213381 
59333.481002 -2.214955 
59333.492230 -2.216527 
59333.503458 -2.218097 
59333.514686 -2.219665 
59333.525914 -2.221231 
59333.537141 -2.222795 
59333.548369 -2.224357 
59333.559597 -2.225917 
59333.570825 -2.227474 
59333.582053 -2.229030 
59333.593281 -2.230584 
59333.604509 -2.232135 
59333.615737 -2.233684 
59333.626964 -2.235231 
59333.638192 -2.236776 
59333.649420 -2.238318 
59333.660648 -2.239859 
59333.671876 -2.241397 
59333.683104 -2.242933 
59333.694332 -2.244466 
59333.705560 -2.245998 
59333.716787 -2.247527 
59333.728015 -2.249054 
59333.739243 -2.250578 
59333.750471 -2.252100 
59333.761699 -2.253620 
59333.772927 -2.255137 
59333.784155 -2.256652 
59333.795383 -2.258164 
59333.806610 -2.259674 
59333.817838 -2.261182 
59333.829066 -2.262687 
59333.840294 -2.264189 
59333.851522 -2.265689 
59333.862750 -2.267187 
59333.873978 -2.268682 
59333.885205 -2.270175 
59333.896433 -2.271665 
59333.907661 -2.273152 
59333.918889 -2.274637 
59333.930117 -2.276119 
59333.941345 -2.277599 
59333.952573 -2.279076 
59333.963801 -2.280550 
59333.975028 -2.282022 
59333.986256 -2.283491 
59333.997484 -2.284957 
59334.008712 -2.286420 
59334.019940 -2.287881 
59334.031168 -2.289339 
59334.042396 -2.290794 
59334.053624 -2.292247 
59334.064851 -2.293697 
59334.076079 -2.295143 
59334.087307 -2.296587 
59334.098535 -2.298029 
59334.109763 -2.299467 
59334.120991 -2.300902 
59334.132219 -2.302335 
59334.143446 -2.303765 
59334.154674 -2.305191 
59334.165902 -2.306615 
59334.177130 -2.308036 
59334.188358 -2.309454 
59334.199586 -2.310869 
59334.210814 -2.312280 
59334.222042 -2.313689 
59334.233269 -2.315095 
59334.244497 -2.316498 
59334.255725 -2.317898 
59334.266953 -2.319294 
59334.278181 -2.320688 
59334.289409 -2.322078 
59334.300637 -2.323465 
59334.311865 -2.324849 
59334.323092 -2.326230 
59334.334320 -2.327608 
59334.345548 -2.328982 
59334.356776 -2.330354 
59334.368004 -2.331722 
59334.379232 -2.333087 
59334.390460 -2.334448 
59334.401688 -2.335806 
59334.412915 -2.337161 
59334.424143 -2.338513 
59334.435371 -2.339862 
59334.446599 -2.341207 
59334.457827 -2.342548 
59334.469055 -2.343886 
59334.480283 -2.345221 
59334.491510 -2.346553 
59334.502738 -2.347881 
59334.513966 -2.349206 
59334.525194 -2.350527 
59334.536422 -2.351844 
59334.547650 -2.353159 
59334.558878 -2.354469 
59334.570106 -2.355777 
59334.581333 -2.357080 
59334.592561 -2.358380 
59334.603789 -2.359677 
59334.615017 -2.360970 
59334.626245 -2.362259 
59334.637473 -2.363545 
59334.648701 -2.364827 
59334.659929 -2.366106 
59334.671156 -2.367380 
59334.682384 -2.368652 
59334.693612 -2.369919 
59334.704840 -2.371183 
59334.716068 -2.372443 
59334.727296 -2.373699 
59334.738524 -2.374951 
59334.749752 -2.376200 
59334.760979 -2.377445 
59334.772207 -2.378686 
59334.783435 -2.379924 
59334.794663 -2.381157 
59334.805891 -2.382387 
59334.817119 -2.383612 
59334.828347 -2.384834 
59334.839574 -2.386052 
59334.850802 -2.387266 
59334.862030 -2.388476 
59334.873258 -2.389683 
59334.884486 -2.390885 
59334.895714 -2.392083 
59334.906942 -2.393277 
59334.918170 -2.394467 
59334.929397 -2.395654 
59334.940625 -2.396836 
59334.951853 -2.398014 
59334.963081 -2.399188 
59334.974309 -2.400358 
59334.985537 -2.401523 
59334.996765 -2.402685 
59335.007993 -2.403843 
59335.019220 -2.404996 
59335.030448 -2.406145 
59335.041676 -2.407290 
59335.052904 -2.408431 
59335.064132 -2.409568 
59335.075360 -2.410700 
59335.086588 -2.411828 
59335.097816 -2.412952 
59335.109043 -2.414072 
59335.120271 -2.415187 
59335.131499 -2.416298 
59335.142727 -2.417404 
59335.153955 -2.418507 
59335.165183 -2.419605 
59335.176411 -2.420698 
59335.187638 -2.421787 
59335.198866 -2.422872 
59335.210094 -2.423952 
59335.221322 -2.425028 
59335.232550 -2.426099 
59335.243778 -2.427166 
59335.255006 -2.428229 
59335.266234 -2.429287 
59335.277461 -2.430340 
59335.288689 -2.431389 
59335.299917 -2.432433 
59335.311145 -2.433473 
59335.322373 -2.434508 
59335.333601 -2.435539 
59335.344829 -2.436565 
59335.356057 -2.437586 
59335.367284 -2.438603 
59335.378512 -2.439615 
59335.389740 -2.440622 
59335.400968 -2.441625 
59335.412196 -2.442623 
59335.423424 -2.443616 
59335.434652 -2.444605 
59335.445879 -2.445589 
59335.457107 -2.446568 
59335.468335 -2.447542 
59335.479563 -2.448511 
59335.490791 -2.449476 
59335.502019 -2.450436 
59335.513247 -2.451390 
59335.524475 -2.452340 
59335.535702 -2.453286 
59335.546930 -2.454226 
59335.558158 -2.455161 
59335.569386 -2.456092 
59335.580614 -2.457017 
59335.591842 -2.457938 
59335.603070 -2.458853 
59335.614298 -2.459764 
59335.625525 -2.460669 
59335.636753 -2.461570 
59335.647981 -2.462466 
59335.659209 -2.463356 
59335.670437 -2.464241 
59335.681665 -2.465122 
59335.692893 -2.465997 
59335.704121 -2.466867 
59335.715348 -2.467732 
59335.726576 -2.468592 
59335.737804 -2.469447 
59335.749032 -2.470296 
59335.760260 -2.471141 
59335.771488 -2.471980 
59335.782716 -2.472814 
59335.793943 -2.473642 
59335.805171 -2.474466 
59335.816399 -2.475284 
59335.827627 -2.476097 
59335.838855 -2.476905 
59335.850083 -2.477707 
59335.861311 -2.478504 
59335.872539 -2.479296 
59335.883766 -2.480082 
59335.894994 -2.480863 
59335.906222 -2.481638 
59335.917450 -2.482408 
59335.928678 -2.483173 
59335.939906 -2.483932 
59335.951134 -2.484686 
59335.962362 -2.485435 
59335.973589 -2.486178 
59335.984817 -2.486915 
59335.996045 -2.487647 
59336.007273 -2.488373 
59336.018501 -2.489094 
59336.029729 -2.489810 
59336.040957 -2.490519 
59336.052185 -2.491223 
59336.063412 -2.491922 
59336.074640 -2.492615 
59336.085868 -2.493302 
59336.097096 -2.493984 
59336.108324 -2.494660 
59336.119552 -2.495331 
59336.130780 -2.495995 
59336.142007 -2.496654 
59336.153235 -2.497308 
59336.164463 -2.497955 
59336.175691 -2.498597 
59336.186919 -2.499233 
59336.198147 -2.499863 
59336.209375 -2.500488 
59336.220603 -2.501106 
59336.231830 -2.501719 
59336.243058 -2.502326 
59336.254286 -2.502928 
59336.265514 -2.503523 
59336.276742 -2.504112 
59336.287970 -2.504696 
59336.299198 -2.505274 
59336.310426 -2.505846 
59336.321653 -2.506411 
59336.332881 -2.506971 
59336.344109 -2.507525 
59336.355337 -2.508073 
59336.366565 -2.508615 
59336.377793 -2.509151 
59336.389021 -2.509681 
59336.400249 -2.510205 
59336.411476 -2.510723 
59336.422704 -2.511234 
59336.433932 -2.511740 
59336.445160 -2.512240 
59336.456388 -2.512733 
59336.467616 -2.513221 
59336.478844 -2.513702 
59336.490071 -2.514177 
59336.501299 -2.514646 
59336.512527 -2.515109 
59336.523755 -2.515565 
59336.534983 -2.516016 
59336.546211 -2.516460 
59336.557439 -2.516898 
59336.568667 -2.517330 
59336.579894 -2.517755 
59336.591122 -2.518174 
59336.602350 -2.518587 
59336.613578 -2.518994 
59336.624806 -2.519394 
59336.636034 -2.519788 
59336.647262 -2.520175 
59336.658490 -2.520556 
59336.669717 -2.520931 
59336.680945 -2.521300 
59336.692173 -2.521662 
59336.703401 -2.522017 
59336.714629 -2.522367 
59336.725857 -2.522709 
59336.737085 -2.523046 
59336.748312 -2.523375 
59336.759540 -2.523699 
59336.770768 -2.524016 
59336.781996 -2.524326 
59336.793224 -2.524630 
59336.804452 -2.524927 
59336.815680 -2.525218 
59336.826908 -2.525502 
59336.838135 -2.525780 
59336.849363 -2.526051 
59336.860591 -2.526315 
59336.871819 -2.526573 
59336.883047 -2.526824 
59336.894275 -2.527068 
59336.905503 -2.527306 
59336.916731 -2.527537 
59336.927958 -2.527762 
59336.939186 -2.527980 
59336.950414 -2.528191 
59336.961642 -2.528395 
59336.972870 -2.528593 
59336.984098 -2.528783 
59336.995326 -2.528968 
59337.006554 -2.529145 
59337.017781 -2.529315 
59337.029009 -2.529479 
59337.040237 -2.529636 
59337.051465 -2.529786 
59337.062693 -2.529929 
59337.073921 -2.530066 
59337.085149 -2.530195 
59337.096376 -2.530318 
59337.107604 -2.530434 
59337.118832 -2.530542 
59337.130060 -2.530644 
59337.141288 -2.530739 
59337.152516 -2.530827 
59337.163744 -2.530908 
59337.174972 -2.530983 
59337.186199 -2.531050 
59337.197427 -2.531110 
59337.208655 -2.531163 
59337.219883 -2.531209 
59337.231111 -2.531248 
59337.242339 -2.531280 
59337.253567 -2.531305 
59337.264795 -2.531323 
59337.276022 -2.531334 
59337.287250 -2.531337 
59337.298478 -2.531334 
59337.309706 -2.531323 
59337.320934 -2.531306 
59337.332162 -2.531281 
59337.343390 -2.531249 
59337.354618 -2.531210 
59337.365845 -2.531164 
59337.377073 -2.531110 
59337.388301 -2.531049 
59337.399529 -2.530981 
59337.410757 -2.530906 
59337.421985 -2.530824 
59337.433213 -2.530734 
59337.444440 -2.530637 
59337.455668 -2.530533 
59337.466896 -2.530422 
59337.478124 -2.530303 
59337.489352 -2.530177 
59337.500580 -2.530043 
59337.511808 -2.529903 
59337.523036 -2.529755 
59337.534263 -2.529599 
59337.545491 -2.529436 
59337.556719 -2.529266 
59337.567947 -2.529088 
59337.579175 -2.528903 
59337.590403 -2.528711 
59337.601631 -2.528511 
59337.612859 -2.528304 
59337.624086 -2.528089 
59337.635314 -2.527867 
59337.646542 -2.527637 
59337.657770 -2.527400 
59337.668998 -2.527155 
59337.680226 -2.526903 
59337.691454 -2.526643 
59337.702682 -2.526376 
59337.713909 -2.526101 
59337.725137 -2.525819 
59337.736365 -2.525529 
59337.747593 -2.525232 
59337.758821 -2.524927 
59337.770049 -2.524614 
59337.781277 -2.524294 
59337.792504 -2.523966 
59337.803732 -2.523630 
59337.814960 -2.523287 
59337.826188 -2.522936 
59337.837416 -2.522578 
59337.848644 -2.522212 
59337.859872 -2.521838 
59337.871100 -2.521456 
59337.882327 -2.521067 
59337.893555 -2.520670 
59337.904783 -2.520266 
59337.916011 -2.519853 
59337.927239 -2.519433 
59337.938467 -2.519005 
59337.949695 -2.518570 
59337.960923 -2.518126 
59337.972150 -2.517675 
59337.983378 -2.517216 
59337.994606 -2.516749 
59338.005834 -2.516275 
59338.017062 -2.515792 
59338.028290 -2.515302 
59338.039518 -2.514804 
59338.050745 -2.514298 
59338.061973 -2.513784 
59338.073201 -2.513262 
59338.084429 -2.512733 
59338.095657 -2.512195 
59338.106885 -2.511650 
59338.118113 -2.511096 
59338.129341 -2.510535 
59338.140568 -2.509966 
59338.151796 -2.509389 
59338.163024 -2.508804 
59338.174252 -2.508211 
59338.185480 -2.507610 
59338.196708 -2.507001 
59338.207936 -2.506384 
59338.219164 -2.505759 
59338.230391 -2.505126 
59338.241619 -2.504485 
59338.252847 -2.503835 
59338.264075 -2.503178 
59338.275303 -2.502513 
59338.286531 -2.501840 
59338.297759 -2.501159 
59338.308987 -2.500470 
59338.320214 -2.499772 
59338.331442 -2.499067 
59338.342670 -2.498353 
59338.353898 -2.497631 
59338.365126 -2.496901 
59338.376354 -2.496164 
59338.387582 -2.495417 
59338.398809 -2.494663 
59338.410037 -2.493901 
59338.421265 -2.493130 
59338.432493 -2.492352 
59338.443721 -2.491565 
59338.454949 -2.490770 
59338.466177 -2.489966 
59338.477405 -2.489155 
59338.488632 -2.488335 
59338.499860 -2.487507 
59338.511088 -2.486671 
59338.522316 -2.485827 
59338.533544 -2.484974 
59338.544772 -2.484114 
59338.556000 -2.483244 
59338.567228 -2.482367 
59338.578455 -2.481481 
59338.589683 -2.480588 
59338.600911 -2.479685 
59338.612139 -2.478775 
59338.623367 -2.477856 
59338.634595 -2.476929 
59338.645823 -2.475993 
59338.657051 -2.475050 
59338.668278 -2.474098 
59338.679506 -2.473137 
59338.690734 -2.472168 
59338.701962 -2.471191 
59338.713190 -2.470206 
59338.724418 -2.469212 
59338.735646 -2.468210 
59338.746873 -2.467199 
59338.758101 -2.466180 
59338.769329 -2.465152 
59338.780557 -2.464117 
59338.791785 -2.463072 
59338.803013 -2.462020 
59338.814241 -2.460959 
59338.825469 -2.459889 
59338.836696 -2.458811 
59338.847924 -2.457725 
59338.859152 -2.456630 
59338.870380 -2.455526 
59338.881608 -2.454415 
59338.892836 -2.453294 
59338.904064 -2.452166 
59338.915292 -2.451028 
59338.926519 -2.449883 
59338.937747 -2.448728 
59338.948975 -2.447566 
59338.960203 -2.446394 
59338.971431 -2.445215 
59338.982659 -2.444026 
59338.993887 -2.442829 
59339.005115 -2.441624 
59339.016342 -2.440410 
59339.027570 -2.439188 
59339.038798 -2.437957 
59339.050026 -2.436717 
59339.061254 -2.435469 
59339.072482 -2.434212 
59339.083710 -2.432947 
59339.094937 -2.431673 
59339.106165 -2.430391 
59339.117393 -2.429100 
59339.128621 -2.427800 
59339.139849 -2.426492 
59339.151077 -2.425175 
59339.162305 -2.423850 
59339.173533 -2.422516 
59339.184760 -2.421173 
59339.195988 -2.419822 
59339.207216 -2.418462 
59339.218444 -2.417093 
59339.229672 -2.415716 
59339.240900 -2.414330 
59339.252128 -2.412936 
59339.263356 -2.411533 
59339.274583 -2.410121 
59339.285811 -2.408700 
59339.297039 -2.407271 
59339.308267 -2.405833 
59339.319495 -2.404387 
59339.330723 -2.402931 
59339.341951 -2.401468 
59339.353178 -2.399995 
59339.364406 -2.398514 
59339.375634 -2.397024 
59339.386862 -2.395525 
59339.398090 -2.394018 
59339.409318 -2.392502 
59339.420546 -2.390977 
59339.431774 -2.389443 
59339.443001 -2.387901 
59339.454229 -2.386350 
59339.465457 -2.384790 
59339.476685 -2.383222 
59339.487913 -2.381645 
59339.499141 -2.380059 
59339.510369 -2.378464 
59339.521597 -2.376860 
59339.532824 -2.375248 
59339.544052 -2.373627 
59339.555280 -2.371998 
59339.566508 -2.370359 
59339.577736 -2.368712 
59339.588964 -2.367056 
59339.600192 -2.365391 
59339.611420 -2.363718 
59339.622647 -2.362035 
59339.633875 -2.360344 
59339.645103 -2.358644 
59339.656331 -2.356936 
59339.667559 -2.355218 
59339.678787 -2.353492 
59339.690015 -2.351757 
59339.701242 -2.350013 
59339.712470 -2.348260 
59339.723698 -2.346499 
59339.734926 -2.344729 
59339.746154 -2.342950 
59339.757382 -2.341162 
59339.768610 -2.339365 
59339.779838 -2.337560 
59339.791065 -2.335745 
59339.802293 -2.333922 
59339.813521 -2.332090 
59339.824749 -2.330250 
59339.835977 -2.328400 
59339.847205 -2.326542 
59339.858433 -2.324675 
59339.869661 -2.322798 
59339.880888 -2.320914 
59339.892116 -2.319020 
59339.903344 -2.317117 
59339.914572 -2.315206 
59339.925800 -2.313286 
59339.937028 -2.311357 
59339.948256 -2.309419 
59339.959484 -2.307472 
59339.970711 -2.305517 
59339.981939 -2.303552 
59339.993167 -2.301579 
59340.004395 -2.299597 
59340.015623 -2.297606 
59340.026851 -2.295607 
59340.038079 -2.293598 
59340.049306 -2.291581 
59340.060534 -2.289554 
59340.071762 -2.287519 
59340.082990 -2.285475 
59340.094218 -2.283423 
59340.105446 -2.281361 
59340.116674 -2.279291 
59340.127902 -2.277211 
59340.139129 -2.275123 
59340.150357 -2.273026 
59340.161585 -2.270920 
59340.172813 -2.268805 
59340.184041 -2.266682 
59340.195269 -2.264550 
59340.206497 -2.262408 
59340.217725 -2.260258 
59340.228952 -2.258099 
59340.240180 -2.255932 
59340.251408 -2.253755 
59340.262636 -2.251570 
59340.273864 -2.249375 
59340.285092 -2.247172 
59340.296320 -2.244960 
59340.307548 -2.242739 
59340.318775 -2.240510 
59340.330003 -2.238271 
59340.341231 -2.236024 
59340.352459 -2.233768 
59340.363687 -2.231503 
59340.374915 -2.229229 
59340.386143 -2.226946 
59340.397370 -2.224655 
59340.408598 -2.222354 
59340.419826 -2.220045 
59340.431054 -2.217727 
59340.442282 -2.215401 
59340.453510 -2.213065 
59340.464738 -2.210721 
59340.475966 -2.208367 
59340.487193 -2.206005 
59340.498421 -2.203634 
59340.509649 -2.201255 
59340.520877 -2.198866 
59340.532105 -2.196469 
59340.543333 -2.194063 
59340.554561 -2.191648 
59340.565789 -2.189224 
59340.577016 -2.186791 
59340.588244 -2.184350 
59340.599472 -2.181900 
59340.610700 -2.179441 
59340.621928 -2.176973 
59340.633156 -2.174497 
59340.644384 -2.172012 
59340.655611 -2.169518 
59340.666839 -2.167015 
59340.678067 -2.164503 
59340.689295 -2.161983 
59340.700523 -2.159453 
59340.711751 -2.156916 
59340.722979 -2.154369 
59340.734207 -2.151813 
59340.745434 -2.149249 
59340.756662 -2.146676 
59340.767890 -2.144095 
59340.779118 -2.141504 
59340.790346 -2.138905 
59340.801574 -2.136297 
59340.812802 -2.133680 
59340.824030 -2.131055 
59340.835257 -2.128421 
59340.846485 -2.125778 
59340.857713 -2.123126 
59340.868941 -2.120466 
59340.880169 -2.117797 
59340.891397 -2.115119 
59340.902625 -2.112433 
59340.913853 -2.109738 
59340.925080 -2.107034 
59340.936308 -2.104321 
59340.947536 -2.101600 
59340.958764 -2.098870 
59340.969992 -2.096132 
59340.981220 -2.093384 
59340.992448 -2.090628 
59341.003675 -2.087864 
59341.014903 -2.085091 
59341.026131 -2.082309 
59341.037359 -2.079518 
59341.048587 -2.076719 
59341.059815 -2.073911 
59341.071043 -2.071095 
59341.082271 -2.068270 
59341.093498 -2.065436 
59341.104726 -2.062594 
59341.115954 -2.059743 
59341.127182 -2.056883 
59341.138410 -2.054015 
59341.149638 -2.051139 
59341.160866 -2.048253 
59341.172094 -2.045359 
59341.183321 -2.042457 
59341.194549 -2.039546 
59341.205777 -2.036626 
59341.217005 -2.033698 
59341.228233 -2.030762 
59341.239461 -2.027816 
59341.250689 -2.024862 
59341.261917 -2.021900 
59341.273144 -2.018929 
59341.284372 -2.015950 
59341.295600 -2.012962 
59341.306828 -2.009966 
59341.318056 -2.006961 
59341.329284 -2.003947 
59341.340512 -2.000926 
59341.351739 -1.997895 
59341.362967 -1.994856 
59341.374195 -1.991809 
59341.385423 -1.988753 
59341.396651 -1.985689 
59341.407879 -1.982616 
59341.419107 -1.979535 
59341.430335 -1.976446 
59341.441562 -1.973348 
59341.452790 -1.970241 
59341.464018 -1.967127 
59341.475246 -1.964004 
59341.486474 -1.960872 
59341.497702 -1.957732 
59341.508930 -1.954584 
59341.520158 -1.951427 
59341.531385 -1.948262 
59341.542613 -1.945089 
59341.553841 -1.941907 
59341.565069 -1.938717 
59341.576297 -1.935518 
59341.587525 -1.932311 
59341.598753 -1.929096 
59341.609981 -1.925873 
59341.621208 -1.922641 
59341.632436 -1.919401 
59341.643664 -1.916153 
59341.654892 -1.912897 
59341.666120 -1.909632 
59341.677348 -1.906359 
59341.688576 -1.903078 
59341.699803 -1.899788 
59341.711031 -1.896490 
59341.722259 -1.893184 
59341.733487 -1.889870 
59341.744715 -1.886548 
59341.755943 -1.883217 
59341.767171 -1.879879 
59341.778399 -1.876532 
59341.789626 -1.873177 
59341.800854 -1.869813 
59341.812082 -1.866442 
59341.823310 -1.863063 
59341.834538 -1.859675 
59341.845766 -1.856279 
59341.856994 -1.852875 
59341.868222 -1.849463 
59341.879449 -1.846043 
59341.890677 -1.842615 
59341.901905 -1.839179 
59341.913133 -1.835735 
59341.924361 -1.832283 
59341.935589 -1.828822 
59341.946817 -1.825354 
59341.958044 -1.821878 
59341.969272 -1.818393 
59341.980500 -1.814901 
59341.991728 -1.811401 
59342.002956 -1.807893 
59342.014184 -1.804376 
59342.025412 -1.800852 
59342.036640 -1.797320 
59342.047867 -1.793780 
59342.059095 -1.790232 
59342.070323 -1.786676 
59342.081551 -1.783112 
59342.092779 -1.779541 
59342.104007 -1.775961 
59342.115235 -1.772374 
59342.126463 -1.768778 
59342.137690 -1.765175 
59342.148918 -1.761564 
59342.160146 -1.757946 
59342.171374 -1.754319 
59342.182602 -1.750685 
59342.193830 -1.747043 
59342.205058 -1.743393 
59342.216286 -1.739735 
59342.227513 -1.736070 
59342.238741 -1.732396 
59342.249969 -1.728716 
59342.261197 -1.725027 
59342.272425 -1.721331 
59342.283653 -1.717627 
59342.294881 -1.713915 
59342.306108 -1.710196 
59342.317336 -1.706469 
59342.328564 -1.702734 
59342.339792 -1.698992 
59342.351020 -1.695242 
59342.362248 -1.691485 
59342.373476 -1.687720 
59342.384704 -1.683947 
59342.395931 -1.680167 
59342.407159 -1.676380 
59342.418387 -1.672584 
59342.429615 -1.668782 
59342.440843 -1.664971 
59342.452071 -1.661154 
59342.463299 -1.657328 
59342.474527 -1.653496 
59342.485754 -1.649656 
59342.496982 -1.645808 
59342.508210 -1.641953 
59342.519438 -1.638091 
59342.530666 -1.634221 
59342.541894 -1.630343 
59342.553122 -1.626459 
59342.564350 -1.622567 
59342.575577 -1.618668 
59342.586805 -1.614761 
59342.598033 -1.610847 
59342.609261 -1.606926 
59342.620489 -1.602997 
59342.631717 -1.599061 
59342.642945 -1.595118 
59342.654172 -1.591168 
59342.665400 -1.587210 
59342.676628 -1.583245 
59342.687856 -1.579273 
59342.699084 -1.575294 
59342.710312 -1.571308 
59342.721540 -1.567314 
59342.732768 -1.563313 
59342.743995 -1.559306 
59342.755223 -1.555291 
59342.766451 -1.551269 
59342.777679 -1.547239 
59342.788907 -1.543203 
59342.800135 -1.539160 
59342.811363 -1.535110 
59342.822591 -1.531052 
59342.833818 -1.526988 
59342.845046 -1.522916 
59342.856274 -1.518838 
59342.867502 -1.514753 
59342.878730 -1.510660 
59342.889958 -1.506561 
59342.901186 -1.502455 
59342.912413 -1.498342 
59342.923641 -1.494222 
59342.934869 -1.490095 
59342.946097 -1.485961 
59342.957325 -1.481821 
59342.968553 -1.477674 
59342.979781 -1.473519 
59342.991009 -1.469358 
59343.002236 -1.465191 
59343.013464 -1.461016 
59343.024692 -1.456835 
59343.035920 -1.452647 
59343.047148 -1.448452 
59343.058376 -1.444251 
59343.069604 -1.440042 
59343.080832 -1.435828 
59343.092059 -1.431606 
59343.103287 -1.427378 
59343.114515 -1.423144 
59343.125743 -1.418902 
59343.136971 -1.414654 
59343.148199 -1.410400 
59343.159427 -1.406139 
59343.170655 -1.401871 
59343.181882 -1.397597 
59343.193110 -1.393317 
59343.204338 -1.389030 
59343.215566 -1.384736 
59343.226794 -1.380436 
59343.238022 -1.376130 
59343.249250 -1.371817 
59343.260477 -1.367498 
59343.271705 -1.363172 
59343.282933 -1.358840 
59343.294161 -1.354502 
59343.305389 -1.350157 
59343.316617 -1.345806 
59343.327845 -1.341449 
59343.339073 -1.337086 
59343.350300 -1.332716 
59343.361528 -1.328340 
59343.372756 -1.323958 
59343.383984 -1.319569 
59343.395212 -1.315175 
59343.406440 -1.310774 
59343.417668 -1.306367 
59343.428896 -1.301954 
59343.440123 -1.297535 
59343.451351 -1.293109 
59343.462579 -1.288678 
59343.473807 -1.284240 
59343.485035 -1.279797 
59343.496263 -1.275347 
59343.507491 -1.270892 
59343.518719 -1.266430 
59343.529946 -1.261963 
59343.541174 -1.257489 
59343.552402 -1.253010 
59343.563630 -1.248525 
59343.574858 -1.244034 
59343.586086 -1.239537 
59343.597314 -1.235034 
59343.608541 -1.230525 
59343.619769 -1.226010 
59343.630997 -1.221490 
59343.642225 -1.216964 
59343.653453 -1.212432 
59343.664681 -1.207894 
59343.675909 -1.203351 
59343.687137 -1.198802 
59343.698364 -1.194247 
59343.709592 -1.189686 
59343.720820 -1.185120 
59343.732048 -1.180548 
59343.743276 -1.175971 
59343.754504 -1.171388 
59343.765732 -1.166800 
59343.776960 -1.162206 
59343.788187 -1.157606 
59343.799415 -1.153001 
59343.810643 -1.148390 
59343.821871 -1.143774 
59343.833099 -1.139153 
59343.844327 -1.134526 
59343.855555 -1.129893 
59343.866783 -1.125255 
59343.878010 -1.120612 
59343.889238 -1.115964 
59343.900466 -1.111310 
59343.911694 -1.106651 
59343.922922 -1.101986 
59343.934150 -1.097316 
59343.945378 -1.092641 
59343.956605 -1.087961 
59343.967833 -1.083276 
59343.979061 -1.078585 
59343.990289 -1.073889 
59344.001517 -1.069188 
59344.012745 -1.064482 
59344.023973 -1.059771 
59344.035201 -1.055055 
59344.046428 -1.050333 
59344.057656 -1.045607 
59344.068884 -1.040875 
59344.080112 -1.036139 
59344.091340 -1.031398 
59344.102568 -1.026651 
59344.113796 -1.021900 
59344.125024 -1.017143 
59344.136251 -1.012382 
59344.147479 -1.007616 
59344.158707 -1.002845 
59344.169935 -0.998069 
59344.181163 -0.993289 
59344.192391 -0.988503 
59344.203619 -0.983713 
59344.214846 -0.978918 
59344.226074 -0.974119 
59344.237302 -0.969314 
59344.248530 -0.964505 
59344.259758 -0.959691 
59344.270986 -0.954873 
59344.282214 -0.950050 
59344.293442 -0.945222 
59344.304669 -0.940390 
59344.315897 -0.935553 
59344.327125 -0.930712 
59344.338353 -0.925866 
59344.349581 -0.921015 
59344.360809 -0.916160 
59344.372037 -0.911301 
59344.383265 -0.906437 
59344.394492 -0.901569 
59344.405720 -0.896697 
59344.416948 -0.891820 
59344.428176 -0.886938 
59344.439404 -0.882053 
59344.450632 -0.877163 
59344.461860 -0.872268 
59344.473088 -0.867370 
59344.484315 -0.862467 
59344.495543 -0.857560 
59344.506771 -0.852649 
59344.517999 -0.847734 
59344.529227 -0.842814 
59344.540455 -0.837891 
59344.551683 -0.832963 
59344.562910 -0.828031 
59344.574138 -0.823095 
59344.585366 -0.818156 
59344.596594 -0.813212 
59344.607822 -0.808264 
59344.619050 -0.803312 
59344.630278 -0.798356 
59344.641506 -0.793396 
59344.652733 -0.788433 
59344.663961 -0.783465 
59344.675189 -0.778494 
59344.686417 -0.773518 
59344.697645 -0.768539 
59344.708873 -0.763557 
59344.720101 -0.758570 
59344.731329 -0.753580 
59344.742556 -0.748585 
59344.753784 -0.743588 
59344.765012 -0.738586 
59344.776240 -0.733581 
59344.787468 -0.728572 
59344.798696 -0.723560 
59344.809924 -0.718544 
59344.821152 -0.713524 
59344.832379 -0.708501 
59344.843607 -0.703475 
59344.854835 -0.698445 
59344.866063 -0.693411 
59344.877291 -0.688374 
59344.888519 -0.683334 
59344.899747 -0.678290 
59344.910974 -0.673243 
59344.922202 -0.668192 
59344.933430 -0.663138 
59344.944658 -0.658081 
59344.955886 -0.653021 
59344.967114 -0.647957 
59344.978342 -0.642890 
59344.989570 -0.637820 
59345.000797 -0.632746 
59345.012025 -0.627670 
59345.023253 -0.622590 
59345.034481 -0.617507 
59345.045709 -0.612421 
59345.056937 -0.607332 
59345.068165 -0.602240 
59345.079393 -0.597145 
59345.090620 -0.592047 
59345.101848 -0.586946 
59345.113076 -0.581841 
59345.124304 -0.576734 
59345.135532 -0.571625 
59345.146760 -0.566512 
59345.157988 -0.561396 
59345.169216 -0.556278 
59345.180443 -0.551156 
59345.191671 -0.546032 
59345.202899 -0.540905 
59345.214127 -0.535776 
59345.225355 -0.530643 
59345.236583 -0.525508 
59345.247811 -0.520371 
59345.259038 -0.515230 
59345.270266 -0.510087 
59345.281494 -0.504942 
59345.292722 -0.499793 
59345.303950 -0.494643 
59345.315178 -0.489489 
59345.326406 -0.484334 
59345.337634 -0.479175 
59345.348861 -0.474015 
59345.360089 -0.468852 
59345.371317 -0.463686 
59345.382545 -0.458518 
59345.393773 -0.453348 
59345.405001 -0.448175 
59345.416229 -0.443000 
59345.427457 -0.437823 
59345.438684 -0.432644 
59345.449912 -0.427462 
59345.461140 -0.422278 
59345.472368 -0.417092 
59345.483596 -0.411903 
59345.494824 -0.406713 
59345.506052 -0.401520 
59345.517279 -0.396326 
59345.528507 -0.391129 
59345.539735 -0.385930 
59345.550963 -0.380729 
59345.562191 -0.375527 
59345.573419 -0.370322 
59345.584647 -0.365115 
59345.595875 -0.359906 
59345.607102 -0.354696 
59345.618330 -0.349483 
59345.629558 -0.344269 
59345.640786 -0.339053 
59345.652014 -0.333835 
59345.663242 -0.328615 
59345.674470 -0.323394 
59345.685698 -0.318171 
59345.696925 -0.312946 
59345.708153 -0.307719 
59345.719381 -0.302491 
59345.730609 -0.297261 
59345.741837 -0.292030 
59345.753065 -0.286797 
59345.764293 -0.281562 
59345.775521 -0.276326 
59345.786748 -0.271088 
59345.797976 -0.265849 
59345.809204 -0.260608 
59345.820432 -0.255366 
59345.831660 -0.250123 
59345.842888 -0.244878 
59345.854116 -0.239632 
59345.865343 -0.234384 
59345.876571 -0.229136 
59345.887799 -0.223885 
59345.899027 -0.218634 
59345.910255 -0.213381 
59345.921483 -0.208127 
59345.932711 -0.202872 
59345.943939 -0.197616 
59345.955166 -0.192359 
59345.966394 -0.187100 
59345.977622 -0.181841 
59345.988850 -0.176580 
59346.000078 -0.171319 
59346.011306 -0.166056 
59346.022534 -0.160792 
59346.033762 -0.155528 
59346.044989 -0.150262 
59346.056217 -0.144996 
59346.067445 -0.139728 
59346.078673 -0.134460 
59346.089901 -0.129191 
59346.101129 -0.123921 
59346.112357 -0.118650 
59346.123585 -0.113379 
59346.134812 -0.108107 
59346.146040 -0.102834 
59346.157268 -0.097560 
59346.168496 -0.092286 
59346.179724 -0.087011 
59346.190952 -0.081735 
59346.202180 -0.076459 
59346.213407 -0.071182 
59346.224635 -0.065905 
59346.235863 -0.060627 
59346.247091 -0.055349 
59346.258319 -0.050070 
59346.269547 -0.044791 
59346.280775 -0.039511 
59346.292003 -0.034231 
59346.303230 -0.028951 
59346.314458 -0.023670 
59346.325686 -0.018389 
59346.336914 -0.013107 
59346.348142 -0.007826 
59346.359370 -0.002544 
59346.370598 0.002739 
59346.381826 0.008021 
59346.393053 0.013303 
59346.404281 0.018586 
59346.415509 0.023869 
59346.426737 0.029152 
59346.437965 0.034435 
59346.449193 0.039718 
59346.460421 0.045001 
59346.471649 0.050284 
59346.482876 0.055567 
59346.494104 0.060850 
59346.505332 0.066133 
59346.516560 0.071416 
59346.527788 0.076699 
59346.539016 0.081981 
59346.550244 0.087264 
59346.561471 0.092546 
59346.572699 0.097828 
59346.583927 0.103110 
59346.595155 0.108391 
59346.606383 0.113672 
59346.617611 0.118953 
59346.628839 0.124234 
59346.640067 0.129514 
59346.651294 0.134794 
59346.662522 0.140073 
59346.673750 0.145352 
59346.684978 0.150631 
59346.696206 0.155909 
59346.707434 0.161186 
59346.718662 0.166463 
59346.729890 0.171739 
59346.741117 0.177015 
59346.752345 0.182290 
59346.763573 0.187565 
59346.774801 0.192839 
59346.786029 0.198112 
59346.797257 0.203385 
59346.808485 0.208656 
59346.819712 0.213927 
59346.830940 0.219198 
59346.842168 0.224467 
59346.853396 0.229736 
59346.864624 0.235003 
59346.875852 0.240270 
59346.887080 0.245536 
59346.898308 0.250801 
59346.909535 0.256065 
59346.920763 0.261328 
59346.931991 0.266590 
59346.943219 0.271851 
59346.954447 0.277111 
59346.965675 0.282370 
59346.976903 0.287628 
59346.988131 0.292885 
59346.999358 0.298141 
59347.010586 0.303395 
59347.021814 0.308648 
59347.033042 0.313900 
59347.044270 0.319151 
59347.055498 0.324401 
59347.066726 0.329649 
59347.077954 0.334896 
59347.089181 0.340141 
59347.100409 0.345385 
59347.111637 0.350628 
59347.122865 0.355870 
59347.134093 0.361109 
59347.145321 0.366348 
59347.156549 0.371585 
59347.167776 0.376821 
59347.179004 0.382054 
59347.190232 0.387287 
59347.201460 0.392518 
59347.212688 0.397747 
59347.223916 0.402975 
59347.235144 0.408201 
59347.246372 0.413425 
59347.257599 0.418648 
59347.268827 0.423868 
59347.280055 0.429088 
59347.291283 0.434305 
59347.302511 0.439520 
59347.313739 0.444734 
59347.324967 0.449946 
59347.336195 0.455156 
59347.347422 0.460364 
59347.358650 0.465571 
59347.369878 0.470775 
59347.381106 0.475977 
59347.392334 0.481178 
59347.403562 0.486376 
59347.414790 0.491572 
59347.426018 0.496767 
59347.437245 0.501959 
59347.448473 0.507149 
59347.459701 0.512337 
59347.470929 0.517523 
59347.482157 0.522707 
59347.493385 0.527888 
59347.504613 0.533068 
59347.515840 0.538245 
59347.527068 0.543419 
59347.538296 0.548592 
59347.549524 0.553762 
59347.560752 0.558930 
59347.571980 0.564096 
59347.583208 0.569259 
59347.594436 0.574420 
59347.605663 0.579578 
59347.616891 0.584734 
59347.628119 0.589887 
59347.639347 0.595038 
59347.650575 0.600186 
59347.661803 0.605332 
59347.673031 0.610476 
59347.684259 0.615616 
59347.695486 0.620755 
59347.706714 0.625890 
59347.717942 0.631023 
59347.729170 0.636153 
59347.740398 0.641281 
59347.751626 0.646405 
59347.762854 0.651527 
59347.774082 0.656647 
59347.785309 0.661763 
59347.796537 0.666877 
59347.807765 0.671988 
59347.818993 0.677096 
59347.830221 0.682201 
59347.841449 0.687303 
59347.852677 0.692402 
59347.863904 0.697498 
59347.875132 0.702592 
59347.886360 0.707682 
59347.897588 0.712770 
59347.908816 0.717854 
59347.920044 0.722935 
59347.931272 0.728013 
59347.942500 0.733088 
59347.953727 0.738160 
59347.964955 0.743229 
59347.976183 0.748295 
59347.987411 0.753357 
59347.998639 0.758417 
59348.009867 0.763473 
59348.021095 0.768526 
59348.032323 0.773575 
59348.043550 0.778621 
59348.054778 0.783664 
59348.066006 0.788704 
59348.077234 0.793740 
59348.088462 0.798773 
59348.099690 0.803802 
59348.110918 0.808828 
59348.122145 0.813851 
59348.133373 0.818870 
59348.144601 0.823885 
59348.155829 0.828897 
59348.167057 0.833906 
59348.178285 0.838911 
59348.189513 0.843912 
59348.200741 0.848910 
59348.211968 0.853904 
59348.223196 0.858895 
59348.234424 0.863882 
59348.245652 0.868865 
59348.256880 0.873844 
59348.268108 0.878820 
59348.279336 0.883792 
59348.290564 0.888760 
59348.301791 0.893725 
59348.313019 0.898685 
59348.324247 0.903642 
59348.335475 0.908595 
59348.346703 0.913544 
59348.357931 0.918489 
59348.369159 0.923431 
59348.380387 0.928368 
59348.391614 0.933301 
59348.402842 0.938231 
59348.414070 0.943156 
59348.425298 0.948078 
59348.436526 0.952995 
59348.447754 0.957908 
59348.458982 0.962817 
59348.470209 0.967722 
59348.481437 0.972623 
59348.492665 0.977520 
59348.503893 0.982413 
59348.515121 0.987302 
59348.526349 0.992186 
59348.537577 0.997066 
59348.548805 1.001942 
59348.560032 1.006813 
59348.571260 1.011681 
59348.582488 1.016544 
59348.593716 1.021402 
59348.604944 1.026257 
59348.616172 1.031107 
59348.627400 1.035952 
59348.638628 1.040794 
59348.649855 1.045630 
59348.661083 1.050463 
59348.672311 1.055291 
59348.683539 1.060114 
59348.694767 1.064933 
59348.705995 1.069747 
59348.717223 1.074557 
59348.728451 1.079362 
59348.739678 1.084163 
59348.750906 1.088959 
59348.762134 1.093751 
59348.773362 1.098538 
59348.784590 1.103320 
59348.795818 1.108097 
59348.807046 1.112870 
59348.818273 1.117638 
59348.829501 1.122402 
59348.840729 1.127160 
59348.851957 1.131914 
59348.863185 1.136663 
59348.874413 1.141408 
59348.885641 1.146147 
59348.896869 1.150882 
59348.908096 1.155612 
59348.919324 1.160337 
59348.930552 1.165057 
59348.941780 1.169772 
59348.953008 1.174482 
59348.964236 1.179187 
59348.975464 1.183887 
59348.986692 1.188582 
59348.997919 1.193273 
59349.009147 1.197958 
59349.020375 1.202638 
59349.031603 1.207313 
59349.042831 1.211983 
59349.054059 1.216648 
59349.065287 1.221308 
59349.076515 1.225962 
59349.087742 1.230612 
59349.098970 1.235256 
59349.110198 1.239895 
59349.121426 1.244529 
59349.132654 1.249158 
59349.143882 1.253781 
59349.155110 1.258400 
59349.166337 1.263013 
59349.177565 1.267620 
59349.188793 1.272222 
59349.200021 1.276819 
59349.211249 1.281411 
59349.222477 1.285997 
59349.233705 1.290578 
59349.244933 1.295154 
59349.256160 1.299724 
59349.267388 1.304288 
59349.278616 1.308848 
59349.289844 1.313401 
59349.301072 1.317949 
59349.312300 1.322492 
59349.323528 1.327029 
59349.334756 1.331561 
59349.345983 1.336087 
59349.357211 1.340608 
59349.368439 1.345123 
59349.379667 1.349632 
59349.390895 1.354136 
59349.402123 1.358634 
59349.413351 1.363126 
59349.424578 1.367613 
59349.435806 1.372094 
59349.447034 1.376569 
59349.458262 1.381039 
59349.469490 1.385503 
59349.480718 1.389961 
59349.491946 1.394414 
59349.503174 1.398860 
59349.514401 1.403301 
59349.525629 1.407736 
59349.536857 1.412165 
59349.548085 1.416589 
59349.559313 1.421006 
59349.570541 1.425418 
59349.581769 1.429823 
59349.592997 1.434223 
59349.604224 1.438617 
59349.615452 1.443005 
59349.626680 1.447387 
59349.637908 1.451763 
59349.649136 1.456133 
59349.660364 1.460497 
59349.671592 1.464855 
59349.682820 1.469207 
59349.694047 1.473553 
59349.705275 1.477893 
59349.716503 1.482226 
59349.727731 1.486554 
59349.738959 1.490876 
59349.750187 1.495191 
59349.761415 1.499500 
59349.772642 1.503804 
59349.783870 1.508101 
59349.795098 1.512391 
59349.806326 1.516676 
59349.817554 1.520954 
59349.828782 1.525227 
59349.840010 1.529493 
59349.851238 1.533752 
59349.862465 1.538006 
59349.873693 1.542253 
59349.884921 1.546494 
59349.896149 1.550728 
59349.907377 1.554956 
59349.918605 1.559178 
59349.929833 1.563394 
59349.941061 1.567603 
59349.952288 1.571806 
59349.963516 1.576002 
59349.974744 1.580192 
59349.985972 1.584375 
59349.997200 1.588552 
59350.008428 1.592723 
59350.019656 1.596887 
59350.030884 1.601045 
59350.042111 1.605196 
59350.053339 1.609341 
59350.064567 1.613479 
59350.075795 1.617611 
59350.087023 1.621736 
59350.098251 1.625854 
59350.109479 1.629966 
59350.120706 1.634072 
59350.131934 1.638171 
59350.143162 1.642263 
59350.154390 1.646348 
59350.165618 1.650427 
59350.176846 1.654499 
59350.188074 1.658565 
59350.199302 1.662624 
59350.210529 1.666676 
59350.221757 1.670722 
59350.232985 1.674761 
59350.244213 1.678793 
59350.255441 1.682818 
59350.266669 1.686837 
59350.277897 1.690849 
59350.289125 1.694854 
59350.300352 1.698852 
59350.311580 1.702844 
59350.322808 1.706829 
59350.334036 1.710806 
59350.345264 1.714778 
59350.356492 1.718742 
59350.367720 1.722699 
59350.378948 1.726650 
59350.390175 1.730593 
59350.401403 1.734530 
59350.412631 1.738460 
59350.423859 1.742383 
59350.435087 1.746299 
59350.446315 1.750208 
59350.457543 1.754110 
59350.468770 1.758005 
59350.479998 1.761893 
59350.491226 1.765774 
59350.502454 1.769649 
59350.513682 1.773516 
59350.524910 1.777376 
59350.536138 1.781229 
59350.547366 1.785075 
59350.558593 1.788914 
59350.569821 1.792746 
59350.581049 1.796571 
59350.592277 1.800389 
59350.603505 1.804200 
59350.614733 1.808004 
59350.625961 1.811800 
59350.637189 1.815590 
59350.648416 1.819372 
59350.659644 1.823147 
59350.670872 1.826915 
59350.682100 1.830676 
59350.693328 1.834430 
59350.704556 1.838176 
59350.715784 1.841915 
59350.727011 1.845647 
59350.738239 1.849372 
59350.749467 1.853090 
59350.760695 1.856800 
59350.771923 1.860504 
59350.783151 1.864200 
59350.794379 1.867888 
59350.805607 1.871570 
59350.816834 1.875244 
59350.828062 1.878910 
59350.839290 1.882570 
59350.850518 1.886222 
59350.861746 1.889867 
59350.872974 1.893505 
59350.884202 1.897135 
59350.895430 1.900758 
59350.906657 1.904373 
59350.917885 1.907981 
59350.929113 1.911582 
59350.940341 1.915176 
59350.951569 1.918762 
59350.962797 1.922340 
59350.974025 1.925912 
59350.985253 1.929475 
59350.996480 1.933032 
59351.007708 1.936581 
59351.018936 1.940122 
59351.030164 1.943656 
59351.041392 1.947183 
59351.052620 1.950702 
59351.063848 1.954214 
59351.075075 1.957718 
59351.086303 1.961214 
59351.097531 1.964704 
59351.108759 1.968185 
59351.119987 1.971659 
59351.131215 1.975126 
59351.142443 1.978585 
59351.153671 1.982037 
59351.164898 1.985481 
59351.176126 1.988917 
59351.187354 1.992346 
59351.198582 1.995768 
59351.209810 1.999181 
59351.221038 2.002587 
59351.232266 2.005986 
59351.243494 2.009377 
59351.254721 2.012760 
59351.265949 2.016136 
59351.277177 2.019504 
59351.288405 2.022865 
59351.299633 2.026218 
59351.310861 2.029563 
59351.322089 2.032901 
59351.333317 2.036231 
59351.344544 2.039553 
59351.355772 2.042868 
59351.367000 2.046175 
59351.378228 2.049474 
59351.389456 2.052765 
59351.400684 2.056049 
59351.411912 2.059325 
59351.423139 2.062594 
59351.434367 2.065855 
59351.445595 2.069108 
59351.456823 2.072353 
59351.468051 2.075591 
59351.479279 2.078821 
59351.490507 2.082043 
59351.501735 2.085257 
59351.512962 2.088464 
59351.524190 2.091663 
59351.535418 2.094854 
59351.546646 2.098037 
59351.557874 2.101213 
59351.569102 2.104380 
59351.580330 2.107540 
59351.591558 2.110693 
59351.602785 2.113837 
59351.614013 2.116973 
59351.625241 2.120102 
59351.636469 2.123223 
59351.647697 2.126336 
59351.658925 2.129442 
59351.670153 2.132539 
59351.681381 2.135629 
59351.692608 2.138711 
59351.703836 2.141785 
59351.715064 2.144851 
59351.726292 2.147909 
59351.737520 2.150959 
59351.748748 2.154002 
59351.759976 2.157037 
59351.771203 2.160063 
59351.782431 2.163082 
59351.793659 2.166093 
59351.804887 2.169096 
59351.816115 2.172092 
59351.827343 2.175079 
59351.838571 2.178058 
59351.849799 2.181030 
59351.861026 2.183994 
59351.872254 2.186949 
59351.883482 2.189897 
59351.894710 2.192837 
59351.905938 2.195769 
59351.917166 2.198693 
59351.928394 2.201609 
59351.939622 2.204517 
59351.950849 2.207418 
59351.962077 2.210310 
59351.973305 2.213194 
59351.984533 2.216071 
59351.995761 2.218939 
59352.006989 2.221800 
59352.018217 2.224652 
59352.029444 2.227497 
59352.040672 2.230333 
59352.051900 2.233162 
59352.063128 2.235983 
59352.074356 2.238795 
59352.085584 2.241600 
59352.096812 2.244397 
59352.108040 2.247186 
59352.119267 2.249966 
59352.130495 2.252739 
59352.141723 2.255504 
59352.152951 2.258261 
59352.164179 2.261010 
59352.175407 2.263750 
59352.186635 2.266483 
59352.197863 2.269208 
59352.209090 2.271925 
59352.220318 2.274633 
59352.231546 2.277334 
59352.242774 2.280027 
59352.254002 2.282712 
59352.265230 2.285388 
59352.276458 2.288057 
59352.287686 2.290718 
59352.298913 2.293370 
59352.310141 2.296015 
59352.321369 2.298652 
59352.332597 2.301280 
59352.343825 2.303901 
59352.355053 2.306513 
59352.366281 2.309118 
59352.377508 2.311714 
59352.388736 2.314303 
59352.399964 2.316883 
59352.411192 2.319455 
59352.422420 2.322020 
59352.433648 2.324576 
59352.444876 2.327124 
59352.456104 2.329664 
59352.467331 2.332196 
59352.478559 2.334720 
59352.489787 2.337236 
59352.501015 2.339744 
59352.512243 2.342244 
59352.523471 2.344736 
59352.534699 2.347220 
59352.545927 2.349695 
59352.557154 2.352163 
59352.568382 2.354623 
59352.579610 2.357074 
59352.590838 2.359518 
59352.602066 2.361953 
59352.613294 2.364381 
59352.624522 2.366800 
59352.635750 2.369211 
59352.646977 2.371615 
59352.658205 2.374010 
59352.669433 2.376397 
59352.680661 2.378776 
59352.691889 2.381147 
59352.703117 2.383510 
59352.714345 2.385865 
59352.725572 2.388212 
59352.736800 2.390551 
59352.748028 2.392881 
59352.759256 2.395204 
59352.770484 2.397518 
59352.781712 2.399825 
59352.792940 2.402124 
59352.804168 2.404414 
59352.815395 2.406696 
59352.826623 2.408971 
59352.837851 2.411237 
59352.849079 2.413495 
59352.860307 2.415745 
59352.871535 2.417987 
59352.882763 2.420221 
59352.893991 2.422447 
59352.905218 2.424665 
59352.916446 2.426875 
59352.927674 2.429077 
59352.938902 2.431271 
59352.950130 2.433457 
59352.961358 2.435634 
59352.972586 2.437804 
59352.983813 2.439966 
59352.995041 2.442119 
59353.006269 2.444265 
59353.017497 2.446402 
59353.028725 2.448532 
59353.039953 2.450653 
59353.051181 2.452767 
59353.062409 2.454872 
59353.073636 2.456969 
59353.084864 2.459059 
59353.096092 2.461140 
59353.107320 2.463213 
59353.118548 2.465278 
59353.129776 2.467335 
59353.141004 2.469385 
59353.152232 2.471426 
59353.163459 2.473459 
59353.174687 2.475484 
59353.185915 2.477501 
59353.197143 2.479510 
59353.208371 2.481511 
59353.219599 2.483504 
59353.230827 2.485489 
59353.242055 2.487467 
59353.253282 2.489436 
59353.264510 2.491397 
59353.275738 2.493350 
59353.286966 2.495295 
59353.298194 2.497232 
59353.309422 2.499161 
59353.320650 2.501082 
59353.331877 2.502995 
59353.343105 2.504900 
59353.354333 2.506798 
59353.365561 2.508687 
59353.376789 2.510568 
59353.388017 2.512441 
59353.399245 2.514307 
59353.410473 2.516164 
59353.421700 2.518013 
59353.432928 2.519855 
59353.444156 2.521688 
59353.455384 2.523514 
59353.466612 2.525331 
59353.477840 2.527141 
59353.489068 2.528943 
59353.500296 2.530736 
59353.511523 2.532522 
59353.522751 2.534300 
59353.533979 2.536070 
59353.545207 2.537832 
59353.556435 2.539586 
59353.567663 2.541332 
59353.578891 2.543071 
59353.590119 2.544801 
59353.601346 2.546524 
59353.612574 2.548238 
59353.623802 2.549945 
59353.635030 2.551644 
59353.646258 2.553334 
59353.657486 2.555017 
59353.668714 2.556693 
59353.679941 2.558360 
59353.691169 2.560019 
59353.702397 2.561671 
59353.713625 2.563314 
59353.724853 2.564950 
59353.736081 2.566578 
59353.747309 2.568198 
59353.758537 2.569810 
59353.769764 2.571415 
59353.780992 2.573011 
59353.792220 2.574600 
59353.803448 2.576181 
59353.814676 2.577754 
59353.825904 2.579319 
59353.837132 2.580876 
59353.848360 2.582426 
59353.859587 2.583968 
59353.870815 2.585502 
59353.882043 2.587028 
59353.893271 2.588546 
59353.904499 2.590057 
59353.915727 2.591560 
59353.926955 2.593055 
59353.938183 2.594542 
59353.949410 2.596021 
59353.960638 2.597493 
59353.971866 2.598957 
59353.983094 2.600413 
59353.994322 2.601862 
59354.005550 2.603303 
59354.016778 2.604736 
59354.028005 2.606161 
59354.039233 2.607578 
59354.050461 2.608988 
59354.061689 2.610390 
59354.072917 2.611785 
59354.084145 2.613171 
59354.095373 2.614550 
59354.106601 2.615921 
59354.117828 2.617285 
59354.129056 2.618641 
59354.140284 2.619989 
59354.151512 2.621330 
59354.162740 2.622662 
59354.173968 2.623988 
59354.185196 2.625305 
59354.196424 2.626615 
59354.207651 2.627917 
59354.218879 2.629212 
59354.230107 2.630499 
59354.241335 2.631778 
59354.252563 2.633050 
59354.263791 2.634314 
59354.275019 2.635571 
59354.286246 2.636820 
59354.297474 2.638061 
59354.308702 2.639295 
59354.319930 2.640521 
59354.331158 2.641739 
59354.342386 2.642950 
59354.353614 2.644154 
59354.364842 2.645350 
59354.376069 2.646538 
59354.387297 2.647719 
59354.398525 2.648892 
59354.409753 2.650058 
59354.420981 2.651216 
59354.432209 2.652367 
59354.443437 2.653510 
59354.454665 2.654645 
59354.465892 2.655773 
59354.477120 2.656894 
59354.488348 2.658007 
59354.499576 2.659113 
59354.510804 2.660211 
59354.522032 2.661302 
59354.533260 2.662385 
59354.544488 2.663461 
59354.555715 2.664529 
59354.566943 2.665590 
59354.578171 2.666644 
59354.589399 2.667690 
59354.600627 2.668729 
59354.611855 2.669760 
59354.623083 2.670784 
59354.634310 2.671800 
59354.645538 2.672809 
59354.656766 2.673811 
59354.667994 2.674805 
59354.679222 2.675792 
59354.690450 2.676772 
59354.701678 2.677744 
59354.712906 2.678709 
59354.724133 2.679667 
59354.735361 2.680617 
59354.746589 2.681560 
59354.757817 2.682496 
59354.769045 2.683424 
59354.780273 2.684345 
59354.791501 2.685259 
59354.802729 2.686165 
59354.813956 2.687064 
59354.825184 2.687956 
59354.836412 2.688841 
59354.847640 2.689718 
59354.858868 2.690588 
59354.870096 2.691451 
59354.881324 2.692307 
59354.892552 2.693155 
59354.903779 2.693996 
59354.915007 2.694830 
59354.926235 2.695657 
59354.937463 2.696477 
59354.948691 2.697289 
59354.959919 2.698094 
59354.971147 2.698893 
59354.982374 2.699683 
59354.993602 2.700467 
59355.004830 2.701244 
59355.016058 2.702013 
59355.027286 2.702776 
59355.038514 2.703531 
59355.049742 2.704279 
59355.060970 2.705020 
59355.072197 2.705754 
59355.083425 2.706481 
59355.094653 2.707201 
59355.105881 2.707914 
59355.117109 2.708619 
59355.128337 2.709318 
59355.139565 2.710010 
59355.150793 2.710694 
59355.162020 2.711372 
59355.173248 2.712042 
59355.184476 2.712706 
59355.195704 2.713362 
59355.206932 2.714012 
59355.218160 2.714654 
59355.229388 2.715290 
59355.240616 2.715918 
59355.251843 2.716540 
59355.263071 2.717155 
59355.274299 2.717763 
59355.285527 2.718363 
59355.296755 2.718957 
59355.307983 2.719544 
59355.319211 2.720124 
59355.330438 2.720698 
59355.341666 2.721264 
59355.352894 2.721823 
59355.364122 2.722376 
59355.375350 2.722922 
59355.386578 2.723460 
59355.397806 2.723992 
59355.409034 2.724518 
59355.420261 2.725036 
59355.431489 2.725548 
59355.442717 2.726052 
59355.453945 2.726550 
59355.465173 2.727041 
59355.476401 2.727526 
59355.487629 2.728004 
59355.498857 2.728474 
59355.510084 2.728939 
59355.521312 2.729396 
59355.532540 2.729847 
59355.543768 2.730291 
59355.554996 2.730728 
59355.566224 2.731158 
59355.577452 2.731582 
59355.588679 2.731999 
59355.599907 2.732410 
59355.611135 2.732814 
59355.622363 2.733211 
59355.633591 2.733601 
59355.644819 2.733985 
59355.656047 2.734362 
59355.667275 2.734733 
59355.678502 2.735097 
59355.689730 2.735455 
59355.700958 2.735805 
59355.712186 2.736150 
59355.723414 2.736487 
59355.734642 2.736819 
59355.745870 2.737143 
59355.757098 2.737461 
59355.768325 2.737773 
59355.779553 2.738078 
59355.790781 2.738376 
59355.802009 2.738668 
59355.813237 2.738954 
59355.824465 2.739233 
59355.835693 2.739505 
59355.846921 2.739772 
59355.858148 2.740031 
59355.869376 2.740284 
59355.880604 2.740531 
59355.891832 2.740772 
59355.903060 2.741006 
59355.914288 2.741233 
59355.925516 2.741454 
59355.936743 2.741669 
59355.947971 2.741878 
59355.959199 2.742080 
59355.970427 2.742275 
59355.981655 2.742465 
59355.992883 2.742648 
59356.004111 2.742825 
59356.015339 2.742995 
59356.026566 2.743159 
59356.037794 2.743317 
59356.049022 2.743469 
59356.060250 2.743614 
59356.071478 2.743753 
59356.082706 2.743886 
59356.093934 2.744013 
59356.105162 2.744133 
59356.116389 2.744247 
59356.127617 2.744355 
59356.138845 2.744457 
59356.150073 2.744552 
59356.161301 2.744642 
59356.172529 2.744725 
59356.183757 2.744802 
59356.194985 2.744873 
59356.206212 2.744938 
59356.217440 2.744996 
59356.228668 2.745049 
59356.239896 2.745095 
59356.251124 2.745136 
59356.262352 2.745170 
59356.273580 2.745198 
59356.284807 2.745220 
59356.296035 2.745236 
59356.307263 2.745247 
59356.318491 2.745251 
59356.329719 2.745249 
59356.340947 2.745241 
59356.352175 2.745227 
59356.363403 2.745207 
59356.374630 2.745181 
59356.385858 2.745149 
59356.397086 2.745111 
59356.408314 2.745068 
59356.419542 2.745018 
59356.430770 2.744962 
59356.441998 2.744901 
59356.453226 2.744833 
59356.464453 2.744760 
59356.475681 2.744681 
59356.486909 2.744596 
59356.498137 2.744505 
59356.509365 2.744408 
59356.520593 2.744306 
59356.531821 2.744197 
59356.543049 2.744083 
59356.554276 2.743963 
59356.565504 2.743837 
59356.576732 2.743706 
59356.587960 2.743569 
59356.599188 2.743426 
59356.610416 2.743277 
59356.621644 2.743122 
59356.632871 2.742962 
59356.644099 2.742796 
59356.655327 2.742624 
59356.666555 2.742447 
59356.677783 2.742264 
59356.689011 2.742075 
59356.700239 2.741881 
59356.711467 2.741681 
59356.722694 2.741476 
59356.733922 2.741264 
59356.745150 2.741047 
59356.756378 2.740825 
59356.767606 2.740597 
59356.778834 2.740363 
59356.790062 2.740124 
59356.801290 2.739880 
59356.812517 2.739629 
59356.823745 2.739374 
59356.834973 2.739112 
59356.846201 2.738845 
59356.857429 2.738573 
59356.868657 2.738295 
59356.879885 2.738012 
59356.891112 2.737723 
59356.902340 2.737429 
59356.913568 2.737130 
59356.924796 2.736825 
59356.936024 2.736514 
59356.947252 2.736198 
59356.958480 2.735877 
59356.969708 2.735550 
59356.980935 2.735218 
59356.992163 2.734881 
59357.003391 2.734538 
59357.014619 2.734190 
59357.025847 2.733837 
59357.037075 2.733478 
59357.048303 2.733114 
59357.059531 2.732745 
59357.070758 2.732370 
59357.081986 2.731991 
59357.093214 2.731606 
59357.104442 2.731215 
59357.115670 2.730820 
59357.126898 2.730419 
59357.138126 2.730013 
59357.149354 2.729602 
59357.160581 2.729185 
59357.171809 2.728764 
59357.183037 2.728337 
59357.194265 2.727905 
59357.205493 2.727468 
59357.216721 2.727026 
59357.227949 2.726579 
59357.239176 2.726127 
59357.250404 2.725669 
59357.261632 2.725207 
59357.272860 2.724739 
59357.284088 2.724267 
59357.295316 2.723789 
59357.306544 2.723306 
59357.317772 2.722819 
59357.328999 2.722326 
59357.340227 2.721828 
59357.351455 2.721325 
59357.362683 2.720818 
59357.373911 2.720305 
59357.385139 2.719787 
59357.396367 2.719265 
59357.407595 2.718737 
59357.418822 2.718205 
59357.430050 2.717668 
59357.441278 2.717126 
59357.452506 2.716579 
59357.463734 2.716027 
59357.474962 2.715470 
59357.486190 2.714908 
59357.497418 2.714342 
59357.508645 2.713770 
59357.519873 2.713194 
59357.531101 2.712613 
59357.542329 2.712028 
59357.553557 2.711437 
59357.564785 2.710842 
59357.576013 2.710242 
59357.587240 2.709638 
59357.598468 2.709028 
59357.609696 2.708414 
59357.620924 2.707795 
59357.632152 2.707172 
59357.643380 2.706543 
59357.654608 2.705911 
59357.665836 2.705273 
59357.677063 2.704631 
59357.688291 2.703984 
59357.699519 2.703333 
59357.710747 2.702677 
59357.721975 2.702016 
59357.733203 2.701351 
59357.744431 2.700681 
59357.755659 2.700007 
59357.766886 2.699328 
59357.778114 2.698645 
59357.789342 2.697957 
59357.800570 2.697265 
59357.811798 2.696568 
59357.823026 2.695866 
59357.834254 2.695160 
59357.845482 2.694450 
59357.856709 2.693735 
59357.867937 2.693016 
59357.879165 2.692293 
59357.890393 2.691565 
59357.901621 2.690832 
59357.912849 2.690095 
59357.924077 2.689354 
59357.935304 2.688609 
59357.946532 2.687859 
59357.957760 2.687105 
59357.968988 2.686346 
59357.980216 2.685583 
59357.991444 2.684816 
59358.002672 2.684045 
59358.013900 2.683269 
59358.025127 2.682489 
59358.036355 2.681705 
59358.047583 2.680916 
59358.058811 2.680123 
59358.070039 2.679327 
59358.081267 2.678525 
59358.092495 2.677720 
59358.103723 2.676911 
59358.114950 2.676097 
59358.126178 2.675279 
59358.137406 2.674457 
59358.148634 2.673631 
59358.159862 2.672801 
59358.171090 2.671967 
59358.182318 2.671128 
59358.193545 2.670286 
59358.204773 2.669439 
59358.216001 2.668589 
59358.227229 2.667734 
59358.238457 2.666875 
59358.249685 2.666013 
59358.260913 2.665146 
59358.272141 2.664275 
59358.283368 2.663401 
59358.294596 2.662522 
59358.305824 2.661639 
59358.317052 2.660753 
59358.328280 2.659862 
59358.339508 2.658968 
59358.350736 2.658070 
59358.361964 2.657168 
59358.373191 2.656262 
59358.384419 2.655352 
59358.395647 2.654438 
59358.406875 2.653520 
59358.418103 2.652599 
59358.429331 2.651674 
59358.440559 2.650744 
59358.451787 2.649812 
59358.463014 2.648875 
59358.474242 2.647934 
59358.485470 2.646990 
59358.496698 2.646042 
59358.507926 2.645091 
59358.519154 2.644135 
59358.530382 2.643176 
59358.541609 2.642213 
59358.552837 2.641247 
59358.564065 2.640277 
59358.575293 2.639303 
59358.586521 2.638326 
59358.597749 2.637345 
59358.608977 2.636360 
59358.620205 2.635372 
59358.631432 2.634380 
59358.642660 2.633384 
59358.653888 2.632385 
59358.665116 2.631383 
59358.676344 2.630377 
59358.687572 2.629367 
59358.698800 2.628354 
59358.710028 2.627337 
59358.721255 2.626317 
59358.732483 2.625293 
59358.743711 2.624266 
59358.754939 2.623236 
59358.766167 2.622202 
59358.777395 2.621164 
59358.788623 2.620123 
59358.799851 2.619079 
59358.811078 2.618031 
59358.822306 2.616980 
59358.833534 2.615926 
59358.844762 2.614868 
59358.855990 2.613807 
59358.867218 2.612743 
59358.878446 2.611675 
59358.889673 2.610604 
59358.900901 2.609530 
59358.912129 2.608452 
59358.923357 2.607371 
59358.934585 2.606287 
59358.945813 2.605199 
59358.957041 2.604109 
59358.968269 2.603015 
59358.979496 2.601918 
59358.990724 2.600818 
59359.001952 2.599714 
59359.013180 2.598608 
59359.024408 2.597498 
59359.035636 2.596385 
59359.046864 2.595269 
59359.058092 2.594150 
59359.069319 2.593028 
59359.080547 2.591903 
59359.091775 2.590775 
59359.103003 2.589643 
59359.114231 2.588509 
59359.125459 2.587371 
59359.136687 2.586231 
59359.147915 2.585087 
59359.159142 2.583941 
59359.170370 2.582791 
59359.181598 2.581639 
59359.192826 2.580483 
59359.204054 2.579325 
59359.215282 2.578164 
59359.226510 2.576999 
59359.237737 2.575832 
59359.248965 2.574662 
59359.260193 2.573489 
59359.271421 2.572313 
59359.282649 2.571135 
59359.293877 2.569953 
59359.305105 2.568769 
59359.316333 2.567582 
59359.327560 2.566392 
59359.338788 2.565199 
59359.350016 2.564004 
59359.361244 2.562805 
59359.372472 2.561604 
59359.383700 2.560400 
59359.394928 2.559194 
59359.406156 2.557985 
59359.417383 2.556773 
59359.428611 2.555558 
59359.439839 2.554341 
59359.451067 2.553121 
59359.462295 2.551898 
59359.473523 2.550673 
59359.484751 2.549445 
59359.495978 2.548215 
59359.507206 2.546982 
59359.518434 2.545746 
59359.529662 2.544508 
59359.540890 2.543267 
59359.552118 2.542023 
59359.563346 2.540778 
59359.574574 2.539529 
59359.585801 2.538278 
59359.597029 2.537025 
59359.608257 2.535769 
59359.619485 2.534510 
59359.630713 2.533250 
59359.641941 2.531986 
59359.653169 2.530721 
59359.664397 2.529453 
59359.675624 2.528182 
59359.686852 2.526909 
59359.698080 2.525634 
59359.709308 2.524356 
59359.720536 2.523076 
59359.731764 2.521794 
59359.742992 2.520509 
59359.754220 2.519222 
59359.765447 2.517933 
59359.776675 2.516641 
59359.787903 2.515347 
59359.799131 2.514051 
59359.810359 2.512753 
59359.821587 2.511452 
59359.832815 2.510149 
59359.844042 2.508844 
59359.855270 2.507537 
59359.866498 2.506228 
59359.877726 2.504916 
59359.888954 2.503602 
59359.900182 2.502287 
59359.911410 2.500969 
59359.922638 2.499648 
59359.933865 2.498326 
59359.945093 2.497002 
59359.956321 2.495675 
59359.967549 2.494347 
59359.978777 2.493016 
59359.990005 2.491684 
59360.001233 2.490349 
59360.012461 2.489013 
59360.023688 2.487674 
59360.034916 2.486333 
59360.046144 2.484991 
59360.057372 2.483646 
59360.068600 2.482300 
59360.079828 2.480951 
59360.091056 2.479601 
59360.102284 2.478249 
59360.113511 2.476895 
59360.124739 2.475539 
59360.135967 2.474181 
59360.147195 2.472821 
59360.158423 2.471460 
59360.169651 2.470096 
59360.180879 2.468731 
59360.192106 2.467364 
59360.203334 2.465995 
59360.214562 2.464625 
59360.225790 2.463252 
59360.237018 2.461878 
59360.248246 2.460502 
59360.259474 2.459125 
59360.270702 2.457746 
59360.281929 2.456365 
59360.293157 2.454982 
59360.304385 2.453598 
59360.315613 2.452212 
59360.326841 2.450824 
59360.338069 2.449435 
59360.349297 2.448044 
59360.360525 2.446652 
59360.371752 2.445258 
59360.382980 2.443862 
59360.394208 2.442465 
59360.405436 2.441066 
59360.416664 2.439666 
59360.427892 2.438264 
59360.439120 2.436861 
59360.450348 2.435456 
59360.461575 2.434050 
59360.472803 2.432642 
59360.484031 2.431233 
59360.495259 2.429822 
59360.506487 2.428410 
59360.517715 2.426997 
59360.528943 2.425582 
59360.540170 2.424165 
59360.551398 2.422748 
59360.562626 2.421329 
59360.573854 2.419908 
59360.585082 2.418487 
59360.596310 2.417064 
59360.607538 2.415639 
59360.618766 2.414214 
59360.629993 2.412787 
59360.641221 2.411359 
59360.652449 2.409929 
59360.663677 2.408499 
59360.674905 2.407067 
59360.686133 2.405634 
59360.697361 2.404199 
59360.708589 2.402764 
59360.719816 2.401327 
59360.731044 2.399889 
59360.742272 2.398450 
59360.753500 2.397010 
59360.764728 2.395569 
59360.775956 2.394127 
59360.787184 2.392683 
59360.798411 2.391239 
59360.809639 2.389793 
59360.820867 2.388347 
59360.832095 2.386899 
59360.843323 2.385450 
59360.854551 2.384001 
59360.865779 2.382550 
59360.877007 2.381098 
59360.888234 2.379646 
59360.899462 2.378192 
59360.910690 2.376737 
59360.921918 2.375282 
59360.933146 2.373826 
59360.944374 2.372368 
59360.955602 2.370910 
59360.966830 2.369451 
59360.978057 2.367991 
59360.989285 2.366530 
59361.000513 2.365069 
59361.011741 2.363606 
59361.022969 2.362143 
59361.034197 2.360679 
59361.045425 2.359214 
59361.056653 2.357749 
59361.067880 2.356282 
59361.079108 2.354815 
59361.090336 2.353348 
59361.101564 2.351879 
59361.112792 2.350410 
59361.124020 2.348940 
59361.135248 2.347469 
59361.146475 2.345998 
59361.157703 2.344526 
59361.168931 2.343054 
59361.180159 2.341581 
59361.191387 2.340107 
59361.202615 2.338633 
59361.213843 2.337158 
59361.225071 2.335683 
59361.236298 2.334207 
59361.247526 2.332730 
59361.258754 2.331253 
59361.269982 2.329776 
59361.281210 2.328298 
59361.292438 2.326819 
59361.303666 2.325340 
59361.314894 2.323861 
59361.326121 2.322381 
59361.337349 2.320901 
59361.348577 2.319420 
59361.359805 2.317939 
59361.371033 2.316458 
59361.382261 2.314976 
59361.393489 2.313494 
59361.404717 2.312011 
59361.415944 2.310528 
59361.427172 2.309045 
59361.438400 2.307562 
59361.449628 2.306078 
59361.460856 2.304594 
59361.472084 2.303110 
59361.483312 2.301626 
59361.494539 2.300141 
59361.505767 2.298656 
59361.516995 2.297171 
59361.528223 2.295686 
59361.539451 2.294200 
59361.550679 2.292714 
59361.561907 2.291229 
59361.573135 2.289743 
59361.584362 2.288257 
59361.595590 2.286771 
59361.606818 2.285284 
59361.618046 2.283798 
59361.629274 2.282312 
59361.640502 2.280825 
59361.651730 2.279339 
59361.662958 2.277853 
59361.674185 2.276366 
59361.685413 2.274880 
59361.696641 2.273393 
59361.707869 2.271907 
59361.719097 2.270421 
59361.730325 2.268934 
59361.741553 2.267448 
59361.752781 2.265962 
59361.764008 2.264476 
59361.775236 2.262990 
59361.786464 2.261505 
59361.797692 2.260019 
59361.808920 2.258534 
59361.820148 2.257049 
59361.831376 2.255564 
59361.842603 2.254079 
59361.853831 2.252594 
59361.865059 2.251110 
59361.876287 2.249626 
59361.887515 2.248142 
59361.898743 2.246658 
59361.909971 2.245175 
59361.921199 2.243692 
59361.932426 2.242210 
59361.943654 2.240727 
59361.954882 2.239245 
59361.966110 2.237764 
59361.977338 2.236283 
59361.988566 2.234802 
59361.999794 2.233321 
59362.011022 2.231841 
59362.022249 2.230362 
59362.033477 2.228883 
59362.044705 2.227404 
59362.055933 2.225926 
59362.067161 2.224448 
59362.078389 2.222971 
59362.089617 2.221495 
59362.100844 2.220018 
59362.112072 2.218543 
59362.123300 2.217068 
59362.134528 2.215594 
59362.145756 2.214120 
59362.156984 2.212646 
59362.168212 2.211174 
59362.179440 2.209702 
59362.190667 2.208231 
59362.201895 2.206760 
59362.213123 2.205290 
59362.224351 2.203821 
59362.235579 2.202352 
59362.246807 2.200884 
59362.258035 2.199417 
59362.269263 2.197951 
59362.280490 2.196485 
59362.291718 2.195020 
59362.302946 2.193556 
59362.314174 2.192093 
59362.325402 2.190631 
59362.336630 2.189169 
59362.347858 2.187709 
59362.359086 2.186249 
59362.370313 2.184790 
59362.381541 2.183332 
59362.392769 2.181875 
59362.403997 2.180418 
59362.415225 2.178963 
59362.426453 2.177509 
59362.437681 2.176055 
59362.448908 2.174603 
59362.460136 2.173152 
59362.471364 2.171701 
59362.482592 2.170252 
59362.493820 2.168803 
59362.505048 2.167356 
59362.516276 2.165910 
59362.527504 2.164465 
59362.538731 2.163021 
59362.549959 2.161578 
59362.561187 2.160136 
59362.572415 2.158696 
59362.583643 2.157256 
59362.594871 2.155818 
59362.606099 2.154381 
59362.617327 2.152945 
59362.628554 2.151510 
59362.639782 2.150076 
59362.651010 2.148644 
59362.662238 2.147213 
59362.673466 2.145784 
59362.684694 2.144355 
59362.695922 2.142928 
59362.707150 2.141502 
59362.718377 2.140078 
59362.729605 2.138655 
59362.740833 2.137233 
59362.752061 2.135812 
59362.763289 2.134393 
59362.774517 2.132976 
59362.785745 2.131560 
59362.796972 2.130145 
59362.808200 2.128731 
59362.819428 2.127320 
59362.830656 2.125909 
59362.841884 2.124500 
59362.853112 2.123093 
59362.864340 2.121687 
59362.875568 2.120283 
59362.886795 2.118880 
59362.898023 2.117479 
59362.909251 2.116079 
59362.920479 2.114681 
59362.931707 -0.000000 
