# Tc_folded model 
-1.500000 -0.636180 
-1.499000 -0.630852 
-1.498000 -0.625510 
-1.497000 -0.620154 
-1.496000 -0.614785 
-1.495000 -0.609402 
-1.494000 -0.604005 
-1.493000 -0.598594 
-1.492000 -0.593169 
-1.491000 -0.587730 
-1.490000 -0.582277 
-1.489000 -0.576810 
-1.488000 -0.571329 
-1.487000 -0.565834 
-1.486000 -0.560325 
-1.485000 -0.554801 
-1.484000 -0.549264 
-1.483000 -0.543712 
-1.482000 -0.538145 
-1.481000 -0.532564 
-1.480000 -0.526969 
-1.479000 -0.521359 
-1.478000 -0.515735 
-1.477000 -0.510096 
-1.476000 -0.504443 
-1.475000 -0.498775 
-1.474000 -0.493092 
-1.473000 -0.487394 
-1.472000 -0.481682 
-1.471000 -0.475955 
-1.470000 -0.470212 
-1.469000 -0.464455 
-1.468000 -0.458683 
-1.467000 -0.452896 
-1.466000 -0.447094 
-1.465000 -0.441276 
-1.464000 -0.435444 
-1.463000 -0.429596 
-1.462000 -0.423733 
-1.461000 -0.417854 
-1.460000 -0.411960 
-1.459000 -0.406050 
-1.458000 -0.400125 
-1.457000 -0.394185 
-1.456000 -0.388228 
-1.455000 -0.382256 
-1.454000 -0.376269 
-1.453000 -0.370265 
-1.452000 -0.364246 
-1.451000 -0.358210 
-1.450000 -0.352159 
-1.449000 -0.346092 
-1.448000 -0.340008 
-1.447000 -0.333909 
-1.446000 -0.327793 
-1.445000 -0.321661 
-1.444000 -0.315512 
-1.443000 -0.309347 
-1.442000 -0.303166 
-1.441000 -0.296968 
-1.440000 -0.290753 
-1.439000 -0.284522 
-1.438000 -0.278274 
-1.437000 -0.272009 
-1.436000 -0.265728 
-1.435000 -0.259429 
-1.434000 -0.253113 
-1.433000 -0.246781 
-1.432000 -0.240431 
-1.431000 -0.234064 
-1.430000 -0.227680 
-1.429000 -0.221278 
-1.428000 -0.214859 
-1.427000 -0.208423 
-1.426000 -0.201969 
-1.425000 -0.195497 
-1.424000 -0.189008 
-1.423000 -0.182501 
-1.422000 -0.175976 
-1.421000 -0.169433 
-1.420000 -0.162873 
-1.419000 -0.156294 
-1.418000 -0.149697 
-1.417000 -0.143082 
-1.416000 -0.136448 
-1.415000 -0.129797 
-1.414000 -0.123126 
-1.413000 -0.116438 
-1.412000 -0.109730 
-1.411000 -0.103004 
-1.410000 -0.096260 
-1.409000 -0.089496 
-1.408000 -0.082714 
-1.407000 -0.075912 
-1.406000 -0.069092 
-1.405000 -0.062252 
-1.404000 -0.055393 
-1.403000 -0.048515 
-1.402000 -0.041617 
-1.401000 -0.034700 
-1.400000 -0.027763 
-1.399000 -0.020807 
-1.398000 -0.013831 
-1.397000 -0.006835 
-1.396000 0.000180 
-1.395000 0.007216 
-1.394000 0.014272 
-1.393000 0.021348 
-1.392000 0.028444 
-1.391000 0.035561 
-1.390000 0.042698 
-1.389000 0.049856 
-1.388000 0.057034 
-1.387000 0.064233 
-1.386000 0.071452 
-1.385000 0.078693 
-1.384000 0.085954 
-1.383000 0.093237 
-1.382000 0.100541 
-1.381000 0.107866 
-1.380000 0.115212 
-1.379000 0.122580 
-1.378000 0.129969 
-1.377000 0.137380 
-1.376000 0.144813 
-1.375000 0.152268 
-1.374000 0.159744 
-1.373000 0.167243 
-1.372000 0.174763 
-1.371000 0.182306 
-1.370000 0.189872 
-1.369000 0.197459 
-1.368000 0.205069 
-1.367000 0.212702 
-1.366000 0.220358 
-1.365000 0.228036 
-1.364000 0.235737 
-1.363000 0.243462 
-1.362000 0.251209 
-1.361000 0.258980 
-1.360000 0.266774 
-1.359000 0.274591 
-1.358000 0.282432 
-1.357000 0.290297 
-1.356000 0.298185 
-1.355000 0.306097 
-1.354000 0.314034 
-1.353000 0.321994 
-1.352000 0.329979 
-1.351000 0.337987 
-1.350000 0.346021 
-1.349000 0.354078 
-1.348000 0.362161 
-1.347000 0.370268 
-1.346000 0.378400 
-1.345000 0.386556 
-1.344000 0.394738 
-1.343000 0.402945 
-1.342000 0.411178 
-1.341000 0.419435 
-1.340000 0.427718 
-1.339000 0.436027 
-1.338000 0.444362 
-1.337000 0.452722 
-1.336000 0.461108 
-1.335000 0.469520 
-1.334000 0.477959 
-1.333000 0.486423 
-1.332000 0.494915 
-1.331000 0.503432 
-1.330000 0.511976 
-1.329000 0.520547 
-1.328000 0.529145 
-1.327000 0.537769 
-1.326000 0.546421 
-1.325000 0.555100 
-1.324000 0.563806 
-1.323000 0.572540 
-1.322000 0.581301 
-1.321000 0.590089 
-1.320000 0.598905 
-1.319000 0.607750 
-1.318000 0.616622 
-1.317000 0.625522 
-1.316000 0.634450 
-1.315000 0.643407 
-1.314000 0.652392 
-1.313000 0.661405 
-1.312000 0.670447 
-1.311000 0.679518 
-1.310000 0.688618 
-1.309000 0.697746 
-1.308000 0.706904 
-1.307000 0.716090 
-1.306000 0.725306 
-1.305000 0.734551 
-1.304000 0.743826 
-1.303000 0.753130 
-1.302000 0.762464 
-1.301000 0.771828 
-1.300000 0.781222 
-1.299000 0.790645 
-1.298000 0.800099 
-1.297000 0.809583 
-1.296000 0.819097 
-1.295000 0.828641 
-1.294000 0.838216 
-1.293000 0.847821 
-1.292000 0.857457 
-1.291000 0.867124 
-1.290000 0.876822 
-1.289000 0.886550 
-1.288000 0.896310 
-1.287000 0.906100 
-1.286000 0.915922 
-1.285000 0.925775 
-1.284000 0.935659 
-1.283000 0.945575 
-1.282000 0.955522 
-1.281000 0.965501 
-1.280000 0.975511 
-1.279000 0.985553 
-1.278000 0.995627 
-1.277000 1.005732 
-1.276000 1.015870 
-1.275000 1.026039 
-1.274000 1.036240 
-1.273000 1.046474 
-1.272000 1.056739 
-1.271000 1.067037 
-1.270000 1.077366 
-1.269000 1.087728 
-1.268000 1.098123 
-1.267000 1.108549 
-1.266000 1.119008 
-1.265000 1.129499 
-1.264000 1.140022 
-1.263000 1.150578 
-1.262000 1.161166 
-1.261000 1.171787 
-1.260000 1.182440 
-1.259000 1.193125 
-1.258000 1.203843 
-1.257000 1.214593 
-1.256000 1.225376 
-1.255000 1.236190 
-1.254000 1.247037 
-1.253000 1.257917 
-1.252000 1.268828 
-1.251000 1.279772 
-1.250000 1.290747 
-1.249000 1.301755 
-1.248000 1.312795 
-1.247000 1.323867 
-1.246000 1.334970 
-1.245000 1.346105 
-1.244000 1.357272 
-1.243000 1.368470 
-1.242000 1.379699 
-1.241000 1.390960 
-1.240000 1.402252 
-1.239000 1.413575 
-1.238000 1.424929 
-1.237000 1.436313 
-1.236000 1.447728 
-1.235000 1.459173 
-1.234000 1.470648 
-1.233000 1.482153 
-1.232000 1.493688 
-1.231000 1.505252 
-1.230000 1.516845 
-1.229000 1.528467 
-1.228000 1.540118 
-1.227000 1.551797 
-1.226000 1.563505 
-1.225000 1.575240 
-1.224000 1.587002 
-1.223000 1.598791 
-1.222000 1.610607 
-1.221000 1.622450 
-1.220000 1.634318 
-1.219000 1.646212 
-1.218000 1.658131 
-1.217000 1.670074 
-1.216000 1.682042 
-1.215000 1.694033 
-1.214000 1.706048 
-1.213000 1.718085 
-1.212000 1.730144 
-1.211000 1.742225 
-1.210000 1.754326 
-1.209000 1.766448 
-1.208000 1.778589 
-1.207000 1.790750 
-1.206000 1.802929 
-1.205000 1.815125 
-1.204000 1.827338 
-1.203000 1.839567 
-1.202000 1.851811 
-1.201000 1.864070 
-1.200000 1.876342 
-1.199000 1.888627 
-1.198000 1.900923 
-1.197000 1.913230 
-1.196000 1.925547 
-1.195000 1.937873 
-1.194000 1.950206 
-1.193000 1.962546 
-1.192000 1.974891 
-1.191000 1.987240 
-1.190000 1.999593 
-1.189000 2.011947 
-1.188000 2.024301 
-1.187000 2.036655 
-1.186000 2.049006 
-1.185000 2.061354 
-1.184000 2.073696 
-1.183000 2.086032 
-1.182000 2.098360 
-1.181000 2.110677 
-1.180000 2.122983 
-1.179000 2.135276 
-1.178000 2.147553 
-1.177000 2.159813 
-1.176000 2.172055 
-1.175000 2.184276 
-1.174000 2.196474 
-1.173000 2.208647 
-1.172000 2.220793 
-1.171000 2.232910 
-1.170000 2.244995 
-1.169000 2.257047 
-1.168000 2.269063 
-1.167000 2.281039 
-1.166000 2.292975 
-1.165000 2.304867 
-1.164000 2.316712 
-1.163000 2.328508 
-1.162000 2.340252 
-1.161000 2.351941 
-1.160000 2.363572 
-1.159000 2.375142 
-1.158000 2.386648 
-1.157000 2.398086 
-1.156000 2.409454 
-1.155000 2.420747 
-1.154000 2.431963 
-1.153000 2.443097 
-1.152000 2.454147 
-1.151000 2.465108 
-1.150000 2.475976 
-1.149000 2.486748 
-1.148000 2.497419 
-1.147000 2.507985 
-1.146000 2.518443 
-1.145000 2.528787 
-1.144000 2.539013 
-1.143000 2.549117 
-1.142000 2.559094 
-1.141000 2.568939 
-1.140000 2.578647 
-1.139000 2.588214 
-1.138000 2.597634 
-1.137000 2.606903 
-1.136000 2.616014 
-1.135000 2.624962 
-1.134000 2.633743 
-1.133000 2.642350 
-1.132000 2.650778 
-1.131000 2.659020 
-1.130000 2.667072 
-1.129000 2.674926 
-1.128000 2.682577 
-1.127000 2.690019 
-1.126000 2.697245 
-1.125000 2.704249 
-1.124000 2.711024 
-1.123000 2.717565 
-1.122000 2.723863 
-1.121000 2.729912 
-1.120000 2.735707 
-1.119000 2.741238 
-1.118000 2.746500 
-1.117000 2.751486 
-1.116000 2.756188 
-1.115000 2.760599 
-1.114000 2.764712 
-1.113000 2.768519 
-1.112000 2.772014 
-1.111000 2.775188 
-1.110000 2.778035 
-1.109000 2.780546 
-1.108000 2.782715 
-1.107000 2.784534 
-1.106000 2.785995 
-1.105000 2.787091 
-1.104000 2.787815 
-1.103000 2.788158 
-1.102000 2.788115 
-1.101000 2.787676 
-1.100000 2.786835 
-1.099000 2.785585 
-1.098000 2.783919 
-1.097000 2.781829 
-1.096000 2.779309 
-1.095000 2.776351 
-1.094000 2.772950 
-1.093000 2.769097 
-1.092000 2.764788 
-1.091000 2.760015 
-1.090000 2.754773 
-1.089000 2.749056 
-1.088000 2.742858 
-1.087000 2.736174 
-1.086000 2.728998 
-1.085000 2.721326 
-1.084000 2.713153 
-1.083000 2.704474 
-1.082000 2.695286 
-1.081000 2.685584 
-1.080000 2.675366 
-1.079000 2.664627 
-1.078000 2.653366 
-1.077000 2.641580 
-1.076000 2.629267 
-1.075000 2.616425 
-1.074000 2.603054 
-1.073000 2.589151 
-1.072000 2.574718 
-1.071000 2.559754 
-1.070000 2.544259 
-1.069000 2.528234 
-1.068000 2.511682 
-1.067000 2.494603 
-1.066000 2.477000 
-1.065000 2.458876 
-1.064000 2.440234 
-1.063000 2.421077 
-1.062000 2.401412 
-1.061000 2.381240 
-1.060000 2.360569 
-1.059000 2.339404 
-1.058000 2.317751 
-1.057000 2.295616 
-1.056000 2.273007 
-1.055000 2.249931 
-1.054000 2.226397 
-1.053000 2.202411 
-1.052000 2.177985 
-1.051000 2.153126 
-1.050000 2.127845 
-1.049000 2.102151 
-1.048000 2.076055 
-1.047000 2.049446 
-1.046000 2.022576 
-1.045000 1.995337 
-1.044000 1.967741 
-1.043000 1.939800 
-1.042000 1.911525 
-1.041000 1.882931 
-1.040000 1.854028 
-1.039000 1.824832 
-1.038000 1.795354 
-1.037000 1.765607 
-1.036000 1.735607 
-1.035000 1.705366 
-1.034000 1.674897 
-1.033000 1.644216 
-1.032000 1.613335 
-1.031000 1.582269 
-1.030000 1.551031 
-1.029000 1.519636 
-1.028000 1.488097 
-1.027000 1.456429 
-1.026000 1.424644 
-1.025000 1.392757 
-1.024000 1.360781 
-1.023000 1.328730 
-1.022000 1.296618 
-1.021000 1.264456 
-1.020000 1.232259 
-1.019000 1.200038 
-1.018000 1.167808 
-1.017000 1.135579 
-1.016000 1.103365 
-1.015000 1.071177 
-1.014000 1.039026 
-1.013000 1.006925 
-1.012000 0.974885 
-1.011000 0.942915 
-1.010000 0.911028 
-1.009000 0.879232 
-1.008000 0.847539 
-1.007000 0.815958 
-1.006000 0.784498 
-1.005000 0.753168 
-1.004000 0.721977 
-1.003000 0.690934 
-1.002000 0.660047 
-1.001000 0.629323 
-1.000000 0.598770 
-0.999000 0.568396 
-0.998000 0.538207 
-0.997000 0.508209 
-0.996000 0.478410 
-0.995000 0.448815 
-0.994000 0.419429 
-0.993000 0.390259 
-0.992000 0.361309 
-0.991000 0.332584 
-0.990000 0.304089 
-0.989000 0.275827 
-0.988000 0.247803 
-0.987000 0.220021 
-0.986000 0.192483 
-0.985000 0.165194 
-0.984000 0.138156 
-0.983000 0.111371 
-0.982000 0.084843 
-0.981000 0.058573 
-0.980000 0.032564 
-0.979000 0.006817 
-0.978000 -0.018666 
-0.977000 -0.043884 
-0.976000 -0.068835 
-0.975000 -0.093519 
-0.974000 -0.117935 
-0.973000 -0.142081 
-0.972000 -0.165959 
-0.971000 -0.189566 
-0.970000 -0.212903 
-0.969000 -0.235971 
-0.968000 -0.258768 
-0.967000 -0.281297 
-0.966000 -0.303556 
-0.965000 -0.325546 
-0.964000 -0.347268 
-0.963000 -0.368723 
-0.962000 -0.389912 
-0.961000 -0.410835 
-0.960000 -0.431494 
-0.959000 -0.451890 
-0.958000 -0.472024 
-0.957000 -0.491897 
-0.956000 -0.511511 
-0.955000 -0.530868 
-0.954000 -0.549968 
-0.953000 -0.568813 
-0.952000 -0.587406 
-0.951000 -0.605747 
-0.950000 -0.623839 
-0.949000 -0.641683 
-0.948000 -0.659282 
-0.947000 -0.676637 
-0.946000 -0.693750 
-0.945000 -0.710624 
-0.944000 -0.727259 
-0.943000 -0.743659 
-0.942000 -0.759825 
-0.941000 -0.775760 
-0.940000 -0.791465 
-0.939000 -0.806943 
-0.938000 -0.822195 
-0.937000 -0.837225 
-0.936000 -0.852034 
-0.935000 -0.866625 
-0.934000 -0.880999 
-0.933000 -0.895159 
-0.932000 -0.909107 
-0.931000 -0.922846 
-0.930000 -0.936377 
-0.929000 -0.949703 
-0.928000 -0.962826 
-0.927000 -0.975748 
-0.926000 -0.988471 
-0.925000 -1.000999 
-0.924000 -1.013332 
-0.923000 -1.025473 
-0.922000 -1.037424 
-0.921000 -1.049188 
-0.920000 -1.060767 
-0.919000 -1.072162 
-0.918000 -1.083376 
-0.917000 -1.094412 
-0.916000 -1.105270 
-0.915000 -1.115954 
-0.914000 -1.126465 
-0.913000 -1.136805 
-0.912000 -1.146977 
-0.911000 -1.156983 
-0.910000 -1.166824 
-0.909000 -1.176503 
-0.908000 -1.186021 
-0.907000 -1.195381 
-0.906000 -1.204584 
-0.905000 -1.213633 
-0.904000 -1.222530 
-0.903000 -1.231275 
-0.902000 -1.239872 
-0.901000 -1.248322 
-0.900000 -1.256626 
-0.899000 -1.264787 
-0.898000 -1.272807 
-0.897000 -1.280687 
-0.896000 -1.288429 
-0.895000 -1.296035 
-0.894000 -1.303507 
-0.893000 -1.310845 
-0.892000 -1.318053 
-0.891000 -1.325131 
-0.890000 -1.332082 
-0.889000 -1.338906 
-0.888000 -1.345606 
-0.887000 -1.352182 
-0.886000 -1.358638 
-0.885000 -1.364973 
-0.884000 -1.371190 
-0.883000 -1.377291 
-0.882000 -1.383276 
-0.881000 -1.389147 
-0.880000 -1.394906 
-0.879000 -1.400554 
-0.878000 -1.406093 
-0.877000 -1.411523 
-0.876000 -1.416847 
-0.875000 -1.422065 
-0.874000 -1.427179 
-0.873000 -1.432191 
-0.872000 -1.437101 
-0.871000 -1.441911 
-0.870000 -1.446622 
-0.869000 -1.451235 
-0.868000 -1.455753 
-0.867000 -1.460175 
-0.866000 -1.464503 
-0.865000 -1.468738 
-0.864000 -1.472882 
-0.863000 -1.476935 
-0.862000 -1.480899 
-0.861000 -1.484775 
-0.860000 -1.488564 
-0.859000 -1.492267 
-0.858000 -1.495885 
-0.857000 -1.499419 
-0.856000 -1.502871 
-0.855000 -1.506241 
-0.854000 -1.509530 
-0.853000 -1.512739 
-0.852000 -1.515870 
-0.851000 -1.518923 
-0.850000 -1.521899 
-0.849000 -1.524799 
-0.848000 -1.527625 
-0.847000 -1.530376 
-0.846000 -1.533054 
-0.845000 -1.535661 
-0.844000 -1.538196 
-0.843000 -1.540660 
-0.842000 -1.543055 
-0.841000 -1.545381 
-0.840000 -1.547640 
-0.839000 -1.549831 
-0.838000 -1.551956 
-0.837000 -1.554016 
-0.836000 -1.556011 
-0.835000 -1.557942 
-0.834000 -1.559810 
-0.833000 -1.561615 
-0.832000 -1.563359 
-0.831000 -1.565042 
-0.830000 -1.566665 
-0.829000 -1.568228 
-0.828000 -1.569733 
-0.827000 -1.571180 
-0.826000 -1.572569 
-0.825000 -1.573901 
-0.824000 -1.575178 
-0.823000 -1.576399 
-0.822000 -1.577565 
-0.821000 -1.578677 
-0.820000 -1.579736 
-0.819000 -1.580741 
-0.818000 -1.581695 
-0.817000 -1.582597 
-0.816000 -1.583447 
-0.815000 -1.584248 
-0.814000 -1.584998 
-0.813000 -1.585699 
-0.812000 -1.586351 
-0.811000 -1.586955 
-0.810000 -1.587511 
-0.809000 -1.588019 
-0.808000 -1.588482 
-0.807000 -1.588898 
-0.806000 -1.589268 
-0.805000 -1.589593 
-0.804000 -1.589874 
-0.803000 -1.590110 
-0.802000 -1.590303 
-0.801000 -1.590453 
-0.800000 -1.590560 
-0.799000 -1.590624 
-0.798000 -1.590647 
-0.797000 -1.590629 
-0.796000 -1.590569 
-0.795000 -1.590469 
-0.794000 -1.590329 
-0.793000 -1.590149 
-0.792000 -1.589931 
-0.791000 -1.589673 
-0.790000 -1.589377 
-0.789000 -1.589043 
-0.788000 -1.588671 
-0.787000 -1.588262 
-0.786000 -1.587817 
-0.785000 -1.587334 
-0.784000 -1.586816 
-0.783000 -1.586262 
-0.782000 -1.585673 
-0.781000 -1.585049 
-0.780000 -1.584390 
-0.779000 -1.583697 
-0.778000 -1.582970 
-0.777000 -1.582209 
-0.776000 -1.581415 
-0.775000 -1.580588 
-0.774000 -1.579728 
-0.773000 -1.578836 
-0.772000 -1.577913 
-0.771000 -1.576957 
-0.770000 -1.575970 
-0.769000 -1.574952 
-0.768000 -1.573903 
-0.767000 -1.572824 
-0.766000 -1.571715 
-0.765000 -1.570575 
-0.764000 -1.569406 
-0.763000 -1.568208 
-0.762000 -1.566980 
-0.761000 -1.565724 
-0.760000 -1.564439 
-0.759000 -1.563126 
-0.758000 -1.561785 
-0.757000 -1.560416 
-0.756000 -1.559020 
-0.755000 -1.557596 
-0.754000 -1.556146 
-0.753000 -1.554668 
-0.752000 -1.553164 
-0.751000 -1.551634 
-0.750000 -1.550078 
-0.749000 -1.548496 
-0.748000 -1.546888 
-0.747000 -1.545255 
-0.746000 -1.543596 
-0.745000 -1.541913 
-0.744000 -1.540205 
-0.743000 -1.538472 
-0.742000 -1.536715 
-0.741000 -1.534934 
-0.740000 -1.533128 
-0.739000 -1.531300 
-0.738000 -1.529447 
-0.737000 -1.527571 
-0.736000 -1.525672 
-0.735000 -1.523750 
-0.734000 -1.521806 
-0.733000 -1.519838 
-0.732000 -1.517849 
-0.731000 -1.515837 
-0.730000 -1.513803 
-0.729000 -1.511747 
-0.728000 -1.509669 
-0.727000 -1.507569 
-0.726000 -1.505449 
-0.725000 -1.503307 
-0.724000 -1.501144 
-0.723000 -1.498960 
-0.722000 -1.496755 
-0.721000 -1.494530 
-0.720000 -1.492284 
-0.719000 -1.490018 
-0.718000 -1.487731 
-0.717000 -1.485425 
-0.716000 -1.483099 
-0.715000 -1.480753 
-0.714000 -1.478387 
-0.713000 -1.476002 
-0.712000 -1.473598 
-0.711000 -1.471175 
-0.710000 -1.468732 
-0.709000 -1.466270 
-0.708000 -1.463790 
-0.707000 -1.461291 
-0.706000 -1.458774 
-0.705000 -1.456238 
-0.704000 -1.453683 
-0.703000 -1.451111 
-0.702000 -1.448520 
-0.701000 -1.445912 
-0.700000 -1.443285 
-0.699000 -1.440641 
-0.698000 -1.437979 
-0.697000 -1.435300 
-0.696000 -1.432603 
-0.695000 -1.429889 
-0.694000 -1.427158 
-0.693000 -1.424410 
-0.692000 -1.421645 
-0.691000 -1.418863 
-0.690000 -1.416064 
-0.689000 -1.413248 
-0.688000 -1.410416 
-0.687000 -1.407567 
-0.686000 -1.404702 
-0.685000 -1.401820 
-0.684000 -1.398922 
-0.683000 -1.396008 
-0.682000 -1.393078 
-0.681000 -1.390132 
-0.680000 -1.387171 
-0.679000 -1.384193 
-0.678000 -1.381200 
-0.677000 -1.378190 
-0.676000 -1.375166 
-0.675000 -1.372126 
-0.674000 -1.369070 
-0.673000 -1.365999 
-0.672000 -1.362913 
-0.671000 -1.359812 
-0.670000 -1.356695 
-0.669000 -1.353564 
-0.668000 -1.350417 
-0.667000 -1.347256 
-0.666000 -1.344080 
-0.665000 -1.340889 
-0.664000 -1.337683 
-0.663000 -1.334463 
-0.662000 -1.331228 
-0.661000 -1.327978 
-0.660000 -1.324714 
-0.659000 -1.321436 
-0.658000 -1.318143 
-0.657000 -1.314836 
-0.656000 -1.311515 
-0.655000 -1.308180 
-0.654000 -1.304830 
-0.653000 -1.301467 
-0.652000 -1.298089 
-0.651000 -1.294697 
-0.650000 -1.291292 
-0.649000 -1.287873 
-0.648000 -1.284440 
-0.647000 -1.280993 
-0.646000 -1.277532 
-0.645000 -1.274058 
-0.644000 -1.270570 
-0.643000 -1.267069 
-0.642000 -1.263554 
-0.641000 -1.260025 
-0.640000 -1.256483 
-0.639000 -1.252928 
-0.638000 -1.249359 
-0.637000 -1.245777 
-0.636000 -1.242182 
-0.635000 -1.238573 
-0.634000 -1.234952 
-0.633000 -1.231317 
-0.632000 -1.227669 
-0.631000 -1.224008 
-0.630000 -1.220333 
-0.629000 -1.216646 
-0.628000 -1.212946 
-0.627000 -1.209233 
-0.626000 -1.205506 
-0.625000 -1.201767 
-0.624000 -1.198015 
-0.623000 -1.194251 
-0.622000 -1.190473 
-0.621000 -1.186682 
-0.620000 -1.182879 
-0.619000 -1.179063 
-0.618000 -1.175235 
-0.617000 -1.171393 
-0.616000 -1.167539 
-0.615000 -1.163673 
-0.614000 -1.159793 
-0.613000 -1.155901 
-0.612000 -1.151997 
-0.611000 -1.148080 
-0.610000 -1.144150 
-0.609000 -1.140208 
-0.608000 -1.136254 
-0.607000 -1.132287 
-0.606000 -1.128307 
-0.605000 -1.124315 
-0.604000 -1.120311 
-0.603000 -1.116294 
-0.602000 -1.112265 
-0.601000 -1.108223 
-0.600000 -1.104169 
-0.599000 -1.100103 
-0.598000 -1.096024 
-0.597000 -1.091933 
-0.596000 -1.087829 
-0.595000 -1.083714 
-0.594000 -1.079586 
-0.593000 -1.075445 
-0.592000 -1.071293 
-0.591000 -1.067128 
-0.590000 -1.062951 
-0.589000 -1.058761 
-0.588000 -1.054560 
-0.587000 -1.050346 
-0.586000 -1.046120 
-0.585000 -1.041881 
-0.584000 -1.037631 
-0.583000 -1.033368 
-0.582000 -1.029093 
-0.581000 -1.024805 
-0.580000 -1.020506 
-0.579000 -1.016194 
-0.578000 -1.011870 
-0.577000 -1.007534 
-0.576000 -1.003186 
-0.575000 -0.998825 
-0.574000 -0.994452 
-0.573000 -0.990067 
-0.572000 -0.985670 
-0.571000 -0.981260 
-0.570000 -0.976839 
-0.569000 -0.972405 
-0.568000 -0.967958 
-0.567000 -0.963500 
-0.566000 -0.959029 
-0.565000 -0.954546 
-0.564000 -0.950051 
-0.563000 -0.945543 
-0.562000 -0.941024 
-0.561000 -0.936492 
-0.560000 -0.931947 
-0.559000 -0.927391 
-0.558000 -0.922822 
-0.557000 -0.918241 
-0.556000 -0.913647 
-0.555000 -0.909041 
-0.554000 -0.904423 
-0.553000 -0.899792 
-0.552000 -0.895149 
-0.551000 -0.890494 
-0.550000 -0.885826 
-0.549000 -0.881146 
-0.548000 -0.876454 
-0.547000 -0.871724 
-0.546000 -0.867007 
-0.545000 -0.862277 
-0.544000 -0.857534 
-0.543000 -0.852779 
-0.542000 -0.848012 
-0.541000 -0.843232 
-0.540000 -0.838439 
-0.539000 -0.833634 
-0.538000 -0.828816 
-0.537000 -0.823986 
-0.536000 -0.819143 
-0.535000 -0.814287 
-0.534000 -0.809419 
-0.533000 -0.804538 
-0.532000 -0.799644 
-0.531000 -0.794738 
-0.530000 -0.789818 
-0.529000 -0.784886 
-0.528000 -0.779941 
-0.527000 -0.774984 
-0.526000 -0.770013 
-0.525000 -0.765030 
-0.524000 -0.760034 
-0.523000 -0.755024 
-0.522000 -0.750002 
-0.521000 -0.744967 
-0.520000 -0.739919 
-0.519000 -0.734858 
-0.518000 -0.729783 
-0.517000 -0.724696 
-0.516000 -0.719596 
-0.515000 -0.714482 
-0.514000 -0.709355 
-0.513000 -0.704215 
-0.512000 -0.699062 
-0.511000 -0.693896 
-0.510000 -0.688716 
-0.509000 -0.683523 
-0.508000 -0.678316 
-0.507000 -0.673097 
-0.506000 -0.667863 
-0.505000 -0.662617 
-0.504000 -0.657356 
-0.503000 -0.652083 
-0.502000 -0.646795 
-0.501000 -0.641495 
-0.500000 -0.636180 
-0.499000 -0.630852 
-0.498000 -0.625510 
-0.497000 -0.620154 
-0.496000 -0.614785 
-0.495000 -0.609402 
-0.494000 -0.604005 
-0.493000 -0.598594 
-0.492000 -0.593169 
-0.491000 -0.587730 
-0.490000 -0.582277 
-0.489000 -0.576810 
-0.488000 -0.571329 
-0.487000 -0.565834 
-0.486000 -0.560325 
-0.485000 -0.554801 
-0.484000 -0.549264 
-0.483000 -0.543712 
-0.482000 -0.538145 
-0.481000 -0.532564 
-0.480000 -0.526969 
-0.479000 -0.521359 
-0.478000 -0.515735 
-0.477000 -0.510096 
-0.476000 -0.504443 
-0.475000 -0.498775 
-0.474000 -0.493092 
-0.473000 -0.487394 
-0.472000 -0.481682 
-0.471000 -0.475955 
-0.470000 -0.470212 
-0.469000 -0.464455 
-0.468000 -0.458683 
-0.467000 -0.452896 
-0.466000 -0.447094 
-0.465000 -0.441276 
-0.464000 -0.435444 
-0.463000 -0.429596 
-0.462000 -0.423733 
-0.461000 -0.417854 
-0.460000 -0.411960 
-0.459000 -0.406050 
-0.458000 -0.400125 
-0.457000 -0.394185 
-0.456000 -0.388228 
-0.455000 -0.382256 
-0.454000 -0.376269 
-0.453000 -0.370265 
-0.452000 -0.364246 
-0.451000 -0.358210 
-0.450000 -0.352159 
-0.449000 -0.346092 
-0.448000 -0.340008 
-0.447000 -0.333909 
-0.446000 -0.327793 
-0.445000 -0.321661 
-0.444000 -0.315512 
-0.443000 -0.309347 
-0.442000 -0.303166 
-0.441000 -0.296968 
-0.440000 -0.290753 
-0.439000 -0.284522 
-0.438000 -0.278274 
-0.437000 -0.272009 
-0.436000 -0.265728 
-0.435000 -0.259429 
-0.434000 -0.253113 
-0.433000 -0.246781 
-0.432000 -0.240431 
-0.431000 -0.234064 
-0.430000 -0.227680 
-0.429000 -0.221278 
-0.428000 -0.214859 
-0.427000 -0.208423 
-0.426000 -0.201969 
-0.425000 -0.195497 
-0.424000 -0.189008 
-0.423000 -0.182501 
-0.422000 -0.175976 
-0.421000 -0.169433 
-0.420000 -0.162873 
-0.419000 -0.156294 
-0.418000 -0.149697 
-0.417000 -0.143082 
-0.416000 -0.136448 
-0.415000 -0.129797 
-0.414000 -0.123126 
-0.413000 -0.116438 
-0.412000 -0.109730 
-0.411000 -0.103004 
-0.410000 -0.096260 
-0.409000 -0.089496 
-0.408000 -0.082714 
-0.407000 -0.075912 
-0.406000 -0.069092 
-0.405000 -0.062252 
-0.404000 -0.055393 
-0.403000 -0.048515 
-0.402000 -0.041617 
-0.401000 -0.034700 
-0.400000 -0.027763 
-0.399000 -0.020807 
-0.398000 -0.013831 
-0.397000 -0.006835 
-0.396000 0.000180 
-0.395000 0.007216 
-0.394000 0.014272 
-0.393000 0.021348 
-0.392000 0.028444 
-0.391000 0.035561 
-0.390000 0.042698 
-0.389000 0.049856 
-0.388000 0.057034 
-0.387000 0.064233 
-0.386000 0.071452 
-0.385000 0.078693 
-0.384000 0.085954 
-0.383000 0.093237 
-0.382000 0.100541 
-0.381000 0.107866 
-0.380000 0.115212 
-0.379000 0.122580 
-0.378000 0.129969 
-0.377000 0.137380 
-0.376000 0.144813 
-0.375000 0.152268 
-0.374000 0.159744 
-0.373000 0.167243 
-0.372000 0.174763 
-0.371000 0.182306 
-0.370000 0.189872 
-0.369000 0.197459 
-0.368000 0.205069 
-0.367000 0.212702 
-0.366000 0.220358 
-0.365000 0.228036 
-0.364000 0.235737 
-0.363000 0.243462 
-0.362000 0.251209 
-0.361000 0.258980 
-0.360000 0.266774 
-0.359000 0.274591 
-0.358000 0.282432 
-0.357000 0.290297 
-0.356000 0.298185 
-0.355000 0.306097 
-0.354000 0.314034 
-0.353000 0.321994 
-0.352000 0.329979 
-0.351000 0.337987 
-0.350000 0.346021 
-0.349000 0.354078 
-0.348000 0.362161 
-0.347000 0.370268 
-0.346000 0.378400 
-0.345000 0.386556 
-0.344000 0.394738 
-0.343000 0.402945 
-0.342000 0.411178 
-0.341000 0.419435 
-0.340000 0.427718 
-0.339000 0.436027 
-0.338000 0.444362 
-0.337000 0.452722 
-0.336000 0.461108 
-0.335000 0.469520 
-0.334000 0.477959 
-0.333000 0.486423 
-0.332000 0.494915 
-0.331000 0.503432 
-0.330000 0.511976 
-0.329000 0.520547 
-0.328000 0.529145 
-0.327000 0.537769 
-0.326000 0.546421 
-0.325000 0.555100 
-0.324000 0.563806 
-0.323000 0.572540 
-0.322000 0.581301 
-0.321000 0.590089 
-0.320000 0.598905 
-0.319000 0.607750 
-0.318000 0.616622 
-0.317000 0.625522 
-0.316000 0.634450 
-0.315000 0.643407 
-0.314000 0.652392 
-0.313000 0.661405 
-0.312000 0.670447 
-0.311000 0.679518 
-0.310000 0.688618 
-0.309000 0.697746 
-0.308000 0.706904 
-0.307000 0.716090 
-0.306000 0.725306 
-0.305000 0.734551 
-0.304000 0.743826 
-0.303000 0.753130 
-0.302000 0.762464 
-0.301000 0.771828 
-0.300000 0.781222 
-0.299000 0.790645 
-0.298000 0.800099 
-0.297000 0.809583 
-0.296000 0.819097 
-0.295000 0.828641 
-0.294000 0.838216 
-0.293000 0.847821 
-0.292000 0.857457 
-0.291000 0.867124 
-0.290000 0.876822 
-0.289000 0.886550 
-0.288000 0.896310 
-0.287000 0.906100 
-0.286000 0.915922 
-0.285000 0.925775 
-0.284000 0.935659 
-0.283000 0.945575 
-0.282000 0.955522 
-0.281000 0.965501 
-0.280000 0.975511 
-0.279000 0.985553 
-0.278000 0.995627 
-0.277000 1.005732 
-0.276000 1.015870 
-0.275000 1.026039 
-0.274000 1.036240 
-0.273000 1.046474 
-0.272000 1.056739 
-0.271000 1.067037 
-0.270000 1.077366 
-0.269000 1.087728 
-0.268000 1.098123 
-0.267000 1.108549 
-0.266000 1.119008 
-0.265000 1.129499 
-0.264000 1.140022 
-0.263000 1.150578 
-0.262000 1.161166 
-0.261000 1.171787 
-0.260000 1.182440 
-0.259000 1.193125 
-0.258000 1.203843 
-0.257000 1.214593 
-0.256000 1.225376 
-0.255000 1.236190 
-0.254000 1.247037 
-0.253000 1.257917 
-0.252000 1.268828 
-0.251000 1.279772 
-0.250000 1.290747 
-0.249000 1.301755 
-0.248000 1.312795 
-0.247000 1.323867 
-0.246000 1.334970 
-0.245000 1.346105 
-0.244000 1.357272 
-0.243000 1.368470 
-0.242000 1.379699 
-0.241000 1.390960 
-0.240000 1.402252 
-0.239000 1.413575 
-0.238000 1.424929 
-0.237000 1.436313 
-0.236000 1.447728 
-0.235000 1.459173 
-0.234000 1.470648 
-0.233000 1.482153 
-0.232000 1.493688 
-0.231000 1.505252 
-0.230000 1.516845 
-0.229000 1.528467 
-0.228000 1.540118 
-0.227000 1.551797 
-0.226000 1.563505 
-0.225000 1.575240 
-0.224000 1.587002 
-0.223000 1.598791 
-0.222000 1.610607 
-0.221000 1.622450 
-0.220000 1.634318 
-0.219000 1.646212 
-0.218000 1.658131 
-0.217000 1.670074 
-0.216000 1.682042 
-0.215000 1.694033 
-0.214000 1.706048 
-0.213000 1.718085 
-0.212000 1.730144 
-0.211000 1.742225 
-0.210000 1.754326 
-0.209000 1.766448 
-0.208000 1.778589 
-0.207000 1.790750 
-0.206000 1.802929 
-0.205000 1.815125 
-0.204000 1.827338 
-0.203000 1.839567 
-0.202000 1.851811 
-0.201000 1.864070 
-0.200000 1.876342 
-0.199000 1.888627 
-0.198000 1.900923 
-0.197000 1.913230 
-0.196000 1.925547 
-0.195000 1.937873 
-0.194000 1.950206 
-0.193000 1.962546 
-0.192000 1.974891 
-0.191000 1.987240 
-0.190000 1.999593 
-0.189000 2.011947 
-0.188000 2.024301 
-0.187000 2.036655 
-0.186000 2.049006 
-0.185000 2.061354 
-0.184000 2.073696 
-0.183000 2.086032 
-0.182000 2.098360 
-0.181000 2.110677 
-0.180000 2.122983 
-0.179000 2.135276 
-0.178000 2.147553 
-0.177000 2.159813 
-0.176000 2.172055 
-0.175000 2.184276 
-0.174000 2.196474 
-0.173000 2.208647 
-0.172000 2.220793 
-0.171000 2.232910 
-0.170000 2.244995 
-0.169000 2.257047 
-0.168000 2.269063 
-0.167000 2.281039 
-0.166000 2.292975 
-0.165000 2.304867 
-0.164000 2.316712 
-0.163000 2.328508 
-0.162000 2.340252 
-0.161000 2.351941 
-0.160000 2.363572 
-0.159000 2.375142 
-0.158000 2.386648 
-0.157000 2.398086 
-0.156000 2.409454 
-0.155000 2.420747 
-0.154000 2.431963 
-0.153000 2.443097 
-0.152000 2.454147 
-0.151000 2.465108 
-0.150000 2.475976 
-0.149000 2.486748 
-0.148000 2.497419 
-0.147000 2.507985 
-0.146000 2.518443 
-0.145000 2.528787 
-0.144000 2.539013 
-0.143000 2.549117 
-0.142000 2.559094 
-0.141000 2.568939 
-0.140000 2.578647 
-0.139000 2.588214 
-0.138000 2.597634 
-0.137000 2.606903 
-0.136000 2.616014 
-0.135000 2.624962 
-0.134000 2.633743 
-0.133000 2.642350 
-0.132000 2.650778 
-0.131000 2.659020 
-0.130000 2.667072 
-0.129000 2.674926 
-0.128000 2.682577 
-0.127000 2.690019 
-0.126000 2.697245 
-0.125000 2.704249 
-0.124000 2.711024 
-0.123000 2.717565 
-0.122000 2.723863 
-0.121000 2.729912 
-0.120000 2.735707 
-0.119000 2.741238 
-0.118000 2.746500 
-0.117000 2.751486 
-0.116000 2.756188 
-0.115000 2.760599 
-0.114000 2.764712 
-0.113000 2.768519 
-0.112000 2.772014 
-0.111000 2.775188 
-0.110000 2.778035 
-0.109000 2.780546 
-0.108000 2.782715 
-0.107000 2.784534 
-0.106000 2.785995 
-0.105000 2.787091 
-0.104000 2.787815 
-0.103000 2.788158 
-0.102000 2.788115 
-0.101000 2.787676 
-0.100000 2.786835 
-0.099000 2.785585 
-0.098000 2.783919 
-0.097000 2.781829 
-0.096000 2.779309 
-0.095000 2.776351 
-0.094000 2.772950 
-0.093000 2.769097 
-0.092000 2.764788 
-0.091000 2.760015 
-0.090000 2.754773 
-0.089000 2.749056 
-0.088000 2.742858 
-0.087000 2.736174 
-0.086000 2.728998 
-0.085000 2.721326 
-0.084000 2.713153 
-0.083000 2.704474 
-0.082000 2.695286 
-0.081000 2.685584 
-0.080000 2.675366 
-0.079000 2.664627 
-0.078000 2.653366 
-0.077000 2.641580 
-0.076000 2.629267 
-0.075000 2.616425 
-0.074000 2.603054 
-0.073000 2.589151 
-0.072000 2.574718 
-0.071000 2.559754 
-0.070000 2.544259 
-0.069000 2.528234 
-0.068000 2.511682 
-0.067000 2.494603 
-0.066000 2.477000 
-0.065000 2.458876 
-0.064000 2.440234 
-0.063000 2.421077 
-0.062000 2.401412 
-0.061000 2.381240 
-0.060000 2.360569 
-0.059000 2.339404 
-0.058000 2.317751 
-0.057000 2.295616 
-0.056000 2.273007 
-0.055000 2.249931 
-0.054000 2.226397 
-0.053000 2.202411 
-0.052000 2.177985 
-0.051000 2.153126 
-0.050000 2.127845 
-0.049000 2.102151 
-0.048000 2.076055 
-0.047000 2.049446 
-0.046000 2.022576 
-0.045000 1.995337 
-0.044000 1.967741 
-0.043000 1.939800 
-0.042000 1.911525 
-0.041000 1.882931 
-0.040000 1.854028 
-0.039000 1.824832 
-0.038000 1.795354 
-0.037000 1.765607 
-0.036000 1.735607 
-0.035000 1.705366 
-0.034000 1.674897 
-0.033000 1.644216 
-0.032000 1.613335 
-0.031000 1.582269 
-0.030000 1.551031 
-0.029000 1.519636 
-0.028000 1.488097 
-0.027000 1.456429 
-0.026000 1.424644 
-0.025000 1.392757 
-0.024000 1.360781 
-0.023000 1.328730 
-0.022000 1.296618 
-0.021000 1.264456 
-0.020000 1.232259 
-0.019000 1.200038 
-0.018000 1.167808 
-0.017000 1.135579 
-0.016000 1.103365 
-0.015000 1.071177 
-0.014000 1.039026 
-0.013000 1.006925 
-0.012000 0.974885 
-0.011000 0.942915 
-0.010000 0.911028 
-0.009000 0.879232 
-0.008000 0.847539 
-0.007000 0.815958 
-0.006000 0.784498 
-0.005000 0.753168 
-0.004000 0.721977 
-0.003000 0.690934 
-0.002000 0.660047 
-0.001000 0.629323 
-0.000000 0.598770 
0.001000 0.568396 
0.002000 0.538207 
0.003000 0.508209 
0.004000 0.478410 
0.005000 0.448815 
0.006000 0.419429 
0.007000 0.390259 
0.008000 0.361309 
0.009000 0.332584 
0.010000 0.304089 
0.011000 0.275827 
0.012000 0.247803 
0.013000 0.220021 
0.014000 0.192483 
0.015000 0.165194 
0.016000 0.138156 
0.017000 0.111371 
0.018000 0.084843 
0.019000 0.058573 
0.020000 0.032564 
0.021000 0.006817 
0.022000 -0.018666 
0.023000 -0.043884 
0.024000 -0.068835 
0.025000 -0.093519 
0.026000 -0.117935 
0.027000 -0.142081 
0.028000 -0.165959 
0.029000 -0.189566 
0.030000 -0.212903 
0.031000 -0.235971 
0.032000 -0.258768 
0.033000 -0.281297 
0.034000 -0.303556 
0.035000 -0.325546 
0.036000 -0.347268 
0.037000 -0.368723 
0.038000 -0.389912 
0.039000 -0.410835 
0.040000 -0.431494 
0.041000 -0.451890 
0.042000 -0.472024 
0.043000 -0.491897 
0.044000 -0.511511 
0.045000 -0.530868 
0.046000 -0.549968 
0.047000 -0.568813 
0.048000 -0.587406 
0.049000 -0.605747 
0.050000 -0.623839 
0.051000 -0.641683 
0.052000 -0.659282 
0.053000 -0.676637 
0.054000 -0.693750 
0.055000 -0.710624 
0.056000 -0.727259 
0.057000 -0.743659 
0.058000 -0.759825 
0.059000 -0.775760 
0.060000 -0.791465 
0.061000 -0.806943 
0.062000 -0.822195 
0.063000 -0.837225 
0.064000 -0.852034 
0.065000 -0.866625 
0.066000 -0.880999 
0.067000 -0.895159 
0.068000 -0.909107 
0.069000 -0.922846 
0.070000 -0.936377 
0.071000 -0.949703 
0.072000 -0.962826 
0.073000 -0.975748 
0.074000 -0.988471 
0.075000 -1.000999 
0.076000 -1.013332 
0.077000 -1.025473 
0.078000 -1.037424 
0.079000 -1.049188 
0.080000 -1.060767 
0.081000 -1.072162 
0.082000 -1.083376 
0.083000 -1.094412 
0.084000 -1.105270 
0.085000 -1.115954 
0.086000 -1.126465 
0.087000 -1.136805 
0.088000 -1.146977 
0.089000 -1.156983 
0.090000 -1.166824 
0.091000 -1.176503 
0.092000 -1.186021 
0.093000 -1.195381 
0.094000 -1.204584 
0.095000 -1.213633 
0.096000 -1.222530 
0.097000 -1.231275 
0.098000 -1.239872 
0.099000 -1.248322 
0.100000 -1.256626 
0.101000 -1.264787 
0.102000 -1.272807 
0.103000 -1.280687 
0.104000 -1.288429 
0.105000 -1.296035 
0.106000 -1.303507 
0.107000 -1.310845 
0.108000 -1.318053 
0.109000 -1.325131 
0.110000 -1.332082 
0.111000 -1.338906 
0.112000 -1.345606 
0.113000 -1.352182 
0.114000 -1.358638 
0.115000 -1.364973 
0.116000 -1.371190 
0.117000 -1.377291 
0.118000 -1.383276 
0.119000 -1.389147 
0.120000 -1.394906 
0.121000 -1.400554 
0.122000 -1.406093 
0.123000 -1.411523 
0.124000 -1.416847 
0.125000 -1.422065 
0.126000 -1.427179 
0.127000 -1.432191 
0.128000 -1.437101 
0.129000 -1.441911 
0.130000 -1.446622 
0.131000 -1.451235 
0.132000 -1.455753 
0.133000 -1.460175 
0.134000 -1.464503 
0.135000 -1.468738 
0.136000 -1.472882 
0.137000 -1.476935 
0.138000 -1.480899 
0.139000 -1.484775 
0.140000 -1.488564 
0.141000 -1.492267 
0.142000 -1.495885 
0.143000 -1.499419 
0.144000 -1.502871 
0.145000 -1.506241 
0.146000 -1.509530 
0.147000 -1.512739 
0.148000 -1.515870 
0.149000 -1.518923 
0.150000 -1.521899 
0.151000 -1.524799 
0.152000 -1.527625 
0.153000 -1.530376 
0.154000 -1.533054 
0.155000 -1.535661 
0.156000 -1.538196 
0.157000 -1.540660 
0.158000 -1.543055 
0.159000 -1.545381 
0.160000 -1.547640 
0.161000 -1.549831 
0.162000 -1.551956 
0.163000 -1.554016 
0.164000 -1.556011 
0.165000 -1.557942 
0.166000 -1.559810 
0.167000 -1.561615 
0.168000 -1.563359 
0.169000 -1.565042 
0.170000 -1.566665 
0.171000 -1.568228 
0.172000 -1.569733 
0.173000 -1.571180 
0.174000 -1.572569 
0.175000 -1.573901 
0.176000 -1.575178 
0.177000 -1.576399 
0.178000 -1.577565 
0.179000 -1.578677 
0.180000 -1.579736 
0.181000 -1.580741 
0.182000 -1.581695 
0.183000 -1.582597 
0.184000 -1.583447 
0.185000 -1.584248 
0.186000 -1.584998 
0.187000 -1.585699 
0.188000 -1.586351 
0.189000 -1.586955 
0.190000 -1.587511 
0.191000 -1.588019 
0.192000 -1.588482 
0.193000 -1.588898 
0.194000 -1.589268 
0.195000 -1.589593 
0.196000 -1.589874 
0.197000 -1.590110 
0.198000 -1.590303 
0.199000 -1.590453 
0.200000 -1.590560 
0.201000 -1.590624 
0.202000 -1.590647 
0.203000 -1.590629 
0.204000 -1.590569 
0.205000 -1.590469 
0.206000 -1.590329 
0.207000 -1.590149 
0.208000 -1.589931 
0.209000 -1.589673 
0.210000 -1.589377 
0.211000 -1.589043 
0.212000 -1.588671 
0.213000 -1.588262 
0.214000 -1.587817 
0.215000 -1.587334 
0.216000 -1.586816 
0.217000 -1.586262 
0.218000 -1.585673 
0.219000 -1.585049 
0.220000 -1.584390 
0.221000 -1.583697 
0.222000 -1.582970 
0.223000 -1.582209 
0.224000 -1.581415 
0.225000 -1.580588 
0.226000 -1.579728 
0.227000 -1.578836 
0.228000 -1.577913 
0.229000 -1.576957 
0.230000 -1.575970 
0.231000 -1.574952 
0.232000 -1.573903 
0.233000 -1.572824 
0.234000 -1.571715 
0.235000 -1.570575 
0.236000 -1.569406 
0.237000 -1.568208 
0.238000 -1.566980 
0.239000 -1.565724 
0.240000 -1.564439 
0.241000 -1.563126 
0.242000 -1.561785 
0.243000 -1.560416 
0.244000 -1.559020 
0.245000 -1.557596 
0.246000 -1.556146 
0.247000 -1.554668 
0.248000 -1.553164 
0.249000 -1.551634 
0.250000 -1.550078 
0.251000 -1.548496 
0.252000 -1.546888 
0.253000 -1.545255 
0.254000 -1.543596 
0.255000 -1.541913 
0.256000 -1.540205 
0.257000 -1.538472 
0.258000 -1.536715 
0.259000 -1.534934 
0.260000 -1.533128 
0.261000 -1.531300 
0.262000 -1.529447 
0.263000 -1.527571 
0.264000 -1.525672 
0.265000 -1.523750 
0.266000 -1.521806 
0.267000 -1.519838 
0.268000 -1.517849 
0.269000 -1.515837 
0.270000 -1.513803 
0.271000 -1.511747 
0.272000 -1.509669 
0.273000 -1.507569 
0.274000 -1.505449 
0.275000 -1.503307 
0.276000 -1.501144 
0.277000 -1.498960 
0.278000 -1.496755 
0.279000 -1.494530 
0.280000 -1.492284 
0.281000 -1.490018 
0.282000 -1.487731 
0.283000 -1.485425 
0.284000 -1.483099 
0.285000 -1.480753 
0.286000 -1.478387 
0.287000 -1.476002 
0.288000 -1.473598 
0.289000 -1.471175 
0.290000 -1.468732 
0.291000 -1.466270 
0.292000 -1.463790 
0.293000 -1.461291 
0.294000 -1.458774 
0.295000 -1.456238 
0.296000 -1.453683 
0.297000 -1.451111 
0.298000 -1.448520 
0.299000 -1.445912 
0.300000 -1.443285 
0.301000 -1.440641 
0.302000 -1.437979 
0.303000 -1.435300 
0.304000 -1.432603 
0.305000 -1.429889 
0.306000 -1.427158 
0.307000 -1.424410 
0.308000 -1.421645 
0.309000 -1.418863 
0.310000 -1.416064 
0.311000 -1.413248 
0.312000 -1.410416 
0.313000 -1.407567 
0.314000 -1.404702 
0.315000 -1.401820 
0.316000 -1.398922 
0.317000 -1.396008 
0.318000 -1.393078 
0.319000 -1.390132 
0.320000 -1.387171 
0.321000 -1.384193 
0.322000 -1.381200 
0.323000 -1.378190 
0.324000 -1.375166 
0.325000 -1.372126 
0.326000 -1.369070 
0.327000 -1.365999 
0.328000 -1.362913 
0.329000 -1.359812 
0.330000 -1.356695 
0.331000 -1.353564 
0.332000 -1.350417 
0.333000 -1.347256 
0.334000 -1.344080 
0.335000 -1.340889 
0.336000 -1.337683 
0.337000 -1.334463 
0.338000 -1.331228 
0.339000 -1.327978 
0.340000 -1.324714 
0.341000 -1.321436 
0.342000 -1.318143 
0.343000 -1.314836 
0.344000 -1.311515 
0.345000 -1.308180 
0.346000 -1.304830 
0.347000 -1.301467 
0.348000 -1.298089 
0.349000 -1.294697 
0.350000 -1.291292 
0.351000 -1.287873 
0.352000 -1.284440 
0.353000 -1.280993 
0.354000 -1.277532 
0.355000 -1.274058 
0.356000 -1.270570 
0.357000 -1.267069 
0.358000 -1.263554 
0.359000 -1.260025 
0.360000 -1.256483 
0.361000 -1.252928 
0.362000 -1.249359 
0.363000 -1.245777 
0.364000 -1.242182 
0.365000 -1.238573 
0.366000 -1.234952 
0.367000 -1.231317 
0.368000 -1.227669 
0.369000 -1.224008 
0.370000 -1.220333 
0.371000 -1.216646 
0.372000 -1.212946 
0.373000 -1.209233 
0.374000 -1.205506 
0.375000 -1.201767 
0.376000 -1.198015 
0.377000 -1.194251 
0.378000 -1.190473 
0.379000 -1.186682 
0.380000 -1.182879 
0.381000 -1.179063 
0.382000 -1.175235 
0.383000 -1.171393 
0.384000 -1.167539 
0.385000 -1.163673 
0.386000 -1.159793 
0.387000 -1.155901 
0.388000 -1.151997 
0.389000 -1.148080 
0.390000 -1.144150 
0.391000 -1.140208 
0.392000 -1.136254 
0.393000 -1.132287 
0.394000 -1.128307 
0.395000 -1.124315 
0.396000 -1.120311 
0.397000 -1.116294 
0.398000 -1.112265 
0.399000 -1.108223 
0.400000 -1.104169 
0.401000 -1.100103 
0.402000 -1.096024 
0.403000 -1.091933 
0.404000 -1.087829 
0.405000 -1.083714 
0.406000 -1.079586 
0.407000 -1.075445 
0.408000 -1.071293 
0.409000 -1.067128 
0.410000 -1.062951 
0.411000 -1.058761 
0.412000 -1.054560 
0.413000 -1.050346 
0.414000 -1.046120 
0.415000 -1.041881 
0.416000 -1.037631 
0.417000 -1.033368 
0.418000 -1.029093 
0.419000 -1.024805 
0.420000 -1.020506 
0.421000 -1.016194 
0.422000 -1.011870 
0.423000 -1.007534 
0.424000 -1.003186 
0.425000 -0.998825 
0.426000 -0.994452 
0.427000 -0.990067 
0.428000 -0.985670 
0.429000 -0.981260 
0.430000 -0.976839 
0.431000 -0.972405 
0.432000 -0.967958 
0.433000 -0.963500 
0.434000 -0.959029 
0.435000 -0.954546 
0.436000 -0.950051 
0.437000 -0.945543 
0.438000 -0.941024 
0.439000 -0.936492 
0.440000 -0.931947 
0.441000 -0.927391 
0.442000 -0.922822 
0.443000 -0.918241 
0.444000 -0.913647 
0.445000 -0.909041 
0.446000 -0.904423 
0.447000 -0.899792 
0.448000 -0.895149 
0.449000 -0.890494 
0.450000 -0.885826 
0.451000 -0.881146 
0.452000 -0.876454 
0.453000 -0.871724 
0.454000 -0.867007 
0.455000 -0.862277 
0.456000 -0.857534 
0.457000 -0.852779 
0.458000 -0.848012 
0.459000 -0.843232 
0.460000 -0.838439 
0.461000 -0.833634 
0.462000 -0.828816 
0.463000 -0.823986 
0.464000 -0.819143 
0.465000 -0.814287 
0.466000 -0.809419 
0.467000 -0.804538 
0.468000 -0.799644 
0.469000 -0.794738 
0.470000 -0.789818 
0.471000 -0.784886 
0.472000 -0.779941 
0.473000 -0.774984 
0.474000 -0.770013 
0.475000 -0.765030 
0.476000 -0.760034 
0.477000 -0.755024 
0.478000 -0.750002 
0.479000 -0.744967 
0.480000 -0.739919 
0.481000 -0.734858 
0.482000 -0.729783 
0.483000 -0.724696 
0.484000 -0.719596 
0.485000 -0.714482 
0.486000 -0.709355 
0.487000 -0.704215 
0.488000 -0.699062 
0.489000 -0.693896 
0.490000 -0.688716 
0.491000 -0.683523 
0.492000 -0.678316 
0.493000 -0.673097 
0.494000 -0.667863 
0.495000 -0.662617 
0.496000 -0.657356 
0.497000 -0.652083 
0.498000 -0.646795 
0.499000 -0.641495 
0.500000 -0.636180 
0.501000 -0.630852 
0.502000 -0.625510 
0.503000 -0.620154 
0.504000 -0.614785 
0.505000 -0.609402 
0.506000 -0.604005 
0.507000 -0.598594 
0.508000 -0.593169 
0.509000 -0.587730 
0.510000 -0.582277 
0.511000 -0.576810 
0.512000 -0.571329 
0.513000 -0.565834 
0.514000 -0.560325 
0.515000 -0.554801 
0.516000 -0.549264 
0.517000 -0.543712 
0.518000 -0.538145 
0.519000 -0.532564 
0.520000 -0.526969 
0.521000 -0.521359 
0.522000 -0.515735 
0.523000 -0.510096 
0.524000 -0.504443 
0.525000 -0.498775 
0.526000 -0.493092 
0.527000 -0.487394 
0.528000 -0.481682 
0.529000 -0.475955 
0.530000 -0.470212 
0.531000 -0.464455 
0.532000 -0.458683 
0.533000 -0.452896 
0.534000 -0.447094 
0.535000 -0.441276 
0.536000 -0.435444 
0.537000 -0.429596 
0.538000 -0.423733 
0.539000 -0.417854 
0.540000 -0.411960 
0.541000 -0.406050 
0.542000 -0.400125 
0.543000 -0.394185 
0.544000 -0.388228 
0.545000 -0.382256 
0.546000 -0.376269 
0.547000 -0.370265 
0.548000 -0.364246 
0.549000 -0.358210 
0.550000 -0.352159 
0.551000 -0.346092 
0.552000 -0.340008 
0.553000 -0.333909 
0.554000 -0.327793 
0.555000 -0.321661 
0.556000 -0.315512 
0.557000 -0.309347 
0.558000 -0.303166 
0.559000 -0.296968 
0.560000 -0.290753 
0.561000 -0.284522 
0.562000 -0.278274 
0.563000 -0.272009 
0.564000 -0.265728 
0.565000 -0.259429 
0.566000 -0.253113 
0.567000 -0.246781 
0.568000 -0.240431 
0.569000 -0.234064 
0.570000 -0.227680 
0.571000 -0.221278 
0.572000 -0.214859 
0.573000 -0.208423 
0.574000 -0.201969 
0.575000 -0.195497 
0.576000 -0.189008 
0.577000 -0.182501 
0.578000 -0.175976 
0.579000 -0.169433 
0.580000 -0.162873 
0.581000 -0.156294 
0.582000 -0.149697 
0.583000 -0.143082 
0.584000 -0.136448 
0.585000 -0.129797 
0.586000 -0.123126 
0.587000 -0.116438 
0.588000 -0.109730 
0.589000 -0.103004 
0.590000 -0.096260 
0.591000 -0.089496 
0.592000 -0.082714 
0.593000 -0.075912 
0.594000 -0.069092 
0.595000 -0.062252 
0.596000 -0.055393 
0.597000 -0.048515 
0.598000 -0.041617 
0.599000 -0.034700 
0.600000 -0.027763 
0.601000 -0.020807 
0.602000 -0.013831 
0.603000 -0.006835 
0.604000 0.000180 
0.605000 0.007216 
0.606000 0.014272 
0.607000 0.021348 
0.608000 0.028444 
0.609000 0.035561 
0.610000 0.042698 
0.611000 0.049856 
0.612000 0.057034 
0.613000 0.064233 
0.614000 0.071452 
0.615000 0.078693 
0.616000 0.085954 
0.617000 0.093237 
0.618000 0.100541 
0.619000 0.107866 
0.620000 0.115212 
0.621000 0.122580 
0.622000 0.129969 
0.623000 0.137380 
0.624000 0.144813 
0.625000 0.152268 
0.626000 0.159744 
0.627000 0.167243 
0.628000 0.174763 
0.629000 0.182306 
0.630000 0.189872 
0.631000 0.197459 
0.632000 0.205069 
0.633000 0.212702 
0.634000 0.220358 
0.635000 0.228036 
0.636000 0.235737 
0.637000 0.243462 
0.638000 0.251209 
0.639000 0.258980 
0.640000 0.266774 
0.641000 0.274591 
0.642000 0.282432 
0.643000 0.290297 
0.644000 0.298185 
0.645000 0.306097 
0.646000 0.314034 
0.647000 0.321994 
0.648000 0.329979 
0.649000 0.337987 
0.650000 0.346021 
0.651000 0.354078 
0.652000 0.362161 
0.653000 0.370268 
0.654000 0.378400 
0.655000 0.386556 
0.656000 0.394738 
0.657000 0.402945 
0.658000 0.411178 
0.659000 0.419435 
0.660000 0.427718 
0.661000 0.436027 
0.662000 0.444362 
0.663000 0.452722 
0.664000 0.461108 
0.665000 0.469520 
0.666000 0.477959 
0.667000 0.486423 
0.668000 0.494915 
0.669000 0.503432 
0.670000 0.511976 
0.671000 0.520547 
0.672000 0.529145 
0.673000 0.537769 
0.674000 0.546421 
0.675000 0.555100 
0.676000 0.563806 
0.677000 0.572540 
0.678000 0.581301 
0.679000 0.590089 
0.680000 0.598905 
0.681000 0.607750 
0.682000 0.616622 
0.683000 0.625522 
0.684000 0.634450 
0.685000 0.643407 
0.686000 0.652392 
0.687000 0.661405 
0.688000 0.670447 
0.689000 0.679518 
0.690000 0.688618 
0.691000 0.697746 
0.692000 0.706904 
0.693000 0.716090 
0.694000 0.725306 
0.695000 0.734551 
0.696000 0.743826 
0.697000 0.753130 
0.698000 0.762464 
0.699000 0.771828 
0.700000 0.781222 
0.701000 0.790645 
0.702000 0.800099 
0.703000 0.809583 
0.704000 0.819097 
0.705000 0.828641 
0.706000 0.838216 
0.707000 0.847821 
0.708000 0.857457 
0.709000 0.867124 
0.710000 0.876822 
0.711000 0.886550 
0.712000 0.896310 
0.713000 0.906100 
0.714000 0.915922 
0.715000 0.925775 
0.716000 0.935659 
0.717000 0.945575 
0.718000 0.955522 
0.719000 0.965501 
0.720000 0.975511 
0.721000 0.985553 
0.722000 0.995627 
0.723000 1.005732 
0.724000 1.015870 
0.725000 1.026039 
0.726000 1.036240 
0.727000 1.046474 
0.728000 1.056739 
0.729000 1.067037 
0.730000 1.077366 
0.731000 1.087728 
0.732000 1.098123 
0.733000 1.108549 
0.734000 1.119008 
0.735000 1.129499 
0.736000 1.140022 
0.737000 1.150578 
0.738000 1.161166 
0.739000 1.171787 
0.740000 1.182440 
0.741000 1.193125 
0.742000 1.203843 
0.743000 1.214593 
0.744000 1.225376 
0.745000 1.236190 
0.746000 1.247037 
0.747000 1.257917 
0.748000 1.268828 
0.749000 1.279772 
0.750000 1.290747 
0.751000 1.301755 
0.752000 1.312795 
0.753000 1.323867 
0.754000 1.334970 
0.755000 1.346105 
0.756000 1.357272 
0.757000 1.368470 
0.758000 1.379699 
0.759000 1.390960 
0.760000 1.402252 
0.761000 1.413575 
0.762000 1.424929 
0.763000 1.436313 
0.764000 1.447728 
0.765000 1.459173 
0.766000 1.470648 
0.767000 1.482153 
0.768000 1.493688 
0.769000 1.505252 
0.770000 1.516845 
0.771000 1.528467 
0.772000 1.540118 
0.773000 1.551797 
0.774000 1.563505 
0.775000 1.575240 
0.776000 1.587002 
0.777000 1.598791 
0.778000 1.610607 
0.779000 1.622450 
0.780000 1.634318 
0.781000 1.646212 
0.782000 1.658131 
0.783000 1.670074 
0.784000 1.682042 
0.785000 1.694033 
0.786000 1.706048 
0.787000 1.718085 
0.788000 1.730144 
0.789000 1.742225 
0.790000 1.754326 
0.791000 1.766448 
0.792000 1.778589 
0.793000 1.790750 
0.794000 1.802929 
0.795000 1.815125 
0.796000 1.827338 
0.797000 1.839567 
0.798000 1.851811 
0.799000 1.864070 
0.800000 1.876342 
0.801000 1.888627 
0.802000 1.900923 
0.803000 1.913230 
0.804000 1.925547 
0.805000 1.937873 
0.806000 1.950206 
0.807000 1.962546 
0.808000 1.974891 
0.809000 1.987240 
0.810000 1.999593 
0.811000 2.011947 
0.812000 2.024301 
0.813000 2.036655 
0.814000 2.049006 
0.815000 2.061354 
0.816000 2.073696 
0.817000 2.086032 
0.818000 2.098360 
0.819000 2.110677 
0.820000 2.122983 
0.821000 2.135276 
0.822000 2.147553 
0.823000 2.159813 
0.824000 2.172055 
0.825000 2.184276 
0.826000 2.196474 
0.827000 2.208647 
0.828000 2.220793 
0.829000 2.232910 
0.830000 2.244995 
0.831000 2.257047 
0.832000 2.269063 
0.833000 2.281039 
0.834000 2.292975 
0.835000 2.304867 
0.836000 2.316712 
0.837000 2.328508 
0.838000 2.340252 
0.839000 2.351941 
0.840000 2.363572 
0.841000 2.375142 
0.842000 2.386648 
0.843000 2.398086 
0.844000 2.409454 
0.845000 2.420747 
0.846000 2.431963 
0.847000 2.443097 
0.848000 2.454147 
0.849000 2.465108 
0.850000 2.475976 
0.851000 2.486748 
0.852000 2.497419 
0.853000 2.507985 
0.854000 2.518443 
0.855000 2.528787 
0.856000 2.539013 
0.857000 2.549117 
0.858000 2.559094 
0.859000 2.568939 
0.860000 2.578647 
0.861000 2.588214 
0.862000 2.597634 
0.863000 2.606903 
0.864000 2.616014 
0.865000 2.624962 
0.866000 2.633743 
0.867000 2.642350 
0.868000 2.650778 
0.869000 2.659020 
0.870000 2.667072 
0.871000 2.674926 
0.872000 2.682577 
0.873000 2.690019 
0.874000 2.697245 
0.875000 2.704249 
0.876000 2.711024 
0.877000 2.717565 
0.878000 2.723863 
0.879000 2.729912 
0.880000 2.735707 
0.881000 2.741238 
0.882000 2.746500 
0.883000 2.751486 
0.884000 2.756188 
0.885000 2.760599 
0.886000 2.764712 
0.887000 2.768519 
0.888000 2.772014 
0.889000 2.775188 
0.890000 2.778035 
0.891000 2.780546 
0.892000 2.782715 
0.893000 2.784534 
0.894000 2.785995 
0.895000 2.787091 
0.896000 2.787815 
0.897000 2.788158 
0.898000 2.788115 
0.899000 2.787676 
0.900000 2.786835 
0.901000 2.785585 
0.902000 2.783919 
0.903000 2.781829 
0.904000 2.779309 
0.905000 2.776351 
0.906000 2.772950 
0.907000 2.769097 
0.908000 2.764788 
0.909000 2.760015 
0.910000 2.754773 
0.911000 2.749056 
0.912000 2.742858 
0.913000 2.736174 
0.914000 2.728998 
0.915000 2.721326 
0.916000 2.713153 
0.917000 2.704474 
0.918000 2.695286 
0.919000 2.685584 
0.920000 2.675366 
0.921000 2.664627 
0.922000 2.653366 
0.923000 2.641580 
0.924000 2.629267 
0.925000 2.616425 
0.926000 2.603054 
0.927000 2.589151 
0.928000 2.574718 
0.929000 2.559754 
0.930000 2.544259 
0.931000 2.528234 
0.932000 2.511682 
0.933000 2.494603 
0.934000 2.477000 
0.935000 2.458876 
0.936000 2.440234 
0.937000 2.421077 
0.938000 2.401412 
0.939000 2.381240 
0.940000 2.360569 
0.941000 2.339404 
0.942000 2.317751 
0.943000 2.295616 
0.944000 2.273007 
0.945000 2.249931 
0.946000 2.226397 
0.947000 2.202411 
0.948000 2.177985 
0.949000 2.153126 
0.950000 2.127845 
0.951000 2.102151 
0.952000 2.076055 
0.953000 2.049446 
0.954000 2.022576 
0.955000 1.995337 
0.956000 1.967741 
0.957000 1.939800 
0.958000 1.911525 
0.959000 1.882931 
0.960000 1.854028 
0.961000 1.824832 
0.962000 1.795354 
0.963000 1.765607 
0.964000 1.735607 
0.965000 1.705366 
0.966000 1.674897 
0.967000 1.644216 
0.968000 1.613335 
0.969000 1.582269 
0.970000 1.551031 
0.971000 1.519636 
0.972000 1.488097 
0.973000 1.456429 
0.974000 1.424644 
0.975000 1.392757 
0.976000 1.360781 
0.977000 1.328730 
0.978000 1.296618 
0.979000 1.264456 
0.980000 1.232259 
0.981000 1.200038 
0.982000 1.167808 
0.983000 1.135579 
0.984000 1.103365 
0.985000 1.071177 
0.986000 1.039026 
0.987000 1.006925 
0.988000 0.974885 
0.989000 0.942915 
0.990000 0.911028 
0.991000 0.879232 
0.992000 0.847539 
0.993000 0.815958 
0.994000 0.784498 
0.995000 0.753168 
0.996000 0.721977 
0.997000 0.690934 
0.998000 0.660047 
0.999000 0.629323 
1.000000 0.598770 
1.001000 0.568396 
1.002000 0.538207 
1.003000 0.508209 
1.004000 0.478410 
1.005000 0.448815 
1.006000 0.419429 
1.007000 0.390259 
1.008000 0.361309 
1.009000 0.332584 
1.010000 0.304089 
1.011000 0.275827 
1.012000 0.247803 
1.013000 0.220021 
1.014000 0.192483 
1.015000 0.165194 
1.016000 0.138156 
1.017000 0.111371 
1.018000 0.084843 
1.019000 0.058573 
1.020000 0.032564 
1.021000 0.006817 
1.022000 -0.018666 
1.023000 -0.043884 
1.024000 -0.068835 
1.025000 -0.093519 
1.026000 -0.117935 
1.027000 -0.142081 
1.028000 -0.165959 
1.029000 -0.189566 
1.030000 -0.212903 
1.031000 -0.235971 
1.032000 -0.258768 
1.033000 -0.281297 
1.034000 -0.303556 
1.035000 -0.325546 
1.036000 -0.347268 
1.037000 -0.368723 
1.038000 -0.389912 
1.039000 -0.410835 
1.040000 -0.431494 
1.041000 -0.451890 
1.042000 -0.472024 
1.043000 -0.491897 
1.044000 -0.511511 
1.045000 -0.530868 
1.046000 -0.549968 
1.047000 -0.568813 
1.048000 -0.587406 
1.049000 -0.605747 
1.050000 -0.623839 
1.051000 -0.641683 
1.052000 -0.659282 
1.053000 -0.676637 
1.054000 -0.693750 
1.055000 -0.710624 
1.056000 -0.727259 
1.057000 -0.743659 
1.058000 -0.759825 
1.059000 -0.775760 
1.060000 -0.791465 
1.061000 -0.806943 
1.062000 -0.822195 
1.063000 -0.837225 
1.064000 -0.852034 
1.065000 -0.866625 
1.066000 -0.880999 
1.067000 -0.895159 
1.068000 -0.909107 
1.069000 -0.922846 
1.070000 -0.936377 
1.071000 -0.949703 
1.072000 -0.962826 
1.073000 -0.975748 
1.074000 -0.988471 
1.075000 -1.000999 
1.076000 -1.013332 
1.077000 -1.025473 
1.078000 -1.037424 
1.079000 -1.049188 
1.080000 -1.060767 
1.081000 -1.072162 
1.082000 -1.083376 
1.083000 -1.094412 
1.084000 -1.105270 
1.085000 -1.115954 
1.086000 -1.126465 
1.087000 -1.136805 
1.088000 -1.146977 
1.089000 -1.156983 
1.090000 -1.166824 
1.091000 -1.176503 
1.092000 -1.186021 
1.093000 -1.195381 
1.094000 -1.204584 
1.095000 -1.213633 
1.096000 -1.222530 
1.097000 -1.231275 
1.098000 -1.239872 
1.099000 -1.248322 
1.100000 -1.256626 
1.101000 -1.264787 
1.102000 -1.272807 
1.103000 -1.280687 
1.104000 -1.288429 
1.105000 -1.296035 
1.106000 -1.303507 
1.107000 -1.310845 
1.108000 -1.318053 
1.109000 -1.325131 
1.110000 -1.332082 
1.111000 -1.338906 
1.112000 -1.345606 
1.113000 -1.352182 
1.114000 -1.358638 
1.115000 -1.364973 
1.116000 -1.371190 
1.117000 -1.377291 
1.118000 -1.383276 
1.119000 -1.389147 
1.120000 -1.394906 
1.121000 -1.400554 
1.122000 -1.406093 
1.123000 -1.411523 
1.124000 -1.416847 
1.125000 -1.422065 
1.126000 -1.427179 
1.127000 -1.432191 
1.128000 -1.437101 
1.129000 -1.441911 
1.130000 -1.446622 
1.131000 -1.451235 
1.132000 -1.455753 
1.133000 -1.460175 
1.134000 -1.464503 
1.135000 -1.468738 
1.136000 -1.472882 
1.137000 -1.476935 
1.138000 -1.480899 
1.139000 -1.484775 
1.140000 -1.488564 
1.141000 -1.492267 
1.142000 -1.495885 
1.143000 -1.499419 
1.144000 -1.502871 
1.145000 -1.506241 
1.146000 -1.509530 
1.147000 -1.512739 
1.148000 -1.515870 
1.149000 -1.518923 
1.150000 -1.521899 
1.151000 -1.524799 
1.152000 -1.527625 
1.153000 -1.530376 
1.154000 -1.533054 
1.155000 -1.535661 
1.156000 -1.538196 
1.157000 -1.540660 
1.158000 -1.543055 
1.159000 -1.545381 
1.160000 -1.547640 
1.161000 -1.549831 
1.162000 -1.551956 
1.163000 -1.554016 
1.164000 -1.556011 
1.165000 -1.557942 
1.166000 -1.559810 
1.167000 -1.561615 
1.168000 -1.563359 
1.169000 -1.565042 
1.170000 -1.566665 
1.171000 -1.568228 
1.172000 -1.569733 
1.173000 -1.571180 
1.174000 -1.572569 
1.175000 -1.573901 
1.176000 -1.575178 
1.177000 -1.576399 
1.178000 -1.577565 
1.179000 -1.578677 
1.180000 -1.579736 
1.181000 -1.580741 
1.182000 -1.581695 
1.183000 -1.582597 
1.184000 -1.583447 
1.185000 -1.584248 
1.186000 -1.584998 
1.187000 -1.585699 
1.188000 -1.586351 
1.189000 -1.586955 
1.190000 -1.587511 
1.191000 -1.588019 
1.192000 -1.588482 
1.193000 -1.588898 
1.194000 -1.589268 
1.195000 -1.589593 
1.196000 -1.589874 
1.197000 -1.590110 
1.198000 -1.590303 
1.199000 -1.590453 
1.200000 -1.590560 
1.201000 -1.590624 
1.202000 -1.590647 
1.203000 -1.590629 
1.204000 -1.590569 
1.205000 -1.590469 
1.206000 -1.590329 
1.207000 -1.590149 
1.208000 -1.589931 
1.209000 -1.589673 
1.210000 -1.589377 
1.211000 -1.589043 
1.212000 -1.588671 
1.213000 -1.588262 
1.214000 -1.587817 
1.215000 -1.587334 
1.216000 -1.586816 
1.217000 -1.586262 
1.218000 -1.585673 
1.219000 -1.585049 
1.220000 -1.584390 
1.221000 -1.583697 
1.222000 -1.582970 
1.223000 -1.582209 
1.224000 -1.581415 
1.225000 -1.580588 
1.226000 -1.579728 
1.227000 -1.578836 
1.228000 -1.577913 
1.229000 -1.576957 
1.230000 -1.575970 
1.231000 -1.574952 
1.232000 -1.573903 
1.233000 -1.572824 
1.234000 -1.571715 
1.235000 -1.570575 
1.236000 -1.569406 
1.237000 -1.568208 
1.238000 -1.566980 
1.239000 -1.565724 
1.240000 -1.564439 
1.241000 -1.563126 
1.242000 -1.561785 
1.243000 -1.560416 
1.244000 -1.559020 
1.245000 -1.557596 
1.246000 -1.556146 
1.247000 -1.554668 
1.248000 -1.553164 
1.249000 -1.551634 
1.250000 -1.550078 
1.251000 -1.548496 
1.252000 -1.546888 
1.253000 -1.545255 
1.254000 -1.543596 
1.255000 -1.541913 
1.256000 -1.540205 
1.257000 -1.538472 
1.258000 -1.536715 
1.259000 -1.534934 
1.260000 -1.533128 
1.261000 -1.531300 
1.262000 -1.529447 
1.263000 -1.527571 
1.264000 -1.525672 
1.265000 -1.523750 
1.266000 -1.521806 
1.267000 -1.519838 
1.268000 -1.517849 
1.269000 -1.515837 
1.270000 -1.513803 
1.271000 -1.511747 
1.272000 -1.509669 
1.273000 -1.507569 
1.274000 -1.505449 
1.275000 -1.503307 
1.276000 -1.501144 
1.277000 -1.498960 
1.278000 -1.496755 
1.279000 -1.494530 
1.280000 -1.492284 
1.281000 -1.490018 
1.282000 -1.487731 
1.283000 -1.485425 
1.284000 -1.483099 
1.285000 -1.480753 
1.286000 -1.478387 
1.287000 -1.476002 
1.288000 -1.473598 
1.289000 -1.471175 
1.290000 -1.468732 
1.291000 -1.466270 
1.292000 -1.463790 
1.293000 -1.461291 
1.294000 -1.458774 
1.295000 -1.456238 
1.296000 -1.453683 
1.297000 -1.451111 
1.298000 -1.448520 
1.299000 -1.445912 
1.300000 -1.443285 
1.301000 -1.440641 
1.302000 -1.437979 
1.303000 -1.435300 
1.304000 -1.432603 
1.305000 -1.429889 
1.306000 -1.427158 
1.307000 -1.424410 
1.308000 -1.421645 
1.309000 -1.418863 
1.310000 -1.416064 
1.311000 -1.413248 
1.312000 -1.410416 
1.313000 -1.407567 
1.314000 -1.404702 
1.315000 -1.401820 
1.316000 -1.398922 
1.317000 -1.396008 
1.318000 -1.393078 
1.319000 -1.390132 
1.320000 -1.387171 
1.321000 -1.384193 
1.322000 -1.381200 
1.323000 -1.378190 
1.324000 -1.375166 
1.325000 -1.372126 
1.326000 -1.369070 
1.327000 -1.365999 
1.328000 -1.362913 
1.329000 -1.359812 
1.330000 -1.356695 
1.331000 -1.353564 
1.332000 -1.350417 
1.333000 -1.347256 
1.334000 -1.344080 
1.335000 -1.340889 
1.336000 -1.337683 
1.337000 -1.334463 
1.338000 -1.331228 
1.339000 -1.327978 
1.340000 -1.324714 
1.341000 -1.321436 
1.342000 -1.318143 
1.343000 -1.314836 
1.344000 -1.311515 
1.345000 -1.308180 
1.346000 -1.304830 
1.347000 -1.301467 
1.348000 -1.298089 
1.349000 -1.294697 
1.350000 -1.291292 
1.351000 -1.287873 
1.352000 -1.284440 
1.353000 -1.280993 
1.354000 -1.277532 
1.355000 -1.274058 
1.356000 -1.270570 
1.357000 -1.267069 
1.358000 -1.263554 
1.359000 -1.260025 
1.360000 -1.256483 
1.361000 -1.252928 
1.362000 -1.249359 
1.363000 -1.245777 
1.364000 -1.242182 
1.365000 -1.238573 
1.366000 -1.234952 
1.367000 -1.231317 
1.368000 -1.227669 
1.369000 -1.224008 
1.370000 -1.220333 
1.371000 -1.216646 
1.372000 -1.212946 
1.373000 -1.209233 
1.374000 -1.205506 
1.375000 -1.201767 
1.376000 -1.198015 
1.377000 -1.194251 
1.378000 -1.190473 
1.379000 -1.186682 
1.380000 -1.182879 
1.381000 -1.179063 
1.382000 -1.175235 
1.383000 -1.171393 
1.384000 -1.167539 
1.385000 -1.163673 
1.386000 -1.159793 
1.387000 -1.155901 
1.388000 -1.151997 
1.389000 -1.148080 
1.390000 -1.144150 
1.391000 -1.140208 
1.392000 -1.136254 
1.393000 -1.132287 
1.394000 -1.128307 
1.395000 -1.124315 
1.396000 -1.120311 
1.397000 -1.116294 
1.398000 -1.112265 
1.399000 -1.108223 
1.400000 -1.104169 
1.401000 -1.100103 
1.402000 -1.096024 
1.403000 -1.091933 
1.404000 -1.087829 
1.405000 -1.083714 
1.406000 -1.079586 
1.407000 -1.075445 
1.408000 -1.071293 
1.409000 -1.067128 
1.410000 -1.062951 
1.411000 -1.058761 
1.412000 -1.054560 
1.413000 -1.050346 
1.414000 -1.046120 
1.415000 -1.041881 
1.416000 -1.037631 
1.417000 -1.033368 
1.418000 -1.029093 
1.419000 -1.024805 
1.420000 -1.020506 
1.421000 -1.016194 
1.422000 -1.011870 
1.423000 -1.007534 
1.424000 -1.003186 
1.425000 -0.998825 
1.426000 -0.994452 
1.427000 -0.990067 
1.428000 -0.985670 
1.429000 -0.981260 
1.430000 -0.976839 
1.431000 -0.972405 
1.432000 -0.967958 
1.433000 -0.963500 
1.434000 -0.959029 
1.435000 -0.954546 
1.436000 -0.950051 
1.437000 -0.945543 
1.438000 -0.941024 
1.439000 -0.936492 
1.440000 -0.931947 
1.441000 -0.927391 
1.442000 -0.922822 
1.443000 -0.918241 
1.444000 -0.913647 
1.445000 -0.909041 
1.446000 -0.904423 
1.447000 -0.899792 
1.448000 -0.895149 
1.449000 -0.890494 
1.450000 -0.885826 
1.451000 -0.881146 
1.452000 -0.876454 
1.453000 -0.871724 
1.454000 -0.867007 
1.455000 -0.862277 
1.456000 -0.857534 
1.457000 -0.852779 
1.458000 -0.848012 
1.459000 -0.843232 
1.460000 -0.838439 
1.461000 -0.833634 
1.462000 -0.828816 
1.463000 -0.823986 
1.464000 -0.819143 
1.465000 -0.814287 
1.466000 -0.809419 
1.467000 -0.804538 
1.468000 -0.799644 
1.469000 -0.794738 
1.470000 -0.789818 
1.471000 -0.784886 
1.472000 -0.779941 
1.473000 -0.774984 
1.474000 -0.770013 
1.475000 -0.765030 
1.476000 -0.760034 
1.477000 -0.755024 
1.478000 -0.750002 
1.479000 -0.744967 
1.480000 -0.739919 
1.481000 -0.734858 
1.482000 -0.729783 
1.483000 -0.724696 
1.484000 -0.719596 
1.485000 -0.714482 
1.486000 -0.709355 
1.487000 -0.704215 
1.488000 -0.699062 
1.489000 -0.693896 
1.490000 -0.688716 
1.491000 -0.683523 
1.492000 -0.678316 
1.493000 -0.673097 
1.494000 -0.667863 
1.495000 -0.662617 
1.496000 -0.657356 
1.497000 -0.652083 
1.498000 -0.646795 
1.499000 -0.641495 
