# time Tc_folded Tref_folded model 
59318.650141 0.813423 0.296480    -2.432484
59318.687751 0.851033 0.309546    -2.163146
59318.725361 0.888643 0.322611    -1.872226
59318.762971 0.926253 0.335676    -1.567986
59318.800582 0.963863 0.348742    -1.258177
59318.838192 1.001473 0.361807    -0.949621
59318.875802 1.039084 0.374872    -0.647972
59318.913412 1.076694 0.387938    -0.357653
59318.951022 1.114304 0.401003    -0.081910
59318.988632 1.151914 0.414068     0.177055
59319.026243 1.189524 0.427134     0.417915
59319.063853 1.227134 0.440199     0.640040
59319.101463 1.264745 0.453264     0.843328
59319.139073 1.302355 0.466330     1.028067
59319.176683 1.339965 0.479395     1.194813
59319.214293 1.377575 0.492460     1.344295
59319.251903 1.415185 0.505526     1.477345
59319.289514 -1.425827 0.518591     1.594841
59319.327124 -1.388217 0.531656     1.697672
59319.364734 -1.350607 0.544722     1.786711
59319.402344 -1.312996 0.557787     1.862791
59319.439954 -1.275386 0.570852     1.926702
59319.477564 -1.237776 0.583918     1.979178
59319.515175 -1.200166 0.596983     2.020895
59319.552785 -1.162556 0.610048     2.052475
59319.590395 -1.124946 0.623114     2.074478
59319.628005 -1.087335 0.636179     2.087412
59319.665615 -1.049725 0.649244     2.091732
59319.703225 -1.012115 0.662310     2.087841
59319.740836 -0.974505 0.675375     2.076097
59319.778446 -0.936895 0.688440     2.056812
59319.816056 -0.899285 0.701506     2.030259
59319.853666 -0.861675 0.714571     1.996670
59319.891276 -0.824064 0.727636     1.956243
59319.928886 -0.786454 0.740702     1.909140
59319.966496 -0.748844 0.753767     1.855494
59320.004107 -0.711234 0.766832     1.795406
59320.041717 -0.673624 0.779898     1.728952
59320.079327 -0.636014 0.792963     1.656179
59320.116937 -0.598403 0.806028     1.577112
59320.154547 -0.560793 0.819094     1.491753
59320.192157 -0.523183 0.832159     1.400082
59320.229768 -0.485573 0.845224     1.302061
59320.267378 -0.447963 0.858290     1.197634
59320.304988 -0.410353 0.871355     1.086731
59320.342598 -0.372743 0.884420     0.969270
59320.380208 -0.335132 0.897486     0.845157
59320.417818 -0.297522 0.910551     0.714297
59320.455428 -0.259912 0.923616     0.576592
59320.493039 -0.222302 0.936682     0.431951
59320.530649 -0.184692 0.949747     0.280297
59320.568259 -0.147082 0.962812     0.121578
59320.605869 -0.109471 0.975878    -0.044224
59320.643479 -0.071861 0.988943    -0.217071
59320.681089 -0.034251 0.002008    -0.396855
59320.718700 0.003359 0.015074    -0.583368
59320.756310 0.040969 0.028139    -0.776274
59320.793920 0.078579 0.041204    -0.975071
59320.831530 0.116189 0.054270    -1.179041
59320.869140 0.153800 0.067335    -1.387200
59320.906750 0.191410 0.080400    -1.598231
59320.944360 0.229020 0.093466    -1.810415
59320.981971 0.266630 0.106531    -2.021552
59321.019581 0.304240 0.119596    -2.228886
59321.057191 0.341850 0.132662    -2.429038
59321.094801 0.379461 0.145727    -2.617964
59321.132411 0.417071 0.158792    -2.790957
59321.170021 0.454681 0.171858    -2.942713
59321.207632 0.492291 0.184923    -3.067495
59321.245242 0.529901 0.197988    -3.159412
59321.282852 0.567511 0.211054    -3.212815
59321.320462 0.605122 0.224119    -3.222806
59321.358072 0.642732 0.237184    -3.185786
59321.395682 0.680342 0.250250    -3.099980
59321.433293 0.717952 0.263315    -2.965817
59321.470903 0.755562 0.276380    -2.786059
59321.508513 0.793172 0.289446    -2.565673
59321.546123 0.830782 0.302511    -2.311379
59321.583733 0.868393 0.315576    -2.031042
59321.621343 0.906003 0.328642    -1.732965
59321.658953 0.943613 0.341707    -1.425241
59321.696564 0.981223 0.354772    -1.115230
59321.734174 1.018833 0.367838    -0.809233
59321.771784 1.056443 0.380903    -0.512338
59321.809394 1.094054 0.393968    -0.228411
59321.847004 1.131664 0.407034     0.039804
59321.884614 1.169274 0.420099     0.290532
59321.922225 1.206884 0.433164     0.522786
59321.959835 1.244494 0.446230     0.736202
59321.997445 1.282104 0.459295     0.930875
59322.035055 1.319714 0.472360     1.107227
59322.072665 1.357325 0.485426     1.265906
59322.110275 1.394935 0.498491     1.407696
59322.147885 1.432545 0.511556     1.533456
59322.185496 -1.408467 0.524622     1.644074
59322.223106 -1.370857 0.537687     1.740432
59322.260716 -1.333247 0.550752     1.823389
59322.298326 -1.295637 0.563818     1.893757
59322.335936 -1.258026 0.576883     1.952302
59322.373546 -1.220416 0.589948     1.999731
59322.411157 -1.182806 0.603014     2.036696
59322.448767 -1.145196 0.616079     2.063789
59322.486377 -1.107586 0.629144     2.081546
59322.523987 -1.069976 0.642210     2.090451
59322.561597 -1.032366 0.655275     2.090934
59322.599207 -0.994755 0.668340     2.083376
59322.636817 -0.957145 0.681406     2.068115
59322.674428 -0.919535 0.694471     2.045444
59322.712038 -0.881925 0.707536     2.015617
59322.749648 -0.844315 0.720602     1.978849
59322.787258 -0.806705 0.733667     1.935323
59322.824868 -0.769094 0.746732     1.885185
59322.862478 -0.731484 0.759798     1.828555
59322.900089 -0.693874 0.772863     1.765520
59322.937699 -0.656264 0.785928     1.696145
59322.975309 -0.618654 0.798994     1.620465
59323.012919 -0.581044 0.812059     1.538495
59323.050529 -0.543434 0.825124     1.450226
59323.088139 -0.505823 0.838190     1.355630
59323.125750 -0.468213 0.851255     1.254660
59323.163360 -0.430603 0.864320     1.147254
59323.200970 -0.392993 0.877386     1.033335
59323.238580 -0.355383 0.890451     0.912815
59323.276190 -0.317773 0.903516     0.785600
59323.313800 -0.280162 0.916582     0.651592
59323.351410 -0.242552 0.929647     0.510697
59323.389021 -0.204942 0.942712     0.362827
59323.426631 -0.167332 0.955778     0.207917
59323.464241 -0.129722 0.968843     0.045928
59323.501851 -0.092112 0.981908    -0.123134
59323.539461 -0.054501 0.994974    -0.299202
59323.577071 -0.016891 0.008039    -0.482125
59323.614682 0.020719 0.021104    -0.671640
59323.652292 0.058329 0.034170    -0.867339
59323.689902 0.095939 0.047235    -1.068627
59323.727512 0.133549 0.060300    -1.274672
59323.765122 0.171159 0.073366    -1.484343
59323.802732 0.208770 0.086431    -1.696147
59323.840342 0.246380 0.099496    -1.908153
59323.877953 0.283990 0.112562    -2.117914
59323.915563 0.321600 0.125627    -2.322392
59323.953173 0.359210 0.138692    -2.517906
59323.990783 0.396820 0.151758    -2.700101
59324.028393 0.434431 0.164823    -2.863982
59324.066003 0.472041 0.177888    -3.004017
59324.103614 0.509651 0.190954    -3.114358
59324.141224 0.547261 0.204019    -3.189167
59324.178834 0.584871 0.217084    -3.223076
59324.216444 0.622481 0.230150    -3.211715
59324.254054 0.660091 0.243215    -3.152271
59324.291664 0.697702 0.256280    -3.043950
59324.329274 0.735312 0.269346    -2.888257
59324.366885 0.772922 0.282411    -2.689012
59324.404495 0.810532 0.295476    -2.452054
59324.442105 0.848142 0.308542    -2.184719
59324.479715 0.885752 0.321607    -1.895161
59324.517325 0.923363 0.334672    -1.591660
59324.554935 0.960973 0.347738    -1.282024
59324.592546 0.998583 0.360803    -0.973155
59324.630156 1.036193 0.373868    -0.670802
59324.667766 1.073803 0.386934    -0.379483
59324.705376 1.111413 0.399999    -0.102530
59324.742986 1.149023 0.413064     0.157782
59324.780596 1.186634 0.426130     0.400064
59324.818207 1.224244 0.439195     0.623638
59324.855817 1.261854 0.452260     0.828367
59324.893427 1.299464 0.465326     1.014515
59324.931037 1.337074 0.478391     1.182620
59324.968647 1.374684 0.491456     1.333401
59325.006257 1.412295 0.504522     1.467682
59325.043867 -1.428717 0.517587     1.586342
59325.081478 -1.391107 0.530652     1.690269
59325.119088 -1.353497 0.543718     1.780338
59325.156698 -1.315887 0.556783     1.857385
59325.194308 -1.278277 0.569848     1.922205
59325.231918 -1.240667 0.582914     1.975534
59325.269528 -1.203057 0.595979     2.018056
59325.307139 -1.165446 0.609044     2.050394
59325.344749 -1.127836 0.622110     2.073115
59325.382359 -1.090226 0.635175     2.086729
59325.419969 -1.052616 0.648240     2.091696
59325.457579 -1.015006 0.661306     2.088423
59325.495189 -0.977396 0.674371     2.077271
59325.532799 -0.939785 0.687436     2.058556
59325.570410 -0.902175 0.700502     2.032552
59325.608020 -0.864565 0.713567     1.999497
59325.645630 -0.826955 0.726632     1.959589
59325.683240 -0.789345 0.739698     1.912994
59325.720850 -0.751735 0.752763     1.859847
59325.758460 -0.714125 0.765828     1.800252
59325.796071 -0.676514 0.778894     1.734284
59325.833681 -0.638904 0.791959     1.661995
59325.871291 -0.601294 0.805024     1.583412
59325.908901 -0.563684 0.818090     1.498537
59325.946511 -0.526074 0.831155     1.407352
59325.984121 -0.488464 0.844220     1.309821
59326.021731 -0.450853 0.857286     1.205889
59326.059342 -0.413243 0.870351     1.095486
59326.096952 -0.375633 0.883416     0.978532
59326.134562 -0.338023 0.896481     0.854934
59326.172172 -0.300413 0.909547     0.724596
59326.209782 -0.262803 0.922612     0.587420
59326.247392 -0.225192 0.935677     0.443316
59326.285003 -0.187582 0.948743     0.292203
59326.322613 -0.149972 0.961808     0.134028
59326.360223 -0.112362 0.974873    -0.031230
59326.397833 -0.074752 0.987939    -0.203539
59326.435443 -0.037142 0.001004    -0.382795
59326.473053 0.000468 0.014069    -0.568801
59326.510664 0.038079 0.027135    -0.761232
59326.548274 0.075689 0.040200    -0.959598
59326.585884 0.113299 0.053265    -1.163201
59326.623494 0.150909 0.066331    -1.371080
59326.661104 0.188519 0.079396    -1.581947
59326.698714 0.226129 0.092461    -1.794113
59326.736324 0.263740 0.105527    -2.005421
59326.773935 0.301350 0.118592    -2.213159
59326.811545 0.338960 0.131657    -2.413997
59326.849155 0.376570 0.144723    -2.603945
59326.886765 0.414180 0.157788    -2.778344
59326.924375 0.451790 0.170853    -2.931931
59326.961985 0.489400 0.183919    -3.058996
59326.999596 0.527011 0.196984    -3.153645
59327.037206 0.564621 0.210049    -3.210195
59327.074816 0.602231 0.223115    -3.223670
59327.112426 0.639841 0.236180    -3.190352
59327.150036 0.677451 0.249245    -3.108310
59327.187646 0.715061 0.262311    -2.977795
59327.225256 0.752672 0.275376    -2.801391
59327.262867 0.790282 0.288441    -2.583908
59327.300477 0.827892 0.301507    -2.331952
59327.338087 0.865502 0.314572    -2.053323
59327.375697 0.903112 0.327637    -1.756316
59327.413307 0.940722 0.340703    -1.449060
59327.450917 0.978332 0.353768    -1.138987
59327.488528 1.015943 0.366833    -0.832486
59327.526138 1.053553 0.379899    -0.534739
59327.563748 1.091163 0.392964    -0.249704
59327.601358 1.128773 0.406029     0.019793
59327.638968 1.166383 0.419095     0.271909
59327.676578 1.203993 0.432160     0.505603
59327.714188 1.241604 0.445225     0.720468
59327.751799 1.279214 0.458291     0.916570
59327.789409 1.316824 0.471356     1.094310
59327.827019 1.354434 0.484421     1.254321
59327.864629 1.392044 0.497487     1.397379
59327.902239 1.429654 0.510552     1.524339
59327.939849 -1.411358 0.523617     1.636089
59327.977460 -1.373748 0.536683     1.733513
59328.015070 -1.336137 0.549748     1.817469
59328.052680 -1.298527 0.562813     1.888778
59328.090290 -1.260917 0.575879     1.948205
59328.127900 -1.223307 0.588944     1.996465
59328.165510 -1.185697 0.602009     2.034212
59328.203121 -1.148087 0.615075     2.062044
59328.240731 -1.110476 0.628140     2.080502
59328.278341 -1.072866 0.641205     2.090071
59328.315951 -1.035256 0.654271     2.091186
59328.353561 -0.997646 0.667336     2.084234
59328.391171 -0.960036 0.680401     2.069555
59328.428781 -0.922426 0.693467     2.047444
59328.466392 -0.884816 0.706532     2.018158
59328.504002 -0.847205 0.719597     1.981917
59328.541612 -0.809595 0.732663     1.938904
59328.579222 -0.771985 0.745728     1.889270
59328.616832 -0.734375 0.758793     1.833136
59328.654442 -0.696765 0.771859     1.770590
59328.692053 -0.659155 0.784924     1.701701
59328.729663 -0.621544 0.797989     1.626505
59328.767273 -0.583934 0.811055     1.545018
59328.804883 -0.546324 0.824120     1.457234
59328.842493 -0.508714 0.837185     1.363126
59328.880103 -0.471104 0.850251     1.262648
59328.917713 -0.433494 0.863316     1.155739
59328.955324 -0.395883 0.876381     1.042323
59328.992934 -0.358273 0.889447     0.922314
59329.030544 -0.320663 0.902512     0.795617
59329.068154 -0.283053 0.915577     0.662135
59329.105764 -0.245443 0.928643     0.521772
59329.143374 -0.207833 0.941708     0.374441
59329.180985 -0.170223 0.954773     0.220074
59329.218595 -0.132612 0.967839     0.058629
59329.256205 -0.095002 0.980904    -0.109891
59329.293815 -0.057392 0.993969    -0.285425
59329.331425 -0.019782 0.007035    -0.467828
59329.369035 0.017828 0.020100    -0.656849
59329.406645 0.055438 0.033165    -0.852091
59329.444256 0.093049 0.046231    -1.052976
59329.481866 0.130659 0.059296    -1.258691
59329.519476 0.168269 0.072361    -1.468131
59329.557086 0.205879 0.085427    -1.679834
59329.594696 0.243489 0.098492    -1.891904
59329.632306 0.281099 0.111557    -2.101937
59329.669917 0.318709 0.124623    -2.306943
59329.707527 0.356320 0.137688    -2.503292
59329.745137 0.393930 0.150753    -2.686681
59329.782747 0.431540 0.163819    -2.852159
59329.820357 0.469150 0.176884    -2.994233
59329.857967 0.506760 0.189949    -3.107065
59329.895578 0.544370 0.203015    -3.184805
59329.933188 0.581981 0.216080    -3.222028
59329.970798 0.619591 0.229145    -3.214269
59330.008408 0.657201 0.242211    -3.158577
59330.046018 0.694811 0.255276    -3.053989
59330.083628 0.732421 0.268341    -2.901830
59330.121238 0.770031 0.281407    -2.705748
59330.158849 0.807641 0.294472    -2.471444
59330.196459 0.845252 0.307537    -2.206160
59330.234069 0.882862 0.320603    -1.918014
59330.271679 0.920472 0.333668    -1.615298
59330.309289 0.958082 0.346733    -1.305875
59330.346899 0.995692 0.359799    -0.996728
59330.384510 1.033302 0.372864    -0.693699
59330.422120 1.070913 0.385929    -0.401399
59330.459730 1.108523 0.398995    -0.123248
59330.497340 1.146133 0.412060     0.138402
59330.534950 1.183743 0.425125     0.382102
59330.572560 1.221353 0.438191     0.607124
59330.610170 1.258963 0.451256     0.813297
59330.647781 1.296574 0.464321     1.000857
59330.685391 1.334184 0.477387     1.170325
59330.723001 1.371794 0.490452     1.322408
59330.760611 1.409404 0.503517     1.457927
59330.798221 -1.431608 0.516583     1.577756
59330.835831 -1.393998 0.529648     1.682785
59330.873442 -1.356388 0.542713     1.773888
59330.911052 -1.318778 0.555779     1.851907
59330.948662 -1.281167 0.568844     1.917640
59330.986272 -1.243557 0.581909     1.971827
59331.023882 -1.205947 0.594975     2.015157
59331.061492 -1.168337 0.608040     2.048257
59331.099102 -1.130727 0.621105     2.071698
59331.136713 -1.093117 0.634171     2.085995
59331.174323 -1.055507 0.647236     2.091612
59331.211933 -1.017896 0.660301     2.088958
59331.249543 -0.980286 0.673367     2.078400
59331.287153 -0.942676 0.686432     2.060256
59331.324763 -0.905066 0.699497     2.034804
59331.362374 -0.867456 0.712563     2.002283
59331.399984 -0.829846 0.725628     1.962895
59331.437594 -0.792235 0.738693     1.916809
59331.475204 -0.754625 0.751759     1.864162
59331.512814 -0.717015 0.764824     1.805059
59331.550424 -0.679405 0.777889     1.739578
59331.588035 -0.641795 0.790955     1.667775
59331.625645 -0.604185 0.804020     1.589675
59331.663255 -0.566574 0.817085     1.505283
59331.700865 -0.528964 0.830151     1.414585
59331.738475 -0.491354 0.843216     1.317543
59331.776085 -0.453744 0.856281     1.214105
59331.813695 -0.416134 0.869347     1.104203
59331.851306 -0.378524 0.882412     0.987755
59331.888916 -0.340914 0.895477     0.864671
59331.926526 -0.303303 0.908543     0.734855
59331.964136 -0.265693 0.921608     0.598208
59332.001746 -0.228083 0.934673     0.454639
59332.039356 -0.190473 0.947739     0.304067
59332.076967 -0.152863 0.960804     0.146436
59332.114577 -0.115253 0.973869    -0.018278
59332.152187 -0.077642 0.986935    -0.190047
59332.189797 -0.040032 1.000000    -0.368776
59332.227407 -0.002422 0.013065    -0.554273
59332.265017 0.035188 0.026131    -0.746224
59332.302627 0.072798 0.039196    -0.944156
59332.340238 0.110408 0.052261    -1.147387
59332.377848 0.148018 0.065327    -1.354979
59332.415458 0.185629 0.078392    -1.565670
59332.453068 0.223239 0.091457    -1.777807
59332.490678 0.260849 0.104523    -1.989269
59332.528288 0.298459 0.117588    -2.197391
59332.565899 0.336069 0.130653    -2.398893
59332.603509 0.373679 0.143719    -2.589835
59332.641119 0.411290 0.156784    -2.765608
59332.678729 0.448900 0.169849    -2.920993
59332.716339 0.486510 0.182915    -3.050305
59332.753949 0.524120 0.195980    -3.147652
59332.791559 0.561730 0.209045    -3.207320
59332.829170 0.599340 0.222111    -3.224256
59332.866780 0.636950 0.235176    -3.194629
59332.904390 0.674561 0.248241    -3.116353
59332.942000 0.712171 0.261307    -2.989501
59332.979610 0.749781 0.274372    -2.816480
59333.017220 0.787391 0.287437    -2.601939
59333.054831 0.825001 0.300503    -2.352366
59333.092441 0.862611 0.313568    -2.075495
59333.130051 0.900222 0.326633    -1.779607
59333.167661 0.937832 0.339699    -1.472864
59333.205271 0.975442 0.352764    -1.162765
59333.242881 1.013052 0.365829    -0.855790
59333.280492 1.050662 0.378895    -0.557215
59333.318102 1.088272 0.391960    -0.271089
59333.355712 1.125883 0.405025    -0.000321
59333.393322 1.163493 0.418091     0.253176
59333.430932 1.201103 0.431156     0.488308
59333.468542 1.238713 0.444221     0.704623
59333.506152 1.276323 0.457287     0.902156
59333.543763 1.313933 0.470352     1.081287
59333.581373 1.351543 0.483417     1.242635
59333.618983 1.389154 0.496483     1.386966
59333.656593 1.426764 0.509548     1.515133
59333.694203 -1.414248 0.522613     1.628020
59333.731813 -1.376638 0.535679     1.726514
59333.769424 -1.339028 0.548744     1.811476
59333.807034 -1.301418 0.561809     1.883728
59333.844644 -1.263808 0.574875     1.944043
59333.882254 -1.226197 0.587940     1.993137
59333.919864 -1.188587 0.601005     2.031670
59333.957474 -1.150977 0.614071     2.060244
59333.995084 -1.113367 0.627136     2.079404
59334.032695 -1.075757 0.640201     2.089640
59334.070305 -1.038147 0.653267     2.091392
59334.107915 -1.000537 0.666332     2.085047
59334.145525 -0.962926 0.679397     2.070950
59334.183135 -0.925316 0.692463     2.049401
59334.220745 -0.887706 0.705528     2.020658
59334.258356 -0.850096 0.718593     1.984945
59334.295966 -0.812486 0.731659     1.942447
59334.333576 -0.774876 0.744724     1.893317
59334.371186 -0.737265 0.757789     1.837678
59334.408796 -0.699655 0.770855     1.775623
59334.446406 -0.662045 0.783920     1.707219
59334.484016 -0.624435 0.796985     1.632508
59334.521627 -0.586825 0.810051     1.551504
59334.559237 -0.549215 0.823116     1.464205
59334.596847 -0.511605 0.836181     1.370584
59334.634457 -0.473994 0.849247     1.270598
59334.672067 -0.436384 0.862312     1.164185
59334.709677 -0.398774 0.875377     1.051273
59334.747288 -0.361164 0.888443     0.931774
59334.784898 -0.323554 0.901508     0.805594
59334.822508 -0.285944 0.914573     0.672637
59334.860118 -0.248333 0.927639     0.532806
59334.897728 -0.210723 0.940704     0.386013
59334.935338 -0.173113 0.953769     0.232189
59334.972949 -0.135503 0.966835     0.071288
59335.010559 -0.097893 0.979900    -0.096689
59335.048169 -0.060283 0.992965    -0.271688
59335.085779 -0.022673 0.006031    -0.453570
59335.123389 0.014938 0.019096    -0.642094
59335.160999 0.052548 0.032161    -0.836877
59335.198609 0.090158 0.045227    -1.037353
59335.236220 0.127768 0.058292    -1.242732
59335.273830 0.165378 0.071357    -1.451933
59335.311440 0.202988 0.084423    -1.663523
59335.349050 0.240599 0.097488    -1.875644
59335.386660 0.278209 0.110553    -2.085931
59335.424270 0.315819 0.123619    -2.291444
59335.461881 0.353429 0.136684    -2.488602
59335.499491 0.391039 0.149749    -2.673155
59335.537101 0.428649 0.162815    -2.840199
59335.574711 0.466260 0.175880    -2.984275
59335.612321 0.503870 0.188945    -3.099565
59335.649931 0.541480 0.202011    -3.180203
59335.687541 0.579090 0.215076    -3.220714
59335.725152 0.616700 0.228141    -3.216540
59335.762762 0.654310 0.241207    -3.164593
59335.800372 0.691920 0.254272    -3.063747
59335.837982 0.729531 0.267337    -2.915142
59335.875592 0.767141 0.280403    -2.722258
59335.913202 0.804751 0.293468    -2.490650
59335.950813 0.842361 0.306533    -2.227466
59335.988423 0.879971 0.319599    -1.940781
59336.026033 0.917581 0.332664    -1.638898
59336.063643 0.955192 0.345729    -1.329729
59336.101253 0.992802 0.358795    -1.020338
59336.138863 1.030412 0.371860    -0.716659
59336.176473 1.068022 0.384925    -0.423399
59336.214084 1.105632 0.397991    -0.144065
59336.251694 1.143242 0.411056     0.118916
59336.289304 1.180852 0.424121     0.364029
59336.326914 1.218463 0.437187     0.590499
59336.364524 1.256073 0.450252     0.798117
59336.402134 1.293683 0.463317     0.987092
59336.439745 1.331293 0.476383     1.157927
59336.477355 1.368903 0.489448     1.311318
59336.514965 1.406513 0.502513     1.448080
59336.552575 -1.434499 0.515579     1.569083
59336.590185 -1.396888 0.528644     1.675217
59336.627795 -1.359278 0.541709     1.767360
59336.665406 -1.321668 0.554775     1.846357
59336.703016 -1.284058 0.567840     1.913006
59336.740626 -1.246448 0.580905     1.968056
59336.778236 -1.208838 0.593971     2.012197
59336.815846 -1.171228 0.607036     2.046062
59336.853456 -1.133617 0.620101     2.070227
59336.891066 -1.096007 0.633167     2.085210
59336.928677 -1.058397 0.646232     2.091478
59336.966287 -1.020787 0.659297     2.089447
59337.003897 -0.983177 0.672363     2.079484
59337.041507 -0.945567 0.685428     2.061913
59337.079117 -0.907956 0.698493     2.037014
59337.116727 -0.870346 0.711559     2.005028
59337.154338 -0.832736 0.724624     1.966162
59337.191948 -0.795126 0.737689     1.920586
59337.229558 -0.757516 0.750755     1.868438
59337.267168 -0.719906 0.763820     1.809828
59337.304778 -0.682296 0.776885     1.744836
59337.342388 -0.644685 0.789951     1.673517
59337.379998 -0.607075 0.803016     1.595900
59337.417609 -0.569465 0.816081     1.511993
59337.455219 -0.531855 0.829147     1.421780
59337.492829 -0.494245 0.842212     1.325227
59337.530439 -0.456635 0.855277     1.222283
59337.568049 -0.419024 0.868343     1.112881
59337.605659 -0.381414 0.881408     0.996939
59337.643270 -0.343804 0.894473     0.874369
59337.680880 -0.306194 0.907539     0.745073
59337.718490 -0.268584 0.920604     0.608955
59337.756100 -0.230974 0.933669     0.465920
59337.793710 -0.193364 0.946735     0.315889
59337.831320 -0.155753 0.959800     0.158802
59337.868930 -0.118143 0.972865    -0.005368
59337.906541 -0.080533 0.985931    -0.176597
59337.944151 -0.042923 0.998996    -0.354796
59337.981761 -0.005313 0.012061    -0.539782
59338.019371 0.032297 0.025127    -0.731252
59338.056981 0.069908 0.038192    -0.928746
59338.094591 0.107518 0.051257    -1.131599
59338.132202 0.145128 0.064323    -1.338896
59338.169812 0.182738 0.077388    -1.549402
59338.207422 0.220348 0.090453    -1.761497
59338.245032 0.257958 0.103519    -1.973098
59338.282642 0.295569 0.116584    -2.181585
59338.320252 0.333179 0.129649    -2.383727
59338.357863 0.370789 0.142714    -2.575635
59338.395473 0.408399 0.155780    -2.752752
59338.433083 0.446009 0.168845    -2.909901
59338.470693 0.483619 0.181910    -3.041425
59338.508303 0.521229 0.194976    -3.141437
59338.545913 0.558840 0.208041    -3.204192
59338.583523 0.596450 0.221106    -3.224567
59338.621134 0.634060 0.234172    -3.198617
59338.658744 0.671670 0.247237    -3.124107
59338.696354 0.709280 0.260302    -3.000933
59338.733964 0.746890 0.273368    -2.831322
59338.771574 0.784501 0.286433    -2.619763
59338.809184 0.822111 0.299498    -2.372620
59338.846795 0.859721 0.312564    -2.097556
59338.884405 0.897331 0.325629    -1.802834
59338.922015 0.934941 0.338694    -1.496648
59338.959625 0.972551 0.351760    -1.186563
59338.997235 1.010161 0.364825    -0.879145
59339.034845 1.047772 0.377890    -0.579765
59339.072455 1.085382 0.390956    -0.292565
59339.110066 1.122992 0.404021    -0.020537
59339.147676 1.160602 0.417086     0.234335
59339.185286 1.198212 0.430152     0.470902
59339.222896 1.235822 0.443217     0.688667
59339.260506 1.273433 0.456282     0.887634
59339.298116 1.311043 0.469348     1.068160
59339.335727 1.348653 0.482413     1.230848
59339.373337 1.386263 0.495478     1.376458
59339.410947 1.423873 0.508544     1.505836
59339.448557 -1.417139 0.521609     1.619865
59339.486167 -1.379529 0.534674     1.719434
59339.523777 -1.341919 0.547740     1.805407
59339.561387 -1.304308 0.560805     1.878608
59339.598998 -1.266698 0.573870     1.939814
59339.636608 -1.229088 0.586936     1.989746
59339.674218 -1.191478 0.600001     2.029069
59339.711828 -1.153868 0.613066     2.058389
59339.749438 -1.116258 0.626132     2.078254
59339.787048 -1.078647 0.639197     2.089160
59339.824659 -1.041037 0.652262     2.091549
59339.862269 -1.003427 0.665328     2.085814
59339.899879 -0.965817 0.678393     2.072301
59339.937489 -0.928207 0.691458     2.051315
59339.975099 -0.890597 0.704524     2.023117
59340.012709 -0.852987 0.717589     1.987933
59340.050320 -0.815376 0.730654     1.945950
59340.087930 -0.777766 0.743720     1.897325
59340.125540 -0.740156 0.756785     1.842183
59340.163150 -0.702546 0.769850     1.780618
59340.200760 -0.664936 0.782916     1.712701
59340.238370 -0.627326 0.795981     1.638473
59340.275980 -0.589715 0.809046     1.557953
59340.313591 -0.552105 0.822112     1.471138
59340.351201 -0.514495 0.835177     1.378004
59340.388811 -0.476885 0.848242     1.278509
59340.426421 -0.439275 0.861308     1.172593
59340.464031 -0.401665 0.874373     1.060183
59340.501641 -0.364055 0.887438     0.941194
59340.539252 -0.326444 0.900504     0.815531
59340.576862 -0.288834 0.913569     0.683098
59340.614472 -0.251224 0.926634     0.543799
59340.652082 -0.213614 0.939700     0.397544
59340.689692 -0.176004 0.952765     0.244262
59340.727302 -0.138394 0.965830     0.083906
59340.764912 -0.100783 0.978896    -0.083529
59340.802523 -0.063173 0.991961    -0.257991
59340.840133 -0.025563 0.005026    -0.439352
59340.877743 0.012047 0.018092    -0.627377
59340.915353 0.049657 0.031157    -0.821696
59340.952963 0.087267 0.044222    -1.021760
59340.990573 0.124878 0.057288    -1.226796
59341.028184 0.162488 0.070353    -1.435749
59341.065794 0.200098 0.083418    -1.647216
59341.103404 0.237708 0.096484    -1.859372
59341.141014 0.275318 0.109549    -2.069897
59341.178624 0.312928 0.122614    -2.275896
59341.216234 0.350538 0.135680    -2.473838
59341.253844 0.388149 0.148745    -2.659526
59341.291455 0.425759 0.161810    -2.828103
59341.329065 0.463369 0.174876    -2.974148
59341.366675 0.500979 0.187941    -3.091860
59341.404285 0.538589 0.201006    -3.175363
59341.441895 0.576199 0.214072    -3.219135
59341.479505 0.613810 0.227137    -3.218527
59341.517116 0.651420 0.240202    -3.170319
59341.554726 0.689030 0.253268    -3.073220
59341.592336 0.726640 0.266333    -2.928192
59341.629946 0.764250 0.279398    -2.738538
59341.667556 0.801860 0.292464    -2.509669
59341.705166 0.839470 0.305529    -2.248633
59341.742777 0.877081 0.318594    -1.963458
59341.780387 0.914691 0.331660    -1.662454
59341.817997 0.952301 0.344725    -1.353582
59341.855607 0.989911 0.357790    -1.043982
59341.893217 1.027521 0.370856    -0.739682
59341.930827 1.065131 0.383921    -0.445481
59341.968437 1.102742 0.396986    -0.164978
59342.006048 1.140352 0.410052     0.099324
59342.043658 1.177962 0.423117     0.345846
59342.081268 1.215572 0.436182     0.573762
59342.118878 1.253182 0.449248     0.782826
59342.156488 1.290792 0.462313     0.973219
59342.194098 1.328402 0.475378     1.145425
59342.231709 1.366013 0.488444     1.300130
59342.269319 1.403623 0.501509     1.438139
59342.306929 -1.437389 0.514574     1.560322
59342.344539 -1.399779 0.527640     1.667568
59342.382149 -1.362169 0.540705     1.760755
59342.419759 -1.324559 0.553770     1.840733
59342.457369 -1.286949 0.566836     1.908304
59342.494980 -1.249338 0.579901     1.964221
59342.532590 -1.211728 0.592966     2.009177
59342.570200 -1.174118 0.606032     2.043811
59342.607810 -1.136508 0.619097     2.068702
59342.645420 -1.098898 0.632162     2.084373
59342.683030 -1.061288 0.645228     2.091296
59342.720641 -1.023678 0.658293     2.089889
59342.758251 -0.986067 0.671358     2.080524
59342.795861 -0.948457 0.684424     2.063527
59342.833471 -0.910847 0.697489     2.039181
59342.871081 -0.873237 0.710554     2.007733
59342.908691 -0.835627 0.723620     1.969389
59342.946301 -0.798017 0.736685     1.924323
59342.983912 -0.760406 0.749750     1.872677
59343.021522 -0.722796 0.762816     1.814560
59343.059132 -0.685186 0.775881     1.750056
59343.096742 -0.647576 0.788946     1.679222
59343.134352 -0.609966 0.802012     1.602089
59343.171962 -0.572356 0.815077     1.518665
59343.209573 -0.534745 0.828142     1.428938
59343.247183 -0.497135 0.841208     1.332874
59343.284793 -0.459525 0.854273     1.230423
59343.322403 -0.421915 0.867338     1.121520
59343.360013 -0.384305 0.880404     1.006084
59343.397623 -0.346695 0.893469     0.884026
59343.435234 -0.309085 0.906534     0.755251
59343.472844 -0.271474 0.919600     0.619660
59343.510454 -0.233864 0.932665     0.477161
59343.548064 -0.196254 0.945730     0.327670
59343.585674 -0.158644 0.958796     0.171126
59343.623284 -0.121034 0.971861     0.007501
59343.660894 -0.083424 0.984926    -0.163188
59343.698505 -0.045813 0.997992    -0.340856
59343.736115 -0.008203 0.011057    -0.525330
59343.773725 0.029407 0.024122    -0.716316
59343.811335 0.067017 0.037188    -0.913367
59343.848945 0.104627 0.050253    -1.115838
59343.886555 0.142237 0.063318    -1.322832
59343.924166 0.179847 0.076384    -1.533143
59343.961776 0.217458 0.089449    -1.745184
59343.999386 0.255068 0.102514    -1.956909
59344.036996 0.292678 0.115580    -2.165741
59344.074606 0.330288 0.128645    -2.368500
59344.112216 0.367898 0.141710    -2.561348
59344.149826 0.405508 0.154776    -2.739779
59344.187437 0.443119 0.167841    -2.898658
59344.225047 0.480729 0.180906    -3.032360
59344.262657 0.518339 0.193972    -3.135002
59344.300267 0.555949 0.207037    -3.200812
59344.337877 0.593559 0.220102    -3.224603
59344.375487 0.631169 0.233168    -3.202318
59344.413098 0.668779 0.246233    -3.131573
59344.450708 0.706390 0.259298    -3.012090
59344.488318 0.744000 0.272364    -2.845916
59344.525928 0.781610 0.285429    -2.637376
59344.563538 0.819220 0.298494    -2.392708
59344.601148 0.856830 0.311560    -2.119500
59344.638758 0.894440 0.324625    -1.825994
59344.676369 0.932051 0.337690    -1.520410
59344.713979 0.969661 0.350756    -1.210377
59344.751589 1.007271 0.363821    -0.902547
59344.789199 1.044881 0.376886    -0.602387
59344.826809 1.082491 0.389952    -0.314132
59344.864419 1.120101 0.403017    -0.040855
59344.902030 1.157712 0.416082     0.215386
59344.939640 1.195322 0.429148     0.453384
59344.977250 1.232932 0.442213     0.672600
59345.014860 1.270542 0.455278     0.873002
59345.052470 1.308152 0.468344     1.054927
59345.090080 1.345762 0.481409     1.218961
59345.127691 1.383372 0.494474     1.365854
59345.165301 1.420983 0.507540     1.496448
59345.202911 -1.420029 0.520605     1.611626
59345.240521 -1.382419 0.533670     1.712275
59345.278131 -1.344809 0.546736     1.799263
59345.315741 -1.307199 0.559801     1.873417
59345.353351 -1.269589 0.572866     1.935519
59345.390962 -1.231979 0.585932     1.986293
59345.428572 -1.194369 0.598997     2.026409
59345.466182 -1.156758 0.612062     2.056477
59345.503792 -1.119148 0.625128     2.077051
59345.541402 -1.081538 0.638193     2.088629
59345.579012 -1.043928 0.651258     2.091658
59345.616623 -1.006318 0.664324     2.086535
59345.654233 -0.968708 0.677389     2.073609
59345.691843 -0.931097 0.690454     2.053187
59345.729453 -0.893487 0.703520     2.025535
59345.767063 -0.855877 0.716585     1.990880
59345.804673 -0.818267 0.729650     1.949414
59345.842283 -0.780657 0.742716     1.901295
59345.879894 -0.743047 0.755781     1.846650
59345.917504 -0.705436 0.768846     1.785576
59345.955114 -0.667826 0.781912     1.718145
59345.992724 -0.630216 0.794977     1.644401
59346.030334 -0.592606 0.808042     1.564365
59346.067944 -0.554996 0.821108     1.478034
59346.105555 -0.517386 0.834173     1.385387
59346.143165 -0.479776 0.847238     1.286383
59346.180775 -0.442165 0.860304     1.180963
59346.218385 -0.404555 0.873369     1.069055
59346.255995 -0.366945 0.886434     0.950574
59346.293605 -0.329335 0.899500     0.825428
59346.331215 -0.291725 0.912565     0.693519
59346.368826 -0.254115 0.925630     0.554750
59346.406436 -0.216504 0.938696     0.409033
59346.444046 -0.178894 0.951761     0.256293
59346.481656 -0.141284 0.964826     0.096482
59346.519266 -0.103674 0.977892    -0.070410
59346.556876 -0.066064 0.990957    -0.244336
59346.594487 -0.028454 0.004022    -0.425173
59346.632097 0.009156 0.017088    -0.612697
59346.669707 0.046767 0.030153    -0.806549
59346.707317 0.084377 0.043218    -1.006196
59346.744927 0.121987 0.056284    -1.210883
59346.782537 0.159597 0.069349    -1.419580
59346.820148 0.197207 0.082414    -1.630913
59346.857758 0.234817 0.095480    -1.843092
59346.895368 0.272428 0.108545    -2.053837
59346.932978 0.310038 0.121610    -2.260300
59346.970588 0.347648 0.134676    -2.459002
59347.008198 0.385258 0.147741    -2.645796
59347.045808 0.422868 0.160806    -2.815874
59347.083419 0.460478 0.173872    -2.963853
59347.121029 0.498088 0.186937    -3.083953
59347.158639 0.535699 0.200002    -3.170289
59347.196249 0.573309 0.213068    -3.217293
59347.233859 0.610919 0.226133    -3.220232
59347.271469 0.648529 0.239198    -3.175756
59347.309080 0.686139 0.252264    -3.082410
59347.346690 0.723749 0.265329    -2.940980
59347.384300 0.761360 0.278394    -2.754586
59347.421910 0.798970 0.291460    -2.528498
59347.459520 0.836580 0.304525    -2.269657
59347.497130 0.874190 0.317590    -1.986043
59347.534740 0.911800 0.330656    -1.685965
59347.572351 0.949410 0.343721    -1.377431
59347.609961 0.987021 0.356786    -1.067658
59347.647571 1.024631 0.369852    -0.762764
59347.685181 1.062241 0.382917    -0.467646
59347.722791 1.099851 0.395982    -0.185987
59347.760401 1.137461 0.409048     0.079626
59347.798012 1.175071 0.422113     0.327552
59347.835622 1.212681 0.435178     0.556914
59347.873232 1.250292 0.448244     0.767425
59347.910842 1.287902 0.461309     0.959239
59347.948452 1.325512 0.474374     1.132821
59347.986062 1.363122 0.487440     1.288843
59348.023672 1.400732 0.500505     1.428105
59348.061283 1.438342 0.513570     1.551472
59348.098893 -1.402670 0.526636     1.659835
59348.136503 -1.365060 0.539701     1.754072
59348.174113 -1.327449 0.552766     1.835036
59348.211723 -1.289839 0.565832     1.903534
59348.249333 -1.252229 0.578897     1.960321
59348.286944 -1.214619 0.591962     2.006096
59348.324554 -1.177009 0.605028     2.041502
59348.362164 -1.139399 0.618093     2.067122
59348.399774 -1.101788 0.631158     2.083485
59348.437384 -1.064178 0.644224     2.091064
59348.474994 -1.026568 0.657289     2.090284
59348.512605 -0.988958 0.670354     2.081518
59348.550215 -0.951348 0.683420     2.065097
59348.587825 -0.913738 0.696485     2.041307
59348.625435 -0.876127 0.709550     2.010397
59348.663045 -0.838517 0.722616     1.972576
59348.700655 -0.800907 0.735681     1.928022
59348.738265 -0.763297 0.748746     1.876877
59348.775876 -0.725687 0.761812     1.819254
59348.813486 -0.688077 0.774877     1.755238
59348.851096 -0.650467 0.787942     1.684890
59348.888706 -0.612856 0.801008     1.608240
59348.926316 -0.575246 0.814073     1.525300
59348.963926 -0.537636 0.827138     1.436058
59349.001537 -0.500026 0.840204     1.340483
59349.039147 -0.462416 0.853269     1.238525
59349.076757 -0.424806 0.866334     1.130121
59349.114367 -0.387195 0.879400     1.015190
59349.151977 -0.349585 0.892465     0.893644
59349.189587 -0.311975 0.905530     0.765389
59349.227197 -0.274365 0.918596     0.630325
59349.264808 -0.236755 0.931661     0.488360
59349.302418 -0.199145 0.944726     0.339409
59349.340028 -0.161535 0.957792     0.183409
59349.377638 -0.123924 0.970857     0.020328
59349.415248 -0.086314 0.983922    -0.149820
59349.452858 -0.048704 0.996988    -0.326957
59349.490469 -0.011094 0.010053    -0.510916
59349.528079 0.026516 0.023118    -0.701415
59349.565689 0.064126 0.036184    -0.898020
59349.603299 0.101737 0.049249    -1.100103
59349.640909 0.139347 0.062314    -1.306788
59349.678519 0.176957 0.075380    -1.516895
59349.716129 0.214567 0.088445    -1.728869
59349.753740 0.252177 0.101510    -1.940702
59349.791350 0.289787 0.114576    -2.149862
59349.828960 0.327397 0.127641    -2.353215
59349.866570 0.365008 0.140706    -2.546977
59349.904180 0.402618 0.153772    -2.726690
59349.941790 0.440228 0.166837    -2.887266
59349.979401 0.477838 0.179902    -3.023110
59350.017011 0.515448 0.192968    -3.128348
59350.054621 0.553058 0.206033    -3.197184
59350.092231 0.590669 0.219098    -3.224367
59350.129841 0.628279 0.232164    -3.205732
59350.167451 0.665889 0.245229    -3.138750
59350.205062 0.703499 0.258294    -3.022970
59350.242672 0.741109 0.271360    -2.860258
59350.280282 0.778719 0.284425    -2.654775
59350.317892 0.816330 0.297490    -2.412627
59350.355502 0.853940 0.310556    -2.141324
59350.393112 0.891550 0.323621    -1.849083
59350.430722 0.929160 0.336686    -1.544146
59350.468333 0.966770 0.349752    -1.234205
59350.505943 1.004380 0.362817    -0.925996
59350.543553 1.041990 0.375882    -0.625081
59350.581163 1.079601 0.388947    -0.335787
59350.618773 1.117211 0.402013    -0.061275
59350.656383 1.154821 0.415078     0.196329
59350.693994 1.192431 0.428143     0.435755
59350.731604 1.230041 0.441209     0.656421
59350.769214 1.267651 0.454274     0.858262
59350.806824 1.305262 0.467339     1.041588
59350.844434 1.342872 0.480405     1.206972
59350.882044 1.380482 0.493470     1.355153
59350.919654 1.418092 0.506535     1.486969
59350.957265 -1.422920 0.519601     1.603300
59350.994875 -1.385310 0.532666     1.705035
59351.032485 -1.347700 0.545731     1.793043
59351.070095 -1.310090 0.558797     1.868155
59351.107705 -1.272479 0.571862     1.931156
59351.145315 -1.234869 0.584927     1.982777
59351.182926 -1.197259 0.597993     2.023690
59351.220536 -1.159649 0.611058     2.054510
59351.258146 -1.122039 0.624123     2.075795
59351.295756 -1.084429 0.637189     2.088048
59351.333366 -1.046818 0.650254     2.091719
59351.370976 -1.009208 0.663319     2.087209
59351.408586 -0.971598 0.676385     2.074872
59351.446197 -0.933988 0.689450     2.055016
59351.483807 -0.896378 0.702515     2.027911
59351.521417 -0.858768 0.715581     1.993787
59351.559027 -0.821158 0.728646     1.952839
59351.596637 -0.783547 0.741711     1.905226
59351.634247 -0.745937 0.754777     1.851079
59351.671858 -0.708327 0.767842     1.790496
59351.709468 -0.670717 0.780907     1.723552
59351.747078 -0.633107 0.793973     1.650292
59351.784688 -0.595497 0.807038     1.570739
59351.822298 -0.557886 0.820103     1.484893
59351.859908 -0.520276 0.833169     1.392733
59351.897519 -0.482666 0.846234     1.294219
59351.935129 -0.445056 0.859299     1.189294
59351.972739 -0.407446 0.872365     1.077888
59352.010349 -0.369836 0.885430     0.959915
59352.047959 -0.332226 0.898495     0.835285
59352.085569 -0.294615 0.911561     0.703899
59352.123179 -0.257005 0.924626     0.565661
59352.160790 -0.219395 0.937691     0.420481
59352.198400 -0.181785 0.950757     0.268282
59352.236010 -0.144175 0.963822     0.109016
59352.273620 -0.106565 0.976887    -0.057333
59352.311230 -0.068954 0.989953    -0.230721
59352.348840 -0.031344 0.003018    -0.411034
59352.386451 0.006266 0.016083    -0.598055
59352.424061 0.043876 0.029149    -0.791437
59352.461671 0.081486 0.042214    -0.990662
59352.499281 0.119096 0.055279    -1.194994
59352.536891 0.156706 0.068345    -1.403427
59352.574501 0.194317 0.081410    -1.614615
59352.612111 0.231927 0.094475    -1.826803
59352.649722 0.269537 0.107541    -2.037752
59352.687332 0.307147 0.120606    -2.244659
59352.724942 0.344757 0.133671    -2.444096
59352.762552 0.382367 0.146737    -2.631967
59352.800162 0.419978 0.159802    -2.803514
59352.837772 0.457588 0.172867    -2.953394
59352.875383 0.495198 0.185933    -3.075846
59352.912993 0.532808 0.198998    -3.164981
59352.950603 0.570418 0.212063    -3.215191
59352.988213 0.608028 0.225129    -3.221656
59353.025823 0.645639 0.238194    -3.180902
59353.063433 0.683249 0.251259    -3.091314
59353.101043 0.720859 0.264325    -2.953499
59353.138654 0.758469 0.277390    -2.770398
59353.176264 0.796079 0.290455    -2.547132
59353.213874 0.833689 0.303521    -2.290535
59353.251484 0.871299 0.316586    -2.008530
59353.289094 0.908910 0.329651    -1.709426
59353.326704 0.946520 0.342717    -1.401274
59353.364315 0.984130 0.355782    -1.091364
59353.401925 1.021740 0.368847    -0.785905
59353.439535 1.059350 0.381913    -0.489890
59353.477145 1.096960 0.394978    -0.207092
59353.514755 1.134571 0.408043     0.059823
59353.552365 1.172181 0.421109     0.309149
59353.589976 1.209791 0.434174     0.539954
59353.627586 1.247401 0.447239     0.751913
59353.665196 1.285011 0.460305     0.945151
59353.702806 1.322621 0.473370     1.120112
59353.740416 1.360231 0.486435     1.277457
59353.778026 1.397842 0.499501     1.417977
59353.815636 1.435452 0.512566     1.542534
59353.853247 -1.405560 0.525631     1.652019
59353.890857 -1.367950 0.538697     1.747311
59353.928467 -1.330340 0.551762     1.829266
59353.966077 -1.292730 0.564827     1.898694
59354.003687 -1.255120 0.577893     1.956355
59354.041297 -1.217509 0.590958     2.002953
59354.078908 -1.179899 0.604023     2.039135
59354.116518 -1.142289 0.617089     2.065488
59354.154128 -1.104679 0.630154     2.082545
59354.191738 -1.067069 0.643219     2.090784
59354.229348 -1.029459 0.656285     2.090632
59354.266958 -0.991849 0.669350     2.082467
59354.304568 -0.954238 0.682415     2.066624
59354.342179 -0.916628 0.695481     2.043391
59354.379789 -0.879018 0.708546     2.013020
59354.417399 -0.841408 0.721611     1.975724
59354.455009 -0.803798 0.734677     1.931682
59354.492619 -0.766188 0.747742     1.881039
59354.530229 -0.728577 0.760807     1.823911
59354.567840 -0.690967 0.773873     1.760384
59354.605450 -0.653357 0.786938     1.690520
59354.643060 -0.615747 0.800003     1.614354
59354.680670 -0.578137 0.813069     1.531898
59354.718280 -0.540527 0.826134     1.443141
59354.755890 -0.502917 0.839199     1.348054
59354.793500 -0.465306 0.852265     1.246589
59354.831111 -0.427696 0.865330     1.138683
59354.868721 -0.390086 0.878395     1.024256
59354.906331 -0.352476 0.891461     0.903223
59354.943941 -0.314866 0.904526     0.775486
59354.981551 -0.277256 0.917591     0.640950
59355.019161 -0.239645 0.930657     0.499518
59355.056772 -0.202035 0.943722     0.351106
59355.094382 -0.164425 0.956787     0.195650
59355.131992 -0.126815 0.969853     0.033113
59355.169602 -0.089205 0.982918    -0.136494
59355.207212 -0.051595 0.995983    -0.313098
59355.244822 -0.013984 0.009049    -0.496541
59355.282433 0.023626 0.022114    -0.686551
59355.320043 0.061236 0.035179    -0.882706
59355.357653 0.098846 0.048245    -1.084395
59355.395263 0.136456 0.061310    -1.290764
59355.432873 0.174066 0.074375    -1.500659
59355.470483 0.211676 0.087441    -1.712554
59355.508093 0.249287 0.100506    -1.924481
59355.545704 0.286897 0.113571    -2.133949
59355.583314 0.324507 0.126637    -2.337874
59355.620924 0.362117 0.139702    -2.532522
59355.658534 0.399727 0.152767    -2.713488
59355.696144 0.437337 0.165833    -2.875729
59355.733754 0.474948 0.178898    -3.013680
59355.771365 0.512558 0.191963    -3.121480
59355.808975 0.550168 0.205029    -3.193310
59355.846585 0.587778 0.218094    -3.223859
59355.884195 0.625388 0.231159    -3.208859
59355.921805 0.662998 0.244225    -3.145637
59355.959415 0.700608 0.257290    -3.033571
59355.997025 0.738219 0.270355    -2.874347
59356.034636 0.775829 0.283421    -2.671956
59356.072246 0.813439 0.296486    -2.432374
59356.109856 0.851049 0.309551    -2.163025
59356.147466 0.888659 0.322617    -1.872097
59356.185076 0.926269 0.335682    -1.567852
59356.222686 0.963880 0.348747    -1.258043
59356.260297 1.001490 0.361813    -0.949489
59356.297907 1.039100 0.374878    -0.647844
59356.335517 1.076710 0.387943    -0.357530
59356.373127 1.114320 0.401009    -0.081794
59356.410737 1.151930 0.414074     0.177163
59356.448347 1.189540 0.427139     0.418016
59356.485957 1.227151 0.440205     0.640132
59356.523568 1.264761 0.453270     0.843412
59356.561178 1.302371 0.466335     1.028143
59356.598788 1.339981 0.479401     1.194881
59356.636398 1.377591 0.492466     1.344356
59356.674008 1.415201 0.505531     1.477399
59356.711618 -1.425811 0.518597     1.594888
59356.749229 -1.388200 0.531662     1.697714
59356.786839 -1.350590 0.544727     1.786746
59356.824449 -1.312980 0.557793     1.862821
59356.862059 -1.275370 0.570858     1.926727
59356.899669 -1.237760 0.583923     1.979198
59356.937279 -1.200150 0.596989     2.020911
59356.974890 -1.162540 0.610054     2.052486
59357.012500 -1.124929 0.623119     2.074486
59357.050110 -1.087319 0.636185     2.087416
59357.087720 -1.049709 0.649250     2.091732
59357.125330 -1.012099 0.662315     2.087838
59357.162940 -0.974489 0.675381     2.076090
59357.200550 -0.936879 0.688446     2.056802
59357.238161 -0.899268 0.701511     2.030246
59357.275771 -0.861658 0.714577     1.996654
59357.313381 -0.824048 0.727642     1.956224
59357.350991 -0.786438 0.740707     1.909119
59357.388601 -0.748828 0.753773     1.855470
59357.426211 -0.711218 0.766838     1.795379
59357.463822 -0.673608 0.779903     1.728922
59357.501432 -0.635997 0.792969     1.656146
59357.539042 -0.598387 0.806034     1.577076
59357.576652 -0.560777 0.819099     1.491714
59357.614262 -0.523167 0.832165     1.400041
59357.651872 -0.485557 0.845230     1.302017
59357.689482 -0.447947 0.858295     1.197588
59357.727093 -0.410336 0.871361     1.086682
59357.764703 -0.372726 0.884426     0.969217
59357.802313 -0.335116 0.897491     0.845102
59357.839923 -0.297506 0.910557     0.714239
59357.877533 -0.259896 0.923622     0.576531
59357.915143 -0.222286 0.936687     0.431887
59357.952754 -0.184675 0.949753     0.280230
59357.990364 -0.147065 0.962818     0.121508
59358.027974 -0.109455 0.975883    -0.044297
59358.065584 -0.071845 0.988949    -0.217147
59358.103194 -0.034235 0.002014    -0.396934
59358.140804 0.003375 0.015079    -0.583450
59358.178414 0.040985 0.028145    -0.776359
59358.216025 0.078596 0.041210    -0.975158
59358.253635 0.116206 0.054275    -1.179130
59358.291245 0.153816 0.067341    -1.387291
59358.328855 0.191426 0.080406    -1.598323
59358.366465 0.229036 0.093471    -1.810507
59358.404075 0.266646 0.106537    -2.021643
59358.441686 0.304257 0.119602    -2.228974
59358.479296 0.341867 0.132667    -2.429122
59358.516906 0.379477 0.145733    -2.618043
59358.554516 0.417087 0.158798    -2.791027
59358.592126 0.454697 0.171863    -2.942773
59358.629736 0.492307 0.184929    -3.067542
59358.667347 0.529917 0.197994    -3.159443
59358.704957 0.567528 0.211059    -3.212829
59358.742567 0.605138 0.224125    -3.222800
59358.780177 0.642748 0.237190    -3.185759
59358.817787 0.680358 0.250255    -3.099933
59358.855397 0.717968 0.263321    -2.965749
59358.893007 0.755578 0.276386    -2.785972
59358.930618 0.793189 0.289451    -2.565570
59358.968228 0.830799 0.302517    -2.311263
59359.005838 0.868409 0.315582    -2.030916
59359.043448 0.906019 0.328647    -1.732834
59359.081058 0.943629 0.341713    -1.425107
59359.118668 0.981239 0.354778    -1.115096
59359.156279 1.018849 0.367843    -0.809103
59359.193889 1.056460 0.380909    -0.512212
59359.231499 1.094070 0.393974    -0.228291
59359.269109 1.131680 0.407039     0.039917
59359.306719 1.169290 0.420105     0.290636
59359.344329 1.206900 0.433170     0.522883
59359.381939 1.244510 0.446235     0.736291
59359.419550 1.282121 0.459301     0.930955
59359.457160 1.319731 0.472366     1.107300
59359.494770 1.357341 0.485431     1.265971
59359.532380 1.394951 0.498497     1.407754
59359.569990 1.432561 0.511562     1.533507
59359.607600 -1.408451 0.524627     1.644119
59359.645211 -1.370841 0.537693     1.740471
59359.682821 -1.333231 0.550758     1.823422
59359.720431 -1.295620 0.563823     1.893785
59359.758041 -1.258010 0.576889     1.952325
59359.795651 -1.220400 0.589954     1.999749
59359.833261 -1.182790 0.603019     2.036710
59359.870871 -1.145180 0.616085     2.063799
59359.908482 -1.107570 0.629150     2.081552
59359.946092 -1.069959 0.642215     2.090453
59359.983702 -1.032349 0.655281     2.090932
59360.021312 -0.994739 0.668346     2.083371
59360.058922 -0.957129 0.681411     2.068107
59360.096532 -0.919519 0.694477     2.045433
59360.134143 -0.881909 0.707542     2.015603
59360.171753 -0.844299 0.720607     1.978832
59360.209363 -0.806688 0.733673     1.935302
59360.246973 -0.769078 0.746738     1.885162
59360.284583 -0.731468 0.759803     1.828529
59360.322193 -0.693858 0.772869     1.765492
59360.359804 -0.656248 0.785934     1.696114
59360.397414 -0.618638 0.798999     1.620431
59360.435024 -0.581027 0.812065     1.538458
59360.472634 -0.543417 0.825130     1.450187
59360.510244 -0.505807 0.838195     1.355588
59360.547854 -0.468197 0.851261     1.254615
59360.585464 -0.430587 0.864326     1.147206
59360.623075 -0.392977 0.877391     1.033284
59360.660685 -0.355366 0.890457     0.912762
59360.698295 -0.317756 0.903522     0.785544
59360.735905 -0.280146 0.916587     0.651533
59360.773515 -0.242536 0.929653     0.510634
59360.811125 -0.204926 0.942718     0.362762
59360.848736 -0.167316 0.955783     0.207848
59360.886346 -0.129706 0.968849     0.045856
59360.923956 -0.092095 0.981914    -0.123209
59360.961566 -0.054485 0.994979    -0.299280
59360.999176 -0.016875 0.008045    -0.482205
59361.036786 0.020735 0.021110    -0.671723
59361.074396 0.058345 0.034175    -0.867425
59361.112007 0.095955 0.047241    -1.068716
59361.149617 0.133566 0.060306    -1.274762
59361.187227 0.171176 0.073371    -1.484434
59361.224837 0.208786 0.086437    -1.696239
59361.262447 0.246396 0.099502    -1.908245
59361.300057 0.284006 0.112567    -2.118003
59361.337668 0.321616 0.125633    -2.322479
59361.375278 0.359226 0.138698    -2.517988
59361.412888 0.396837 0.151763    -2.700176
59361.450498 0.434447 0.164829    -2.864048
59361.488108 0.472057 0.177894    -3.004072
59361.525718 0.509667 0.190959    -3.114398
59361.563328 0.547277 0.204025    -3.189191
59361.600939 0.584887 0.217090    -3.223081
59361.638549 0.622498 0.230155    -3.211700
59361.676159 0.660108 0.243221    -3.152235
59361.713769 0.697718 0.256286    -3.043893
59361.751379 0.735328 0.269351    -2.888180
59361.788989 0.772938 0.282417    -2.688917
59361.826600 0.810548 0.295482    -2.451944
59361.864210 0.848158 0.308547    -2.184598
59361.901820 0.885769 0.321613    -1.895032
59361.939430 0.923379 0.334678    -1.591527
59361.977040 0.960989 0.347743    -1.281890
59362.014650 0.998599 0.360809    -0.973022
59362.052261 1.036209 0.373874    -0.670674
59362.089871 1.073819 0.386939    -0.379360
59362.127481 1.111430 0.400005    -0.102414
59362.165091 1.149040 0.413070     0.157891
59362.202701 1.186650 0.426135     0.400165
59362.240311 1.224260 0.439201     0.623730
59362.277921 1.261870 0.452266     0.828452
59362.315532 1.299480 0.465331     1.014592
59362.353142 1.337091 0.478397     1.182689
59362.390752 1.374701 0.491462     1.333462
59362.428362 1.412311 0.504527     1.467737
59362.465972 -1.428701 0.517593     1.586390
59362.503582 -1.391091 0.530658     1.690311
59362.541193 -1.353481 0.543723     1.780374
59362.578803 -1.315871 0.556789     1.857416
59362.616413 -1.278261 0.569854     1.922230
59362.654023 -1.240650 0.582919     1.975555
59362.691633 -1.203040 0.595985     2.018072
59362.729243 -1.165430 0.609050     2.050406
59362.766853 -1.127820 0.622115     2.073123
59362.804464 -1.090210 0.635180     2.086733
59362.842074 -1.052600 0.648246     2.091697
59362.879684 -1.014990 0.661311     2.088420
59362.917294 -0.977379 0.674376     2.077264
59362.954904 -0.939769 0.687442     2.058546
59362.992514 -0.902159 0.700507     2.032540
59363.030125 -0.864549 0.713572     1.999481
59363.067735 -0.826939 0.726638     1.959570
59363.105345 -0.789329 0.739703     1.912973
59363.142955 -0.751718 0.752768     1.859823
59363.180565 -0.714108 0.765834     1.800225
59363.218175 -0.676498 0.778899     1.734254
59363.255785 -0.638888 0.791964     1.661963
59363.293396 -0.601278 0.805030     1.583377
59363.331006 -0.563668 0.818095     1.498499
59363.368616 -0.526057 0.831160     1.407311
59363.406226 -0.488447 0.844226     1.309777
59363.443836 -0.450837 0.857291     1.205842
59363.481446 -0.413227 0.870356     1.095437
59363.519057 -0.375617 0.883422     0.978480
59363.556667 -0.338007 0.896487     0.854879
59363.594277 -0.300397 0.909552     0.724538
59363.631887 -0.262786 0.922618     0.587360
59363.669497 -0.225176 0.935683     0.443252
59363.707107 -0.187566 0.948748     0.292136
59363.744718 -0.149956 0.961814     0.133958
59363.782328 -0.112346 0.974879    -0.031303
59363.819938 -0.074736 0.987944    -0.203615
59363.857548 -0.037125 0.001010    -0.382874
59363.895158 0.000485 0.014075    -0.568883
59363.932768 0.038095 0.027140    -0.761316
59363.970378 0.075705 0.040206    -0.959685
59364.007989 0.113315 0.053271    -1.163290
59364.045599 0.150925 0.066336    -1.371171
59364.083209 0.188535 0.079402    -1.582038
59364.120819 0.226146 0.092467    -1.794205
59364.158429 0.263756 0.105532    -2.005512
59364.196039 0.301366 0.118598    -2.213247
59364.233650 0.338976 0.131663    -2.414082
59364.271260 0.376586 0.144728    -2.604024
59364.308870 0.414196 0.157794    -2.778415
59364.346480 0.451807 0.170859    -2.931992
59364.384090 0.489417 0.183924    -3.059044
59364.421700 0.527027 0.196990    -3.153678
59364.459310 0.564637 0.210055    -3.210210
59364.496921 0.602247 0.223120    -3.223665
59364.534531 0.639857 0.236186    -3.190327
59364.572141 0.677467 0.249251    -3.108264
59364.609751 0.715078 0.262316    -2.977728
59364.647361 0.752688 0.275382    -2.801306
59364.684971 0.790298 0.288447    -2.583806
59364.722582 0.827908 0.301512    -2.331836
59364.760192 0.865518 0.314578    -2.053198
59364.797802 0.903128 0.327643    -1.756185
59364.835412 0.940739 0.340708    -1.448926
59364.873022 0.978349 0.353774    -1.138853
59364.910632 1.015959 0.366839    -0.832355
59364.948242 1.053569 0.379904    -0.534612
59364.985853 1.091179 0.392970    -0.249584
59365.023463 1.128789 0.406035     0.019906
59365.061073 1.166400 0.419100     0.272014
59365.098683 1.204010 0.432166     0.505700
59365.136293 1.241620 0.445231     0.720557
59365.173903 1.279230 0.458296     0.916650
59365.211514 1.316840 0.471362     1.094383
59365.249124 1.354450 0.484427     1.254386
59365.286734 1.392060 0.497492     1.397437
59365.324344 1.429671 0.510558     1.524391
59365.361954 -1.411341 0.523623     1.636134
59365.399564 -1.373731 0.536688     1.733552
59365.437175 -1.336121 0.549754     1.817503
59365.474785 -1.298511 0.562819     1.888806
59365.512395 -1.260901 0.575884     1.948228
59365.550005 -1.223291 0.588950     1.996484
59365.587615 -1.185680 0.602015     2.034227
59365.625225 -1.148070 0.615080     2.062054
59365.662835 -1.110460 0.628146     2.080508
59365.700446 -1.072850 0.641211     2.090073
59365.738056 -1.035240 0.654276     2.091185
59365.775666 -0.997630 0.667342     2.084230
59365.813276 -0.960020 0.680407     2.069547
59365.850886 -0.922409 0.693472     2.047433
59365.888496 -0.884799 0.706538     2.018144
59365.926107 -0.847189 0.719603     1.981900
59365.963717 -0.809579 0.732668     1.938884
59366.001327 -0.771969 0.745734     1.889247
59366.038937 -0.734359 0.758799     1.833110
59366.076547 -0.696748 0.771864     1.770562
59366.114157 -0.659138 0.784930     1.701670
59366.151767 -0.621528 0.797995     1.626471
59366.189378 -0.583918 0.811060     1.544982
59366.226988 -0.546308 0.824126     1.457195
59366.264598 -0.508698 0.837191     1.363084
59366.302208 -0.471088 0.850256     1.262603
59366.339818 -0.433477 0.863322     1.155691
59366.377428 -0.395867 0.876387     1.042273
59366.415039 -0.358257 0.889452     0.922261
59366.452649 -0.320647 0.902518     0.795561
59366.490259 -0.283037 0.915583     0.662076
59366.527869 -0.245427 0.928648     0.521710
59366.565479 -0.207816 0.941714     0.374376
59366.603089 -0.170206 0.954779     0.220005
59366.640699 -0.132596 0.967844     0.058558
59366.678310 -0.094986 0.980910    -0.109965
59366.715920 -0.057376 0.993975    -0.285502
59366.753530 -0.019766 0.007040    -0.467908
59366.791140 0.017844 0.020106    -0.656932
59366.828750 0.055455 0.033171    -0.852177
59366.866360 0.093065 0.046236    -1.053064
59366.903971 0.130675 0.059302    -1.258781
59366.941581 0.168285 0.072367    -1.468222
59366.979191 0.205895 0.085432    -1.679926
59367.016801 0.243505 0.098498    -1.891996
59367.054411 0.281116 0.111563    -2.102027
59367.092021 0.318726 0.124628    -2.307030
59367.129632 0.356336 0.137694    -2.503375
59367.167242 0.393946 0.150759    -2.686756
59367.204852 0.431556 0.163824    -2.852226
59367.242462 0.469166 0.176890    -2.994288
59367.280072 0.506777 0.189955    -3.107107
59367.317682 0.544387 0.203020    -3.184830
59367.355292 0.581997 0.216086    -3.222035
59367.392903 0.619607 0.229151    -3.214256
59367.430513 0.657217 0.242216    -3.158542
59367.468123 0.694827 0.255282    -3.053934
59367.505733 0.732437 0.268347    -2.901754
59367.543343 0.770048 0.281412    -2.705655
59367.580953 0.807658 0.294478    -2.471335
59367.618564 0.845268 0.307543    -2.206040
59367.656174 0.882878 0.320608    -1.917886
59367.693784 0.920488 0.333674    -1.615165
59367.731394 0.958098 0.346739    -1.305741
59367.769004 0.995709 0.359804    -0.996595
59367.806614 1.033319 0.372870    -0.693570
59367.844224 1.070929 0.385935    -0.401276
59367.881835 1.108539 0.399000    -0.123131
59367.919445 1.146149 0.412066     0.138511
59367.957055 1.183759 0.425131     0.382203
59367.994665 1.221369 0.438196     0.607217
59368.032275 1.258980 0.451262     0.813382
59368.069885 1.296590 0.464327     1.000934
59368.107496 1.334200 0.477392     1.170394
59368.145106 1.371810 0.490458     1.322470
59368.182716 1.409420 0.503523     1.457982
59368.220326 -1.431592 0.516588     1.577805
59368.257936 -1.393982 0.529654     1.682827
59368.295546 -1.356371 0.542719     1.773924
59368.333156 -1.318761 0.555784     1.851938
59368.370767 -1.281151 0.568850     1.917665
59368.408377 -1.243541 0.581915     1.971848
59368.445987 -1.205931 0.594980     2.015174
59368.483597 -1.168321 0.608046     2.048269
59368.521207 -1.130711 0.621111     2.071706
59368.558817 -1.093100 0.634176     2.086000
59368.596428 -1.055490 0.647242     2.091612
59368.634038 -1.017880 0.660307     2.088956
59368.671648 -0.980270 0.673372     2.078394
59368.709258 -0.942660 0.686438     2.060246
59368.746868 -0.905050 0.699503     2.034791
59368.784478 -0.867439 0.712568     2.002267
59368.822089 -0.829829 0.725634     1.962877
59368.859699 -0.792219 0.738699     1.916788
59368.897309 -0.754609 0.751764     1.864138
59368.934919 -0.716999 0.764830     1.805032
59368.972529 -0.679389 0.777895     1.739549
59369.010139 -0.641779 0.790960     1.667742
59369.047749 -0.604168 0.804026     1.589640
59369.085360 -0.566558 0.817091     1.505246
59369.122970 -0.528948 0.830156     1.414544
59369.160580 -0.491338 0.843222     1.317500
59369.198190 -0.453728 0.856287     1.214059
59369.235800 -0.416118 0.869352     1.104154
59369.273410 -0.378507 0.882418     0.987703
59369.311021 -0.340897 0.895483     0.864617
59369.348631 -0.303287 0.908548     0.734797
59369.386241 -0.265677 0.921614     0.598147
59369.423851 -0.228067 0.934679     0.454575
59369.461461 -0.190457 0.947744     0.304000
59369.499071 -0.152847 0.960810     0.146366
59369.536681 -0.115236 0.973875    -0.018351
59369.574292 -0.077626 0.986940    -0.190123
59369.611902 -0.040016 0.000006    -0.368854
59369.649512 -0.002406 0.013071    -0.554354
59369.687122 0.035204 0.026136    -0.746309
59369.724732 0.072814 0.039202    -0.944243
59369.762342 0.110425 0.052267    -1.147476
59369.799953 0.148035 0.065332    -1.355070
59369.837563 0.185645 0.078398    -1.565761
59369.875173 0.223255 0.091463    -1.777899
59369.912783 0.260865 0.104528    -1.989360
59369.950393 0.298475 0.117594    -2.197480
59369.988003 0.336086 0.130659    -2.398978
59370.025613 0.373696 0.143724    -2.589914
59370.063224 0.411306 0.156790    -2.765680
59370.100834 0.448916 0.169855    -2.921055
59370.138444 0.486526 0.182920    -3.050354
59370.176054 0.524136 0.195986    -3.147687
59370.213664 0.561746 0.209051    -3.207337
59370.251274 0.599357 0.222116    -3.224254
59370.288885 0.636967 0.235182    -3.194605
59370.326495 0.674577 0.248247    -3.116308
59370.364105 0.712187 0.261312    -2.989436
59370.401715 0.749797 0.274378    -2.816396
59370.439325 0.787407 0.287443    -2.601839
59370.476935 0.825018 0.300508    -2.352252
59370.514546 0.862628 0.313574    -2.075371
59370.552156 0.900238 0.326639    -1.779476
59370.589766 0.937848 0.339704    -1.472730
59370.627376 0.975458 0.352770    -1.162632
59370.664986 1.013068 0.365835    -0.855659
59370.702596 1.050678 0.378900    -0.557088
59370.740206 1.088289 0.391966    -0.270968
59370.777817 1.125899 0.405031    -0.000207
59370.815427 1.163509 0.418096     0.253282
59370.853037 1.201119 0.431162     0.488406
59370.890647 1.238729 0.444227     0.704713
59370.928257 1.276339 0.457292     0.902237
59370.965867 1.313950 0.470358     1.081361
59371.003478 1.351560 0.483423     1.242701
59371.041088 1.389170 0.496488     1.387025
59371.078698 1.426780 0.509554     1.515185
59371.116308 -1.414232 0.522619     1.628065
59371.153918 -1.376622 0.535684     1.726553
59371.191528 -1.339012 0.548750     1.811510
59371.229138 -1.301402 0.561815     1.883757
59371.266749 -1.263791 0.574880     1.944066
59371.304359 -1.226181 0.587946     1.993156
59371.341969 -1.188571 0.601011     2.031685
59371.379579 -1.150961 0.614076     2.060255
59371.417189 -1.113351 0.627142     2.079410
59371.454799 -1.075741 0.640207     2.089643
59371.492410 -1.038130 0.653272     2.091390
59371.530020 -1.000520 0.666338     2.085043
59371.567630 -0.962910 0.679403     2.070942
59371.605240 -0.925300 0.692468     2.049390
59371.642850 -0.887690 0.705534     2.020644
59371.680460 -0.850080 0.718599     1.984928
59371.718070 -0.812470 0.731664     1.942427
59371.755681 -0.774859 0.744730     1.893294
59371.793291 -0.737249 0.757795     1.837653
59371.830901 -0.699639 0.770860     1.775595
59371.868511 -0.662029 0.783926     1.707189
59371.906121 -0.624419 0.796991     1.632474
59371.943731 -0.586809 0.810056     1.551468
59371.981342 -0.549198 0.823122     1.464166
59372.018952 -0.511588 0.836187     1.370542
59372.056562 -0.473978 0.849252     1.270553
59372.094172 -0.436368 0.862318     1.164138
59372.131782 -0.398758 0.875383     1.051222
59372.169392 -0.361148 0.888448     0.931720
59372.207003 -0.323538 0.901514     0.805538
59372.244613 -0.285927 0.914579     0.672578
59372.282223 -0.248317 0.927644     0.532744
59372.319833 -0.210707 0.940710     0.385948
59372.357443 -0.173097 0.953775     0.232121
59372.395053 -0.135487 0.966840     0.071217
59372.432663 -0.097877 0.979906    -0.096763
59372.470274 -0.060266 0.992971    -0.271765
59372.507884 -0.022656 0.006036    -0.453650
59372.545494 0.014954 0.019102    -0.642177
59372.583104 0.052564 0.032167    -0.836962
59372.620714 0.090174 0.045232    -1.037441
59372.658324 0.127784 0.058298    -1.242822
59372.695935 0.165395 0.071363    -1.452024
59372.733545 0.203005 0.084428    -1.663615
59372.771155 0.240615 0.097494    -1.875735
