# time Tc_folded Tref_folded model model_err 
59329.481866 0.000000 0.000000    -0.073902     0.767684 
59329.519476 0.000000 0.000000    -0.134714     0.767273 
59329.557086 0.000000 0.000000    -0.196822     0.766819 
59329.594696 0.000000 0.000000    -0.260163     0.766322 
59329.632306 0.000000 0.000000    -0.324671     0.765784 
59329.669917 0.000000 0.000000    -0.390282     0.765205 
59329.707527 0.000000 0.000000    -0.456925     0.764585 
59329.745137 0.000000 0.000000    -0.524532     0.763927 
59329.782747 0.000000 0.000000    -0.593029     0.763230 
59329.820357 0.000000 0.000000    -0.662345     0.762498 
59329.857967 0.000000 0.000000    -0.732403     0.761729 
59329.895578 0.000000 0.000000    -0.803128     0.760927 
59329.933188 0.000000 0.000000    -0.874442     0.760092 
59329.970798 0.000000 0.000000    -0.946267     0.759226 
59330.008408 0.000000 0.000000    -1.018522     0.758331 
59330.046018 0.000000 0.000000    -1.091127     0.757408 
59330.083628 0.000000 0.000000    -1.164001     0.756459 
59330.121238 0.000000 0.000000    -1.237061     0.755485 
59330.158849 0.000000 0.000000    -1.310223     0.754488 
59330.196459 0.000000 0.000000    -1.383406     0.753470 
59330.234069 0.000000 0.000000    -1.456523     0.752433 
59330.271679 0.000000 0.000000    -1.529492     0.751378 
59330.309289 0.000000 0.000000    -1.602227     0.750308 
59330.346899 0.000000 0.000000    -1.674643     0.749224 
59330.384510 0.000000 0.000000    -1.746657     0.748128 
59330.422120 0.000000 0.000000    -1.818184     0.747021 
59330.459730 0.000000 0.000000    -1.889139     0.745906 
59330.497340 0.000000 0.000000    -1.959438     0.744784 
59330.534950 0.000000 0.000000    -2.028998     0.743657 
59330.572560 0.000000 0.000000    -2.097735     0.742526 
59330.610170 0.000000 0.000000    -2.165568     0.741394 
59330.647781 0.000000 0.000000    -2.232414     0.740262 
59330.685391 0.000000 0.000000    -2.298194     0.739132 
59330.723001 0.000000 0.000000    -2.362827     0.738005 
59330.760611 0.000000 0.000000    -2.426235     0.736882 
59330.798221 0.000000 0.000000    -2.488341     0.735766 
59330.835831 0.000000 0.000000    -2.549067     0.734657 
59330.873442 0.000000 0.000000    -2.608341     0.733557 
59330.911052 0.000000 0.000000    -2.666088     0.732467 
59330.948662 0.000000 0.000000    -2.722236     0.731388 
59330.986272 0.000000 0.000000    -2.776717     0.730323 
59331.023882 0.000000 0.000000    -2.829461     0.729271 
59331.061492 0.000000 0.000000    -2.880403     0.728234 
59331.099102 0.000000 0.000000    -2.929478     0.727213 
59331.136713 0.000000 0.000000    -2.976624     0.726208 
59331.174323 0.000000 0.000000    -3.021781     0.725222 
59331.211933 0.000000 0.000000    -3.064890     0.724254 
59331.249543 0.000000 0.000000    -3.105898     0.723305 
59331.287153 0.000000 0.000000    -3.144749     0.722376 
59331.324763 0.000000 0.000000    -3.181393     0.721468 
59331.362374 0.000000 0.000000    -3.215783     0.720581 
59331.399984 0.000000 0.000000    -3.247871     0.719715 
59331.437594 0.000000 0.000000    -3.277615     0.718872 
59331.475204 0.000000 0.000000    -3.304975     0.718052 
59331.512814 0.000000 0.000000    -3.329913     0.717254 
59331.550424 0.000000 0.000000    -3.352393     0.716479 
59331.588035 0.000000 0.000000    -3.372384     0.715728 
59331.625645 0.000000 0.000000    -3.389856     0.715000 
59331.663255 0.000000 0.000000    -3.404784     0.714296 
59331.700865 0.000000 0.000000    -3.417142     0.713615 
59331.738475 0.000000 0.000000    -3.426912     0.712958 
59331.776085 0.000000 0.000000    -3.434076     0.712324 
59331.813695 0.000000 0.000000    -3.438618     0.711714 
59331.851306 0.000000 0.000000    -3.440529     0.711128 
59331.888916 0.000000 0.000000    -3.439799     0.710564 
59331.926526 0.000000 0.000000    -3.436423     0.710023 
59331.964136 0.000000 0.000000    -3.430399     0.709504 
59332.001746 0.000000 0.000000    -3.421728     0.709007 
59332.039356 0.000000 0.000000    -3.410414     0.708531 
59332.076967 0.000000 0.000000    -3.396464     0.708077 
59332.114577 0.000000 0.000000    -3.379887     0.707643 
59332.152187 0.000000 0.000000    -3.360698     0.707228 
59332.189797 0.000000 0.000000    -3.338911     0.706833 
59332.227407 0.000000 0.000000    -3.314547     0.706456 
59332.265017 0.000000 0.000000    -3.287626     0.706096 
59332.302627 0.000000 0.000000    -3.258175     0.705753 
59332.340238 0.000000 0.000000    -3.226222     0.705426 
59332.377848 0.000000 0.000000    -3.191796     0.705114 
59332.415458 0.000000 0.000000    -3.154932     0.704816 
59332.453068 0.000000 0.000000    -3.115666     0.704530 
59332.490678 0.000000 0.000000    -3.074037     0.704256 
59332.528288 0.000000 0.000000    -3.030088     0.703993 
59332.565899 0.000000 0.000000    -2.983861     0.703739 
59332.603509 0.000000 0.000000    -2.935406     0.703493 
59332.641119 0.000000 0.000000    -2.884770     0.703255 
59332.678729 0.000000 0.000000    -2.832007     0.703022 
59332.716339 0.000000 0.000000    -2.777170     0.702793 
59332.753949 0.000000 0.000000    -2.720316     0.702568 
59332.791559 0.000000 0.000000    -2.661504     0.702344 
59332.829170 0.000000 0.000000    -2.600795     0.702121 
59332.866780 0.000000 0.000000    -2.538253     0.701896 
59332.904390 0.000000 0.000000    -2.473941     0.701670 
59332.942000 0.000000 0.000000    -2.407927     0.701439 
59332.979610 0.000000 0.000000    -2.340280     0.701204 
59333.017220 0.000000 0.000000    -2.271071     0.700963 
59333.054831 0.000000 0.000000    -2.200371     0.700714 
59333.092441 0.000000 0.000000    -2.128254     0.700456 
59333.130051 0.000000 0.000000    -2.054795     0.700188 
59333.167661 0.000000 0.000000    -1.980072     0.699909 
59333.205271 0.000000 0.000000    -1.904160     0.699617 
59333.242881 0.000000 0.000000    -1.827139     0.699312 
59333.280492 0.000000 0.000000    -1.749090     0.698993 
59333.318102 0.000000 0.000000    -1.670092     0.698659 
59333.355712 0.000000 0.000000    -1.590228     0.698308 
59333.393322 0.000000 0.000000    -1.509579     0.697941 
59333.430932 0.000000 0.000000    -1.428229     0.697557 
59333.468542 0.000000 0.000000    -1.346262     0.697155 
59333.506152 0.000000 0.000000    -1.263761     0.696734 
59333.543763 0.000000 0.000000    -1.180810     0.696296 
59333.581373 0.000000 0.000000    -1.097494     0.695839 
59333.618983 0.000000 0.000000    -1.013897     0.695363 
59333.656593 0.000000 0.000000    -0.930104     0.694869 
59333.694203 0.000000 0.000000    -0.846200     0.694358 
59333.731813 0.000000 0.000000    -0.762268     0.693829 
59333.769424 0.000000 0.000000    -0.678392     0.693284 
59333.807034 0.000000 0.000000    -0.594656     0.692723 
59333.844644 0.000000 0.000000    -0.511143     0.692148 
59333.882254 0.000000 0.000000    -0.427935     0.691559 
59333.919864 0.000000 0.000000    -0.345113     0.690959 
59333.957474 0.000000 0.000000    -0.262758     0.690348 
59333.995084 0.000000 0.000000    -0.180951     0.689729 
59334.032695 0.000000 0.000000    -0.099769     0.689103 
59334.070305 0.000000 0.000000    -0.019290     0.688474 
59334.107915 0.000000 0.000000     0.060408     0.687843 
59334.145525 0.000000 0.000000     0.139252     0.687213 
59334.183135 0.000000 0.000000     0.217167     0.686586 
59334.220745 0.000000 0.000000     0.294080     0.685966 
59334.258356 0.000000 0.000000     0.369922     0.685356 
59334.295966 0.000000 0.000000     0.444623     0.684759 
59334.333576 0.000000 0.000000     0.518116     0.684178 
59334.371186 0.000000 0.000000     0.590335     0.683618 
59334.408796 0.000000 0.000000     0.661216     0.683081 
59334.446406 0.000000 0.000000     0.730698     0.682571 
59334.484016 0.000000 0.000000     0.798720     0.682093 
59334.521627 0.000000 0.000000     0.865225     0.681649 
59334.559237 0.000000 0.000000     0.930158     0.681245 
59334.596847 0.000000 0.000000     0.993464     0.680884 
59334.634457 0.000000 0.000000     1.055092     0.680569 
59334.672067 0.000000 0.000000     1.114995     0.680305 
59334.709677 0.000000 0.000000     1.173124     0.680096 
59334.747288 0.000000 0.000000     1.229435     0.679944 
59334.784898 0.000000 0.000000     1.283888     0.679854 
59334.822508 0.000000 0.000000     1.336442     0.679830 
59334.860118 0.000000 0.000000     1.387060     0.679873 
59334.897728 0.000000 0.000000     1.435708     0.679987 
59334.935338 0.000000 0.000000     1.482355     0.680175 
59334.972949 0.000000 0.000000     1.526970     0.680439 
59335.010559 0.000000 0.000000     1.569527     0.680781 
59335.048169 0.000000 0.000000     1.610002     0.681203 
59335.085779 0.000000 0.000000     1.648374     0.681706 
59335.123389 0.000000 0.000000     1.684623     0.682291 
59335.160999 0.000000 0.000000     1.718733     0.682959 
59335.198609 0.000000 0.000000     1.750691     0.683711 
59335.236220 0.000000 0.000000     1.780485     0.684545 
59335.273830 0.000000 0.000000     1.808107     0.685461 
59335.311440 0.000000 0.000000     1.833552     0.686459 
59335.349050 0.000000 0.000000     1.856815     0.687537 
59335.386660 0.000000 0.000000     1.877896     0.688692 
59335.424270 0.000000 0.000000     1.896797     0.689924 
59335.461881 0.000000 0.000000     1.913522     0.691228 
59335.499491 0.000000 0.000000     1.928078     0.692603 
59335.537101 0.000000 0.000000     1.940475     0.694045 
59335.574711 0.000000 0.000000     1.950724     0.695549 
59335.612321 0.000000 0.000000     1.958840     0.697114 
59335.649931 0.000000 0.000000     1.964838     0.698733 
59335.687541 0.000000 0.000000     1.968738     0.700403 
59335.725152 0.000000 0.000000     1.970560     0.702119 
59335.762762 0.000000 0.000000     1.970328     0.703876 
59335.800372 0.000000 0.000000     1.968068     0.705670 
59335.837982 0.000000 0.000000     1.963807     0.707494 
59335.875592 0.000000 0.000000     1.957574     0.709345 
59335.913202 0.000000 0.000000     1.949401     0.711216 
59335.950813 0.000000 0.000000     1.939322     0.713103 
59335.988423 0.000000 0.000000     1.927372     0.715000 
59336.026033 0.000000 0.000000     1.913588     0.716903 
59336.063643 0.000000 0.000000     1.898009     0.718804 
59336.101253 0.000000 0.000000     1.880675     0.720701 
59336.138863 0.000000 0.000000     1.861630     0.722587 
59336.176473 0.000000 0.000000     1.840915     0.724459 
59336.214084 0.000000 0.000000     1.818577     0.726310 
59336.251694 0.000000 0.000000     1.794662     0.728137 
59336.289304 0.000000 0.000000     1.769217     0.729935 
59336.326914 0.000000 0.000000     1.742292     0.731700 
59336.364524 0.000000 0.000000     1.713937     0.733429 
59336.402134 0.000000 0.000000     1.684202     0.735116 
59336.439745 0.000000 0.000000     1.653140     0.736760 
59336.477355 0.000000 0.000000     1.620803     0.738357 
59336.514965 0.000000 0.000000     1.587246     0.739903 
59336.552575 0.000000 0.000000     1.552522     0.741396 
59336.590185 0.000000 0.000000     1.516687     0.742835 
59336.627795 0.000000 0.000000     1.479796     0.744216 
59336.665406 0.000000 0.000000     1.441906     0.745538 
59336.703016 0.000000 0.000000     1.403072     0.746800 
59336.740626 0.000000 0.000000     1.363351     0.748000 
59336.778236 0.000000 0.000000     1.322801     0.749137 
59336.815846 0.000000 0.000000     1.281477     0.750212 
59336.853456 0.000000 0.000000     1.239438     0.751224 
59336.891066 0.000000 0.000000     1.196740     0.752173 
59336.928677 0.000000 0.000000     1.153440     0.753060 
59336.966287 0.000000 0.000000     1.109594     0.753885 
59337.003897 0.000000 0.000000     1.065259     0.754650 
59337.041507 0.000000 0.000000     1.020491     0.755356 
59337.079117 0.000000 0.000000     0.975345     0.756006 
59337.116727 0.000000 0.000000     0.929876     0.756601 
59337.154338 0.000000 0.000000     0.884139     0.757143 
59337.191948 0.000000 0.000000     0.838187     0.757637 
59337.229558 0.000000 0.000000     0.792074     0.758084 
59337.267168 0.000000 0.000000     0.745852     0.758488 
59337.304778 0.000000 0.000000     0.699571     0.758854 
59337.342388 0.000000 0.000000     0.653282     0.759185 
59337.379998 0.000000 0.000000     0.607036     0.759485 
59337.417609 0.000000 0.000000     0.560879     0.759759 
59337.455219 0.000000 0.000000     0.514859     0.760012 
59337.492829 0.000000 0.000000     0.469023     0.760249 
59337.530439 0.000000 0.000000     0.423415     0.760475 
59337.568049 0.000000 0.000000     0.378079     0.760696 
59337.605659 0.000000 0.000000     0.333056     0.760916 
59337.643270 0.000000 0.000000     0.288388     0.761142 
59337.680880 0.000000 0.000000     0.244114     0.761380 
59337.718490 0.000000 0.000000     0.200273     0.761634 
59337.756100 0.000000 0.000000     0.156900     0.761912 
59337.793710 0.000000 0.000000     0.114031     0.762218 
59337.831320 0.000000 0.000000     0.071699     0.762558 
59337.868930 0.000000 0.000000     0.029937     0.762939 
59337.906541 0.000000 0.000000    -0.011227     0.763364 
59337.944151 0.000000 0.000000    -0.051762     0.763840 
59337.981761 0.000000 0.000000    -0.091643     0.764371 
59338.019371 0.000000 0.000000    -0.130843     0.764962 
59338.056981 0.000000 0.000000    -0.169340     0.765618 
59338.094591 0.000000 0.000000    -0.207110     0.766342 
59338.132202 0.000000 0.000000    -0.244134     0.767137 
59338.169812 0.000000 0.000000    -0.280394     0.768008 
59338.207422 0.000000 0.000000    -0.315871     0.768956 
59338.245032 0.000000 0.000000    -0.350552     0.769984 
59338.282642 0.000000 0.000000    -0.384423     0.771093 
59338.320252 0.000000 0.000000    -0.417472     0.772284 
59338.357863 0.000000 0.000000    -0.449688     0.773559 
59338.395473 0.000000 0.000000    -0.481064     0.774916 
59338.433083 0.000000 0.000000    -0.511593     0.776355 
59338.470693 0.000000 0.000000    -0.541268     0.777875 
59338.508303 0.000000 0.000000    -0.570088     0.779474 
59338.545913 0.000000 0.000000    -0.598050     0.781150 
59338.583523 0.000000 0.000000    -0.625153     0.782900 
59338.621134 0.000000 0.000000    -0.651398     0.784720 
59338.658744 0.000000 0.000000    -0.676789     0.786607 
59338.696354 0.000000 0.000000    -0.701329     0.788556 
59338.733964 0.000000 0.000000    -0.725024     0.790562 
59338.771574 0.000000 0.000000    -0.747881     0.792620 
59338.809184 0.000000 0.000000    -0.769907     0.794725 
59338.846795 0.000000 0.000000    -0.791114     0.796871 
59338.884405 0.000000 0.000000    -0.811511     0.799051 
59338.922015 0.000000 0.000000    -0.831110     0.801259 
59338.959625 0.000000 0.000000    -0.849925     0.803488 
59338.997235 0.000000 0.000000    -0.867970     0.805732 
59339.034845 0.000000 0.000000    -0.885261     0.807984 
59339.072455 0.000000 0.000000    -0.901813     0.810237 
59339.110066 0.000000 0.000000    -0.917646     0.812483 
59339.147676 0.000000 0.000000    -0.932775     0.814716 
59339.185286 0.000000 0.000000    -0.947222     0.816929 
59339.222896 0.000000 0.000000    -0.961006     0.819114 
59339.260506 0.000000 0.000000    -0.974147     0.821265 
59339.298116 0.000000 0.000000    -0.986667     0.823375 
59339.335727 0.000000 0.000000    -0.998589     0.825437 
59339.373337 0.000000 0.000000    -1.009933     0.827445 
59339.410947 0.000000 0.000000    -1.020725     0.829393 
59339.448557 0.000000 0.000000    -1.030986     0.831274 
59339.486167 0.000000 0.000000    -1.040741     0.833083 
59339.523777 0.000000 0.000000    -1.050015     0.834814 
59339.561387 0.000000 0.000000    -1.058831     0.836462 
59339.598998 0.000000 0.000000    -1.067213     0.838021 
59339.636608 0.000000 0.000000    -1.075188     0.839487 
59339.674218 0.000000 0.000000    -1.082779     0.840856 
59339.711828 0.000000 0.000000    -1.090011     0.842122 
59339.749438 0.000000 0.000000    -1.096909     0.843283 
59339.787048 0.000000 0.000000    -1.103498     0.844336 
59339.824659 0.000000 0.000000    -1.109801     0.845275 
59339.862269 0.000000 0.000000    -1.115843     0.846100 
59339.899879 0.000000 0.000000    -1.121649     0.846808 
59339.937489 0.000000 0.000000    -1.127240     0.847397 
59339.975099 0.000000 0.000000    -1.132641     0.847864 
59340.012709 0.000000 0.000000    -1.137873     0.848209 
59340.050320 0.000000 0.000000    -1.142960     0.848432 
59340.087930 0.000000 0.000000    -1.147922     0.848531 
59340.125540 0.000000 0.000000    -1.152780     0.848507 
59340.163150 0.000000 0.000000    -1.157555     0.848361 
59340.200760 0.000000 0.000000    -1.162266     0.848093 
59340.238370 0.000000 0.000000    -1.166931     0.847705 
59340.275980 0.000000 0.000000    -1.171569     0.847198 
59340.313591 0.000000 0.000000    -1.176197     0.846577 
59340.351201 0.000000 0.000000    -1.180830     0.845842 
59340.388811 0.000000 0.000000    -1.185484     0.844998 
59340.426421 0.000000 0.000000    -1.190173     0.844050 
59340.464031 0.000000 0.000000    -1.194911     0.843000 
59340.501641 0.000000 0.000000    -1.199709     0.841856 
59340.539252 0.000000 0.000000    -1.204579     0.840621 
59340.576862 0.000000 0.000000    -1.209531     0.839304 
59340.614472 0.000000 0.000000    -1.214574     0.837910 
59340.652082 0.000000 0.000000    -1.219716     0.836447 
59340.689692 0.000000 0.000000    -1.224962     0.834923 
59340.727302 0.000000 0.000000    -1.230320     0.833347 
59340.764912 0.000000 0.000000    -1.235794     0.831728 
59340.802523 0.000000 0.000000    -1.241385     0.830076 
59340.840133 0.000000 0.000000    -1.247097     0.828402 
59340.877743 0.000000 0.000000    -1.252930     0.826715 
59340.915353 0.000000 0.000000    -1.258885     0.825029 
59340.952963 0.000000 0.000000    -1.264958     0.823354 
59340.990573 0.000000 0.000000    -1.271147     0.821703 
59341.028184 0.000000 0.000000    -1.277449     0.820089 
59341.065794 0.000000 0.000000    -1.283857     0.818526 
59341.103404 0.000000 0.000000    -1.290366     0.817025 
59341.141014 0.000000 0.000000    -1.296968     0.815601 
59341.178624 0.000000 0.000000    -1.303654     0.814268 
59341.216234 0.000000 0.000000    -1.310414     0.813038 
59341.253844 0.000000 0.000000    -1.317237     0.811927 
59341.291455 0.000000 0.000000    -1.324111     0.810945 
59341.329065 0.000000 0.000000    -1.331023     0.810108 
59341.366675 0.000000 0.000000    -1.337958     0.809426 
59341.404285 0.000000 0.000000    -1.344901     0.808912 
59341.441895 0.000000 0.000000    -1.351837     0.808576 
59341.479505 0.000000 0.000000    -1.358746     0.808429 
59341.517116 0.000000 0.000000    -1.365612     0.808479 
59341.554726 0.000000 0.000000    -1.372416     0.808736 
59341.592336 0.000000 0.000000    -1.379136     0.809204 
59341.629946 0.000000 0.000000    -1.385753     0.809891 
59341.667556 0.000000 0.000000    -1.392246     0.810799 
59341.705166 0.000000 0.000000    -1.398591     0.811931 
59341.742777 0.000000 0.000000    -1.404766     0.813289 
59341.780387 0.000000 0.000000    -1.410748     0.814872 
59341.817997 0.000000 0.000000    -1.416513     0.816678 
59341.855607 0.000000 0.000000    -1.422035     0.818704 
59341.893217 0.000000 0.000000    -1.427290     0.820944 
59341.930827 0.000000 0.000000    -1.432252     0.823394 
59341.968437 0.000000 0.000000    -1.436896     0.826044 
59342.006048 0.000000 0.000000    -1.441195     0.828888 
59342.043658 0.000000 0.000000    -1.445122     0.831915 
59342.081268 0.000000 0.000000    -1.448652     0.835114 
59342.118878 0.000000 0.000000    -1.451758     0.838474 
59342.156488 0.000000 0.000000    -1.454412     0.841984 
59342.194098 0.000000 0.000000    -1.456588     0.845630 
59342.231709 0.000000 0.000000    -1.458260     0.849399 
59342.269319 0.000000 0.000000    -1.459400     0.853278 
59342.306929 0.000000 0.000000    -1.459982     0.857252 
59342.344539 0.000000 0.000000    -1.459979     0.861309 
59342.382149 0.000000 0.000000    -1.459366     0.865434 
59342.419759 0.000000 0.000000    -1.458118     0.869614 
59342.457369 0.000000 0.000000    -1.456208     0.873834 
59342.494980 0.000000 0.000000    -1.453612     0.878081 
59342.532590 0.000000 0.000000    -1.450306     0.882342 
59342.570200 0.000000 0.000000    -1.446266     0.886603 
59342.607810 0.000000 0.000000    -1.441469     0.890853 
59342.645420 0.000000 0.000000    -1.435894     0.895079 
59342.683030 0.000000 0.000000    -1.429517     0.899270 
59342.720641 0.000000 0.000000    -1.422319     0.903413 
59342.758251 0.000000 0.000000    -1.414279     0.907498 
59342.795861 0.000000 0.000000    -1.405380     0.911515 
59342.833471 0.000000 0.000000    -1.395602     0.915453 
59342.871081 0.000000 0.000000    -1.384928     0.919303 
59342.908691 0.000000 0.000000    -1.373343     0.923057 
59342.946301 0.000000 0.000000    -1.360833     0.926704 
59342.983912 0.000000 0.000000    -1.347382     0.930239 
59343.021522 0.000000 0.000000    -1.332980     0.933652 
59343.059132 0.000000 0.000000    -1.317614     0.936936 
59343.096742 0.000000 0.000000    -1.301275     0.940085 
59343.134352 0.000000 0.000000    -1.283954     0.943093 
59343.171962 0.000000 0.000000    -1.265644     0.945954 
59343.209573 0.000000 0.000000    -1.246340     0.948662 
59343.247183 0.000000 0.000000    -1.226036     0.951212 
59343.284793 0.000000 0.000000    -1.204730     0.953599 
59343.322403 0.000000 0.000000    -1.182420     0.955820 
59343.360013 0.000000 0.000000    -1.159106     0.957870 
59343.397623 0.000000 0.000000    -1.134790     0.959745 
59343.435234 0.000000 0.000000    -1.109475     0.961444 
59343.472844 0.000000 0.000000    -1.083166     0.962962 
59343.510454 0.000000 0.000000    -1.055868     0.964297 
59343.548064 0.000000 0.000000    -1.027590     0.965447 
59343.585674 0.000000 0.000000    -0.998341     0.966410 
59343.623284 0.000000 0.000000    -0.968131     0.967185 
59343.660894 0.000000 0.000000    -0.936974     0.967770 
59343.698505 0.000000 0.000000    -0.904884     0.968164 
59343.736115 0.000000 0.000000    -0.871876     0.968367 
59343.773725 0.000000 0.000000    -0.837967     0.968378 
59343.811335 0.000000 0.000000    -0.803177     0.968197 
59343.848945 0.000000 0.000000    -0.767527     0.967825 
59343.886555 0.000000 0.000000    -0.731037     0.967262 
59343.924166 0.000000 0.000000    -0.693732     0.966508 
59343.961776 0.000000 0.000000    -0.655637     0.965566 
59343.999386 0.000000 0.000000    -0.616779     0.964435 
59344.036996 0.000000 0.000000    -0.577185     0.963118 
59344.074606 0.000000 0.000000    -0.536886     0.961617 
59344.112216 0.000000 0.000000    -0.495911     0.959934 
59344.149826 0.000000 0.000000    -0.454294     0.958070 
59344.187437 0.000000 0.000000    -0.412068     0.956030 
59344.225047 0.000000 0.000000    -0.369268     0.953817 
59344.262657 0.000000 0.000000    -0.325931     0.951432 
59344.300267 0.000000 0.000000    -0.282093     0.948881 
59344.337877 0.000000 0.000000    -0.237794     0.946167 
59344.375487 0.000000 0.000000    -0.193074     0.943294 
59344.413098 0.000000 0.000000    -0.147972     0.940267 
59344.450708 0.000000 0.000000    -0.102532     0.937091 
59344.488318 0.000000 0.000000    -0.056796     0.933770 
59344.525928 0.000000 0.000000    -0.010808     0.930311 
59344.563538 0.000000 0.000000     0.035388     0.926719 
59344.601148 0.000000 0.000000     0.081745     0.923000 
59344.638758 0.000000 0.000000     0.128218     0.919162 
59344.676369 0.000000 0.000000     0.174760     0.915209 
59344.713979 0.000000 0.000000     0.221323     0.911151 
59344.751589 0.000000 0.000000     0.267859     0.906994 
59344.789199 0.000000 0.000000     0.314320     0.902745 
59344.826809 0.000000 0.000000     0.360656     0.898414 
59344.864419 0.000000 0.000000     0.406818     0.894008 
59344.902030 0.000000 0.000000     0.452757     0.889537 
59344.939640 0.000000 0.000000     0.498423     0.885009 
59344.977250 0.000000 0.000000     0.543766     0.880434 
59345.014860 0.000000 0.000000     0.588736     0.875822 
59345.052470 0.000000 0.000000     0.633283     0.871182 
59345.090080 0.000000 0.000000     0.677357     0.866526 
59345.127691 0.000000 0.000000     0.720909     0.861862 
59345.165301 0.000000 0.000000     0.763889     0.857202 
59345.202911 0.000000 0.000000     0.806247     0.852557 
59345.240521 0.000000 0.000000     0.847936     0.847938 
59345.278131 0.000000 0.000000     0.888907     0.843356 
59345.315741 0.000000 0.000000     0.929112     0.838821 
59345.353351 0.000000 0.000000     0.968504     0.834346 
59345.390962 0.000000 0.000000     1.007037     0.829940 
59345.428572 0.000000 0.000000     1.044665     0.825616 
59345.466182 0.000000 0.000000     1.081343     0.821383 
59345.503792 0.000000 0.000000     1.117028     0.817251 
59345.541402 0.000000 0.000000     1.151676     0.813232 
59345.579012 0.000000 0.000000     1.185246     0.809335 
59345.616623 0.000000 0.000000     1.217698     0.805568 
59345.654233 0.000000 0.000000     1.248990     0.801940 
59345.691843 0.000000 0.000000     1.279086     0.798459 
59345.729453 0.000000 0.000000     1.307948     0.795133 
59345.767063 0.000000 0.000000     1.335541     0.791966 
59345.804673 0.000000 0.000000     1.361830     0.788966 
59345.842283 0.000000 0.000000     1.386784     0.786137 
59345.879894 0.000000 0.000000     1.410370     0.783481 
59345.917504 0.000000 0.000000     1.432559     0.781002 
59345.955114 0.000000 0.000000     1.453324     0.778701 
59345.992724 0.000000 0.000000     1.472639     0.776578 
59346.030334 0.000000 0.000000     1.490479     0.774633 
59346.067944 0.000000 0.000000     1.506821     0.772865 
59346.105555 0.000000 0.000000     1.521646     0.771270 
59346.143165 0.000000 0.000000     1.534933     0.769846 
59346.180775 0.000000 0.000000     1.546667     0.768587 
59346.218385 0.000000 0.000000     1.556833     0.767489 
59346.255995 0.000000 0.000000     1.565417     0.766545 
59346.293605 0.000000 0.000000     1.572410     0.765749 
59346.331215 0.000000 0.000000     1.577801     0.765092 
59346.368826 0.000000 0.000000     1.581585     0.764567 
59346.406436 0.000000 0.000000     1.583756     0.764166 
59346.444046 0.000000 0.000000     1.584313     0.763880 
59346.481656 0.000000 0.000000     1.583254     0.763700 
59346.519266 0.000000 0.000000     1.580582     0.763616 
59346.556876 0.000000 0.000000     1.576301     0.763619 
59346.594487 0.000000 0.000000     1.570417     0.763700 
59346.632097 0.000000 0.000000     1.562937     0.763849 
59346.669707 0.000000 0.000000     1.553873     0.764058 
59346.707317 0.000000 0.000000     1.543237     0.764317 
59346.744927 0.000000 0.000000     1.531043     0.764617 
59346.782537 0.000000 0.000000     1.517308     0.764951 
59346.820148 0.000000 0.000000     1.502052     0.765309 
59346.857758 0.000000 0.000000     1.485295     0.765685 
59346.895368 0.000000 0.000000     1.467061     0.766071 
59346.932978 0.000000 0.000000     1.447374     0.766460 
59346.970588 0.000000 0.000000     1.426262     0.766846 
59347.008198 0.000000 0.000000     1.403753     0.767223 
59347.045808 0.000000 0.000000     1.379880     0.767585 
59347.083419 0.000000 0.000000     1.354674     0.767927 
59347.121029 0.000000 0.000000     1.328171     0.768246 
59347.158639 0.000000 0.000000     1.300409     0.768536 
59347.196249 0.000000 0.000000     1.271424     0.768795 
59347.233859 0.000000 0.000000     1.241257     0.769019 
59347.271469 0.000000 0.000000     1.209952     0.769206 
59347.309080 0.000000 0.000000     1.177550     0.769354 
59347.346690 0.000000 0.000000     1.144097     0.769462 
59347.384300 0.000000 0.000000     1.109640     0.769528 
59347.421910 0.000000 0.000000     1.074227     0.769551 
59347.459520 0.000000 0.000000     1.037908     0.769532 
59347.497130 0.000000 0.000000     1.000733     0.769470 
59347.534740 0.000000 0.000000     0.962755     0.769366 
59347.572351 0.000000 0.000000     0.924027     0.769221 
59347.609961 0.000000 0.000000     0.884603     0.769035 
59347.647571 0.000000 0.000000     0.844538     0.768812 
59347.685181 0.000000 0.000000     0.803889     0.768551 
59347.722791 0.000000 0.000000     0.762714     0.768256 
59347.760401 0.000000 0.000000     0.721070     0.767928 
59347.798012 0.000000 0.000000     0.679016     0.767571 
59347.835622 0.000000 0.000000     0.636612     0.767186 
59347.873232 0.000000 0.000000     0.593917     0.766778 
59347.910842 0.000000 0.000000     0.550992     0.766348 
59347.948452 0.000000 0.000000     0.507897     0.765901 
59347.986062 0.000000 0.000000     0.464694     0.765439 
59348.023672 0.000000 0.000000     0.421443     0.764966 
59348.061283 0.000000 0.000000     0.378207     0.764486 
59348.098893 0.000000 0.000000     0.335046     0.764002 
59348.136503 0.000000 0.000000     0.292022     0.763516 
59348.174113 0.000000 0.000000     0.249195     0.763034 
59348.211723 0.000000 0.000000     0.206627     0.762558 
59348.249333 0.000000 0.000000     0.164378     0.762091 
59348.286944 0.000000 0.000000     0.122509     0.761636 
59348.324554 0.000000 0.000000     0.081078     0.761197 
59348.362164 0.000000 0.000000     0.040144     0.760777 
59348.399774 0.000000 0.000000    -0.000234     0.760378 
59348.437384 0.000000 0.000000    -0.039999     0.760002 
59348.474994 0.000000 0.000000    -0.079095     0.759653 
59348.512605 0.000000 0.000000    -0.117465     0.759331 
59348.550215 0.000000 0.000000    -0.155056     0.759039 
59348.587825 0.000000 0.000000    -0.191814     0.758779 
59348.625435 0.000000 0.000000    -0.227687     0.758551 
59348.663045 0.000000 0.000000    -0.262625     0.758356 
59348.700655 0.000000 0.000000    -0.296577     0.758196 
59348.738265 0.000000 0.000000    -0.329496     0.758071 
59348.775876 0.000000 0.000000    -0.361336     0.757981 
59348.813486 0.000000 0.000000    -0.392051     0.757925 
59348.851096 0.000000 0.000000    -0.421599     0.757903 
59348.888706 0.000000 0.000000    -0.449938     0.757916 
59348.926316 0.000000 0.000000    -0.477029     0.757960 
59348.963926 0.000000 0.000000    -0.502834     0.758037 
59349.001537 0.000000 0.000000    -0.527316     0.758143 
59349.039147 0.000000 0.000000    -0.550444     0.758277 
59349.076757 0.000000 0.000000    -0.572184     0.758438 
59349.114367 0.000000 0.000000    -0.592507     0.758623 
59349.151977 0.000000 0.000000    -0.611387     0.758831 
59349.189587 0.000000 0.000000    -0.628797     0.759058 
59349.227197 0.000000 0.000000    -0.644714     0.759302 
59349.264808 0.000000 0.000000    -0.659119     0.759562 
59349.302418 0.000000 0.000000    -0.671993     0.759833 
59349.340028 0.000000 0.000000    -0.683319     0.760113 
59349.377638 0.000000 0.000000    -0.693085     0.760400 
59349.415248 0.000000 0.000000    -0.701279     0.760691 
59349.452858 0.000000 0.000000    -0.707892     0.760983 
59349.490469 0.000000 0.000000    -0.712919     0.761273 
59349.528079 0.000000 0.000000    -0.716356     0.761558 
59349.565689 0.000000 0.000000    -0.718201     0.761836 
59349.603299 0.000000 0.000000    -0.718455     0.762105 
59349.640909 0.000000 0.000000    -0.717124     0.762361 
59349.678519 0.000000 0.000000    -0.714212     0.762603 
59349.716129 0.000000 0.000000    -0.709729     0.762828 
59349.753740 0.000000 0.000000    -0.703687     0.763034 
59349.791350 0.000000 0.000000    -0.696098     0.763220 
59349.828960 0.000000 0.000000    -0.686980     0.763383 
59349.866570 0.000000 0.000000    -0.676351     0.763522 
59349.904180 0.000000 0.000000    -0.664233     0.763635 
59349.941790 0.000000 0.000000    -0.650649     0.763722 
59349.979401 0.000000 0.000000    -0.635626     0.763781 
59350.017011 0.000000 0.000000    -0.619192     0.763811 
59350.054621 0.000000 0.000000    -0.601377     0.763813 
59350.092231 0.000000 0.000000    -0.582216     0.763785 
59350.129841 0.000000 0.000000    -0.561742     0.763727 
59350.167451 0.000000 0.000000    -0.539995     0.763640 
59350.205062 0.000000 0.000000    -0.517014     0.763523 
59350.242672 0.000000 0.000000    -0.492840     0.763378 
59350.280282 0.000000 0.000000    -0.467518     0.763204 
59350.317892 0.000000 0.000000    -0.441093     0.763002 
59350.355502 0.000000 0.000000    -0.413614     0.762774 
59350.393112 0.000000 0.000000    -0.385130     0.762522 
59350.430722 0.000000 0.000000    -0.355693     0.762245 
59350.468333 0.000000 0.000000    -0.325355     0.761946 
59350.505943 0.000000 0.000000    -0.294173     0.761627 
59350.543553 0.000000 0.000000    -0.262202     0.761289 
59350.581163 0.000000 0.000000    -0.229501     0.760935 
59350.618773 0.000000 0.000000    -0.196129     0.760566 
59350.656383 0.000000 0.000000    -0.162146     0.760186 
59350.693994 0.000000 0.000000    -0.127616     0.759796 
59350.731604 0.000000 0.000000    -0.092600     0.759399 
59350.769214 0.000000 0.000000    -0.057164     0.758997 
59350.806824 0.000000 0.000000    -0.021373     0.758594 
59350.844434 0.000000 0.000000     0.014707     0.758191 
59350.882044 0.000000 0.000000     0.051010     0.757792 
59350.919654 0.000000 0.000000     0.087466     0.757399 
59350.957265 0.000000 0.000000     0.124009     0.757014 
59350.994875 0.000000 0.000000     0.160570     0.756641 
59351.032485 0.000000 0.000000     0.197078     0.756283 
59351.070095 0.000000 0.000000     0.233465     0.755940 
59351.107705 0.000000 0.000000     0.269660     0.755617 
59351.145315 0.000000 0.000000     0.305595     0.755316 
59351.182926 0.000000 0.000000     0.341198     0.755038 
59351.220536 0.000000 0.000000     0.376401     0.754786 
59351.258146 0.000000 0.000000     0.411134     0.754561 
59351.295756 0.000000 0.000000     0.445328     0.754366 
59351.333366 0.000000 0.000000     0.478913     0.754202 
59351.370976 0.000000 0.000000     0.511822     0.754071 
59351.408586 0.000000 0.000000     0.543986     0.753974 
59351.446197 0.000000 0.000000     0.575340     0.753911 
59351.483807 0.000000 0.000000     0.605816     0.753884 
59351.521417 0.000000 0.000000     0.635349     0.753894 
59351.559027 0.000000 0.000000     0.663876     0.753940 
59351.596637 0.000000 0.000000     0.691333     0.754022 
59351.634247 0.000000 0.000000     0.717658     0.754142 
59351.671858 0.000000 0.000000     0.742791     0.754297 
59351.709468 0.000000 0.000000     0.766673     0.754488 
59351.747078 0.000000 0.000000     0.789245     0.754715 
59351.784688 0.000000 0.000000     0.810452     0.754975 
59351.822298 0.000000 0.000000     0.830238     0.755267 
59351.859908 0.000000 0.000000     0.848553     0.755592 
59351.897519 0.000000 0.000000     0.865344     0.755945 
59351.935129 0.000000 0.000000     0.880563     0.756327 
59351.972739 0.000000 0.000000     0.894162     0.756735 
59352.010349 0.000000 0.000000     0.906097     0.757166 
59352.047959 0.000000 0.000000     0.916326     0.757619 
59352.085569 0.000000 0.000000     0.924807     0.758092 
59352.123179 0.000000 0.000000     0.931502     0.758581 
59352.160790 0.000000 0.000000     0.936376     0.759084 
59352.198400 0.000000 0.000000     0.939395     0.759599 
59352.236010 0.000000 0.000000     0.940528     0.760122 
59352.273620 0.000000 0.000000     0.939746     0.760652 
59352.311230 0.000000 0.000000     0.937024     0.761185 
59352.348840 0.000000 0.000000     0.932338     0.761718 
59352.386451 0.000000 0.000000     0.925668     0.762250 
59352.424061 0.000000 0.000000     0.916995     0.762775 
59352.461671 0.000000 0.000000     0.906305     0.763293 
59352.499281 0.000000 0.000000     0.893584     0.763801 
59352.536891 0.000000 0.000000     0.878825     0.764295 
59352.574501 0.000000 0.000000     0.862018     0.764773 
59352.612111 0.000000 0.000000     0.843161     0.765232 
59352.649722 0.000000 0.000000     0.822253     0.765671 
59352.687332 0.000000 0.000000     0.799295     0.766086 
59352.724942 0.000000 0.000000     0.774292     0.766476 
59352.762552 0.000000 0.000000     0.747251     0.766837 
59352.800162 0.000000 0.000000     0.718183     0.767169 
59352.837772 0.000000 0.000000     0.687101     0.767470 
59352.875383 0.000000 0.000000     0.654022     0.767736 
59352.912993 0.000000 0.000000     0.618964     0.767968 
59352.950603 0.000000 0.000000     0.581949     0.768162 
59352.988213 0.000000 0.000000     0.543003     0.768319 
59353.025823 0.000000 0.000000     0.502152     0.768436 
59353.063433 0.000000 0.000000     0.459428     0.768513 
59353.101043 0.000000 0.000000     0.414862     0.768548 
59353.138654 0.000000 0.000000     0.368492     0.768541 
59353.176264 0.000000 0.000000     0.320355     0.768490 
59353.213874 0.000000 0.000000     0.270492     0.768396 
59353.251484 0.000000 0.000000     0.218948     0.768258 
59353.289094 0.000000 0.000000     0.165768     0.768076 
59353.326704 0.000000 0.000000     0.111002     0.767849 
59353.364315 0.000000 0.000000     0.054700     0.767578 
59353.401925 0.000000 0.000000    -0.003083     0.767263 
59353.439535 0.000000 0.000000    -0.062293     0.766903 
59353.477145 0.000000 0.000000    -0.122871     0.766500 
59353.514755 0.000000 0.000000    -0.184757     0.766053 
59353.552365 0.000000 0.000000    -0.247888     0.765564 
59353.589976 0.000000 0.000000    -0.312201     0.765034 
59353.627586 0.000000 0.000000    -0.377628     0.764462 
59353.665196 0.000000 0.000000    -0.444102     0.763850 
59353.702806 0.000000 0.000000    -0.511554     0.763199 
59353.740416 0.000000 0.000000    -0.579910     0.762510 
59353.778026 0.000000 0.000000    -0.649099     0.761784 
59353.815636 0.000000 0.000000    -0.719046     0.761023 
59353.853247 0.000000 0.000000    -0.789674     0.760228 
59353.890857 0.000000 0.000000    -0.860907     0.759400 
59353.928467 0.000000 0.000000    -0.932665     0.758541 
59353.966077 0.000000 0.000000    -1.004870     0.757653 
59354.003687 0.000000 0.000000    -1.077441     0.756736 
59354.041297 0.000000 0.000000    -1.150295     0.755794 
59354.078908 0.000000 0.000000    -1.223352     0.754826 
59354.116518 0.000000 0.000000    -1.296527     0.753836 
59354.154128 0.000000 0.000000    -1.369738     0.752825 
59354.191738 0.000000 0.000000    -1.442901     0.751795 
59354.229348 0.000000 0.000000    -1.515930     0.750747 
59354.266958 0.000000 0.000000    -1.588742     0.749683 
59354.304568 0.000000 0.000000    -1.661252     0.748605 
59354.342179 0.000000 0.000000    -1.733375     0.747515 
59354.379789 0.000000 0.000000    -1.805027     0.746415 
59354.417399 0.000000 0.000000    -1.876122     0.745306 
59354.455009 0.000000 0.000000    -1.946578     0.744191 
59354.492619 0.000000 0.000000    -2.016309     0.743070 
59354.530229 0.000000 0.000000    -2.085234     0.741946 
59354.567840 0.000000 0.000000    -2.153270     0.740821 
59354.605450 0.000000 0.000000    -2.220334     0.739695 
59354.643060 0.000000 0.000000    -2.286346     0.738571 
59354.680670 0.000000 0.000000    -2.351227     0.737450 
59354.718280 0.000000 0.000000    -2.414896     0.736334 
59354.755890 0.000000 0.000000    -2.477277     0.735224 
59354.793500 0.000000 0.000000    -2.538293     0.734121 
59354.831111 0.000000 0.000000    -2.597869     0.733028 
59354.868721 0.000000 0.000000    -2.655931     0.731945 
59354.906331 0.000000 0.000000    -2.712408     0.730873 
59354.943941 0.000000 0.000000    -2.767230     0.729814 
59354.981551 0.000000 0.000000    -2.820327     0.728768 
59355.019161 0.000000 0.000000    -2.871633     0.727738 
59355.056772 0.000000 0.000000    -2.921083     0.726723 
59355.094382 0.000000 0.000000    -2.968616     0.725725 
59355.131992 0.000000 0.000000    -3.014169     0.724744 
59355.169602 0.000000 0.000000    -3.057686     0.723783 
59355.207212 0.000000 0.000000    -3.099109     0.722840 
59355.244822 0.000000 0.000000    -3.138384     0.721917 
59355.282433 0.000000 0.000000    -3.175462     0.721015 
59355.320043 0.000000 0.000000    -3.210292     0.720134 
59355.357653 0.000000 0.000000    -3.242829     0.719274 
59355.395263 0.000000 0.000000    -3.273028     0.718437 
59355.432873 0.000000 0.000000    -3.300850     0.717622 
59355.470483 0.000000 0.000000    -3.326254     0.716829 
59355.508093 0.000000 0.000000    -3.349207     0.716060 
59355.545704 0.000000 0.000000    -3.369675     0.715314 
59355.583314 0.000000 0.000000    -3.387628     0.714591 
59355.620924 0.000000 0.000000    -3.403040     0.713891 
59355.658534 0.000000 0.000000    -3.415886     0.713215 
59355.696144 0.000000 0.000000    -3.426145     0.712563 
59355.733754 0.000000 0.000000    -3.433800     0.711933 
59355.771365 0.000000 0.000000    -3.438836     0.711327 
59355.808975 0.000000 0.000000    -3.441239     0.710744 
59355.846585 0.000000 0.000000    -3.441002     0.710184 
59355.884195 0.000000 0.000000    -3.438119     0.709646 
59355.921805 0.000000 0.000000    -3.432586     0.709130 
59355.959415 0.000000 0.000000    -3.424405     0.708636 
59355.997025 0.000000 0.000000    -3.413577     0.708164 
59356.034636 0.000000 0.000000    -3.400111     0.707712 
59356.072246 0.000000 0.000000    -3.384015     0.707280 
59356.109856 0.000000 0.000000    -3.365301     0.706868 
59356.147466 0.000000 0.000000    -3.343986     0.706474 
59356.185076 0.000000 0.000000    -3.320088     0.706099 
59356.222686 0.000000 0.000000    -3.293629     0.705741 
59356.260297 0.000000 0.000000    -3.264632     0.705400 
59356.297907 0.000000 0.000000    -3.233126     0.705074 
59356.335517 0.000000 0.000000    -3.199140     0.704763 
59356.373127 0.000000 0.000000    -3.162707     0.704466 
59356.410737 0.000000 0.000000    -3.123865     0.704181 
59356.448347 0.000000 0.000000    -3.082651     0.703908 
59356.485957 0.000000 0.000000    -3.039106     0.703646 
59356.523568 0.000000 0.000000    -2.993275     0.703393 
59356.561178 0.000000 0.000000    -2.945204     0.703149 
59356.598788 0.000000 0.000000    -2.894943     0.702911 
59356.636398 0.000000 0.000000    -2.842542     0.702679 
59356.674008 0.000000 0.000000    -2.788056     0.702452 
59356.711618 0.000000 0.000000    -2.731541     0.702227 
59356.749229 0.000000 0.000000    -2.673056     0.702005 
59356.786839 0.000000 0.000000    -2.612661     0.701783 
59356.824449 0.000000 0.000000    -2.550418     0.701560 
59356.862059 0.000000 0.000000    -2.486394     0.701336 
59356.899669 0.000000 0.000000    -2.420653     0.701108 
59356.937279 0.000000 0.000000    -2.353266     0.700875 
59356.974890 0.000000 0.000000    -2.284301     0.700636 
59357.012500 0.000000 0.000000    -2.213831     0.700389 
59357.050110 0.000000 0.000000    -2.141929     0.700134 
59357.087720 0.000000 0.000000    -2.068670     0.699870 
59357.125330 0.000000 0.000000    -1.994131     0.699594 
59357.162940 0.000000 0.000000    -1.918388     0.699307 
59357.200550 0.000000 0.000000    -1.841521     0.699006 
59357.238161 0.000000 0.000000    -1.763609     0.698691 
59357.275771 0.000000 0.000000    -1.684733     0.698362 
59357.313381 0.000000 0.000000    -1.604975     0.698017 
59357.350991 0.000000 0.000000    -1.524415     0.697655 
59357.388601 0.000000 0.000000    -1.443139     0.697277 
59357.426211 0.000000 0.000000    -1.361228     0.696881 
59357.463822 0.000000 0.000000    -1.278768     0.696467 
59357.501432 0.000000 0.000000    -1.195841     0.696035 
59357.539042 0.000000 0.000000    -1.112534     0.695585 
59357.576652 0.000000 0.000000    -1.028929     0.695117 
59357.614262 0.000000 0.000000    -0.945112     0.694631 
59357.651872 0.000000 0.000000    -0.861168     0.694128 
59357.689482 0.000000 0.000000    -0.777180     0.693608 
59357.727093 0.000000 0.000000    -0.693232     0.693071 
59357.764703 0.000000 0.000000    -0.609409     0.692519 
59357.802313 0.000000 0.000000    -0.525792     0.691953 
59357.839923 0.000000 0.000000    -0.442466     0.691373 
59357.877533 0.000000 0.000000    -0.359510     0.690782 
59357.915143 0.000000 0.000000    -0.277007     0.690181 
59357.952754 0.000000 0.000000    -0.195037     0.689572 
59357.990364 0.000000 0.000000    -0.113677     0.688956 
59358.027974 0.000000 0.000000    -0.033007     0.688336 
59358.065584 0.000000 0.000000     0.046897     0.687715 
59358.103194 0.000000 0.000000     0.125960     0.687095 
59358.140804 0.000000 0.000000     0.204107     0.686478 
59358.178414 0.000000 0.000000     0.281266     0.685868 
59358.216025 0.000000 0.000000     0.357366     0.685268 
59358.253635 0.000000 0.000000     0.432337     0.684680 
59358.291245 0.000000 0.000000     0.506112     0.684109 
59358.328855 0.000000 0.000000     0.578624     0.683558 
59358.366465 0.000000 0.000000     0.649810     0.683030 
59358.404075 0.000000 0.000000     0.719607     0.682529 
59358.441686 0.000000 0.000000     0.787954     0.682060 
59358.479296 0.000000 0.000000     0.854794     0.681625 
59358.516906 0.000000 0.000000     0.920071     0.681229 
59358.554516 0.000000 0.000000     0.983730     0.680875 
59358.592126 0.000000 0.000000     1.045721     0.680568 
59358.629736 0.000000 0.000000     1.105992     0.680312 
59358.667347 0.000000 0.000000     1.164498     0.680109 
59358.704957 0.000000 0.000000     1.221194     0.679964 
59358.742567 0.000000 0.000000     1.276037     0.679881 
59358.780177 0.000000 0.000000     1.328987     0.679862 
59358.817787 0.000000 0.000000     1.380007     0.679911 
59358.855397 0.000000 0.000000     1.429061     0.680030 
59358.893007 0.000000 0.000000     1.476119     0.680223 
59358.930618 0.000000 0.000000     1.521149     0.680492 
59358.968228 0.000000 0.000000     1.564125     0.680838 
59359.005838 0.000000 0.000000     1.605021     0.681264 
59359.043448 0.000000 0.000000     1.643816     0.681771 
59359.081058 0.000000 0.000000     1.680491     0.682360 
59359.118668 0.000000 0.000000     1.715028     0.683032 
59359.156279 0.000000 0.000000     1.747413     0.683787 
59359.193889 0.000000 0.000000     1.777635     0.684625 
59359.231499 0.000000 0.000000     1.805685     0.685545 
59359.269109 0.000000 0.000000     1.831556     0.686546 
59359.306719 0.000000 0.000000     1.855245     0.687627 
59359.344329 0.000000 0.000000     1.876750     0.688786 
59359.381939 0.000000 0.000000     1.896073     0.690022 
59359.419550 0.000000 0.000000     1.913217     0.691330 
59359.457160 0.000000 0.000000     1.928190     0.692709 
59359.494770 0.000000 0.000000     1.940999     0.694155 
59359.532380 0.000000 0.000000     1.951657     0.695665 
59359.569990 0.000000 0.000000     1.960176     0.697234 
59359.607600 0.000000 0.000000     1.966573     0.698859 
59359.645211 0.000000 0.000000     1.970867     0.700535 
59359.682821 0.000000 0.000000     1.973077     0.702257 
59359.720431 0.000000 0.000000     1.973227     0.704021 
59359.758041 0.000000 0.000000     1.971342     0.705822 
59359.795651 0.000000 0.000000     1.967449     0.707654 
59359.833261 0.000000 0.000000     1.961577     0.709514 
59359.870871 0.000000 0.000000     1.953757     0.711394 
59359.908482 0.000000 0.000000     1.944023     0.713290 
59359.946092 0.000000 0.000000     1.932410     0.715197 
59359.983702 0.000000 0.000000     1.918954     0.717110 
59360.021312 0.000000 0.000000     1.903694     0.719023 
59360.058922 0.000000 0.000000     1.886670     0.720932 
59360.096532 0.000000 0.000000     1.867924     0.722830 
59360.134143 0.000000 0.000000     1.847501     0.724714 
59360.171753 0.000000 0.000000     1.825443     0.726579 
59360.209363 0.000000 0.000000     1.801798     0.728420 
59360.246973 0.000000 0.000000     1.776614     0.730232 
59360.284583 0.000000 0.000000     1.749938     0.732012 
59360.322193 0.000000 0.000000     1.721821     0.733756 
59360.359804 0.000000 0.000000     1.692313     0.735460 
59360.397414 0.000000 0.000000     1.661468     0.737120 
59360.435024 0.000000 0.000000     1.629336     0.738733 
59360.472634 0.000000 0.000000     1.595973     0.740296 
59360.510244 0.000000 0.000000     1.561431     0.741806 
59360.547854 0.000000 0.000000     1.525767     0.743262 
59360.585464 0.000000 0.000000     1.489036     0.744661 
59360.623075 0.000000 0.000000     1.451293     0.746000 
59360.660685 0.000000 0.000000     1.412596     0.747280 
59360.698295 0.000000 0.000000     1.373000     0.748498 
59360.735905 0.000000 0.000000     1.332563     0.749653 
59360.773515 0.000000 0.000000     1.291341     0.750746 
59360.811125 0.000000 0.000000     1.249392     0.751775 
59360.848736 0.000000 0.000000     1.206772     0.752742 
59360.886346 0.000000 0.000000     1.163540     0.753646 
59360.923956 0.000000 0.000000     1.119750     0.754488 
59360.961566 0.000000 0.000000     1.075460     0.755269 
59360.999176 0.000000 0.000000     1.030726     0.755992 
59361.036786 0.000000 0.000000     0.985603     0.756657 
59361.074396 0.000000 0.000000     0.940146     0.757267 
59361.112007 0.000000 0.000000     0.894411     0.757824 
59361.149617 0.000000 0.000000     0.848451     0.758331 
59361.187227 0.000000 0.000000     0.802319     0.758791 
59361.224837 0.000000 0.000000     0.756068     0.759208 
59361.262447 0.000000 0.000000     0.709748     0.759585 
59361.300057 0.000000 0.000000     0.663412     0.759926 
59361.337668 0.000000 0.000000     0.617108     0.760236 
59361.375278 0.000000 0.000000     0.570885     0.760519 
59361.412888 0.000000 0.000000     0.524790     0.760779 
59361.450498 0.000000 0.000000     0.478870     0.761022 
59361.488108 0.000000 0.000000     0.433170     0.761253 
59361.525718 0.000000 0.000000     0.387733     0.761478 
59361.563328 0.000000 0.000000     0.342603     0.761701 
59361.600939 0.000000 0.000000     0.297821     0.761928 
59361.638549 0.000000 0.000000     0.253425     0.762165 
59361.676159 0.000000 0.000000     0.209455     0.762418 
59361.713769 0.000000 0.000000     0.165947     0.762693 
59361.751379 0.000000 0.000000     0.122937     0.762995 
59361.788989 0.000000 0.000000     0.080459     0.763329 
59361.826600 0.000000 0.000000     0.038544     0.763702 
59361.864210 0.000000 0.000000    -0.002776     0.764119 
59361.901820 0.000000 0.000000    -0.043473     0.764585 
59361.939430 0.000000 0.000000    -0.083520     0.765105 
