# time model 
59329.481866 -0.073902 
59329.519476 -0.134714 
59329.557086 -0.196822 
59329.594696 -0.260163 
59329.632306 -0.324671 
59329.669917 -0.390282 
59329.707527 -0.456925 
59329.745137 -0.524532 
59329.782747 -0.593029 
59329.820357 -0.662345 
59329.857967 -0.732403 
59329.895578 -0.803128 
59329.933188 -0.874442 
59329.970798 -0.946267 
59330.008408 -1.018522 
59330.046018 -1.091127 
59330.083628 -1.164001 
59330.121238 -1.237061 
59330.158849 -1.310223 
59330.196459 -1.383406 
59330.234069 -1.456523 
59330.271679 -1.529492 
59330.309289 -1.602227 
59330.346899 -1.674643 
59330.384510 -1.746657 
59330.422120 -1.818184 
59330.459730 -1.889139 
59330.497340 -1.959438 
59330.534950 -2.028998 
59330.572560 -2.097735 
59330.610170 -2.165568 
59330.647781 -2.232414 
59330.685391 -2.298194 
59330.723001 -2.362827 
59330.760611 -2.426235 
59330.798221 -2.488341 
59330.835831 -2.549067 
59330.873442 -2.608341 
59330.911052 -2.666088 
59330.948662 -2.722236 
59330.986272 -2.776717 
59331.023882 -2.829461 
59331.061492 -2.880403 
59331.099102 -2.929478 
59331.136713 -2.976624 
59331.174323 -3.021781 
59331.211933 -3.064890 
59331.249543 -3.105898 
59331.287153 -3.144749 
59331.324763 -3.181393 
59331.362374 -3.215783 
59331.399984 -3.247871 
59331.437594 -3.277615 
59331.475204 -3.304975 
59331.512814 -3.329913 
59331.550424 -3.352393 
59331.588035 -3.372384 
59331.625645 -3.389856 
59331.663255 -3.404784 
59331.700865 -3.417142 
59331.738475 -3.426912 
59331.776085 -3.434076 
59331.813695 -3.438618 
59331.851306 -3.440529 
59331.888916 -3.439799 
59331.926526 -3.436423 
59331.964136 -3.430399 
59332.001746 -3.421728 
59332.039356 -3.410414 
59332.076967 -3.396464 
59332.114577 -3.379887 
59332.152187 -3.360698 
59332.189797 -3.338911 
59332.227407 -3.314547 
59332.265017 -3.287626 
59332.302627 -3.258175 
59332.340238 -3.226222 
59332.377848 -3.191796 
59332.415458 -3.154932 
59332.453068 -3.115666 
59332.490678 -3.074037 
59332.528288 -3.030088 
59332.565899 -2.983861 
59332.603509 -2.935406 
59332.641119 -2.884770 
59332.678729 -2.832007 
59332.716339 -2.777170 
59332.753949 -2.720316 
59332.791559 -2.661504 
59332.829170 -2.600795 
59332.866780 -2.538253 
59332.904390 -2.473941 
59332.942000 -2.407927 
59332.979610 -2.340280 
59333.017220 -2.271071 
59333.054831 -2.200371 
59333.092441 -2.128254 
59333.130051 -2.054795 
59333.167661 -1.980072 
59333.205271 -1.904160 
59333.242881 -1.827139 
59333.280492 -1.749090 
59333.318102 -1.670092 
59333.355712 -1.590228 
59333.393322 -1.509579 
59333.430932 -1.428229 
59333.468542 -1.346262 
59333.506152 -1.263761 
59333.543763 -1.180810 
59333.581373 -1.097494 
59333.618983 -1.013897 
59333.656593 -0.930104 
59333.694203 -0.846200 
59333.731813 -0.762268 
59333.769424 -0.678392 
59333.807034 -0.594656 
59333.844644 -0.511143 
59333.882254 -0.427935 
59333.919864 -0.345113 
59333.957474 -0.262758 
59333.995084 -0.180951 
59334.032695 -0.099769 
59334.070305 -0.019290 
59334.107915 0.060408 
59334.145525 0.139252 
59334.183135 0.217167 
59334.220745 0.294080 
59334.258356 0.369922 
59334.295966 0.444623 
59334.333576 0.518116 
59334.371186 0.590335 
59334.408796 0.661216 
59334.446406 0.730698 
59334.484016 0.798720 
59334.521627 0.865225 
59334.559237 0.930158 
59334.596847 0.993464 
59334.634457 1.055092 
59334.672067 1.114995 
59334.709677 1.173124 
59334.747288 1.229435 
59334.784898 1.283888 
59334.822508 1.336442 
59334.860118 1.387060 
59334.897728 1.435708 
59334.935338 1.482355 
59334.972949 1.526970 
59335.010559 1.569527 
59335.048169 1.610002 
59335.085779 1.648374 
59335.123389 1.684623 
59335.160999 1.718733 
59335.198609 1.750691 
59335.236220 1.780485 
59335.273830 1.808107 
59335.311440 1.833552 
59335.349050 1.856815 
59335.386660 1.877896 
59335.424270 1.896797 
59335.461881 1.913522 
59335.499491 1.928078 
59335.537101 1.940475 
59335.574711 1.950724 
59335.612321 1.958840 
59335.649931 1.964838 
59335.687541 1.968738 
59335.725152 1.970560 
59335.762762 1.970328 
59335.800372 1.968068 
59335.837982 1.963807 
59335.875592 1.957574 
59335.913202 1.949401 
59335.950813 1.939322 
59335.988423 1.927372 
59336.026033 1.913588 
59336.063643 1.898009 
59336.101253 1.880675 
59336.138863 1.861630 
59336.176473 1.840915 
59336.214084 1.818577 
59336.251694 1.794662 
59336.289304 1.769217 
59336.326914 1.742292 
59336.364524 1.713937 
59336.402134 1.684202 
59336.439745 1.653140 
59336.477355 1.620803 
59336.514965 1.587246 
59336.552575 1.552522 
59336.590185 1.516687 
59336.627795 1.479796 
59336.665406 1.441906 
59336.703016 1.403072 
59336.740626 1.363351 
59336.778236 1.322801 
59336.815846 1.281477 
59336.853456 1.239438 
59336.891066 1.196740 
59336.928677 1.153440 
59336.966287 1.109594 
59337.003897 1.065259 
59337.041507 1.020491 
59337.079117 0.975345 
59337.116727 0.929876 
59337.154338 0.884139 
59337.191948 0.838187 
59337.229558 0.792074 
59337.267168 0.745852 
59337.304778 0.699571 
59337.342388 0.653282 
59337.379998 0.607036 
59337.417609 0.560879 
59337.455219 0.514859 
59337.492829 0.469023 
59337.530439 0.423415 
59337.568049 0.378079 
59337.605659 0.333056 
59337.643270 0.288388 
59337.680880 0.244114 
59337.718490 0.200273 
59337.756100 0.156900 
59337.793710 0.114031 
59337.831320 0.071699 
59337.868930 0.029937 
59337.906541 -0.011227 
59337.944151 -0.051762 
59337.981761 -0.091643 
59338.019371 -0.130843 
59338.056981 -0.169340 
59338.094591 -0.207110 
59338.132202 -0.244134 
59338.169812 -0.280394 
59338.207422 -0.315871 
59338.245032 -0.350552 
59338.282642 -0.384423 
59338.320252 -0.417472 
59338.357863 -0.449688 
59338.395473 -0.481064 
59338.433083 -0.511593 
59338.470693 -0.541268 
59338.508303 -0.570088 
59338.545913 -0.598050 
59338.583523 -0.625153 
59338.621134 -0.651398 
59338.658744 -0.676789 
59338.696354 -0.701329 
59338.733964 -0.725024 
59338.771574 -0.747881 
59338.809184 -0.769907 
59338.846795 -0.791114 
59338.884405 -0.811511 
59338.922015 -0.831110 
59338.959625 -0.849925 
59338.997235 -0.867970 
59339.034845 -0.885261 
59339.072455 -0.901813 
59339.110066 -0.917646 
59339.147676 -0.932775 
59339.185286 -0.947222 
59339.222896 -0.961006 
59339.260506 -0.974147 
59339.298116 -0.986667 
59339.335727 -0.998589 
59339.373337 -1.009933 
59339.410947 -1.020725 
59339.448557 -1.030986 
59339.486167 -1.040741 
59339.523777 -1.050015 
59339.561387 -1.058831 
59339.598998 -1.067213 
59339.636608 -1.075188 
59339.674218 -1.082779 
59339.711828 -1.090011 
59339.749438 -1.096909 
59339.787048 -1.103498 
59339.824659 -1.109801 
59339.862269 -1.115843 
59339.899879 -1.121649 
59339.937489 -1.127240 
59339.975099 -1.132641 
59340.012709 -1.137873 
59340.050320 -1.142960 
59340.087930 -1.147922 
59340.125540 -1.152780 
59340.163150 -1.157555 
59340.200760 -1.162266 
59340.238370 -1.166931 
59340.275980 -1.171569 
59340.313591 -1.176197 
59340.351201 -1.180830 
59340.388811 -1.185484 
59340.426421 -1.190173 
59340.464031 -1.194911 
59340.501641 -1.199709 
59340.539252 -1.204579 
59340.576862 -1.209531 
59340.614472 -1.214574 
59340.652082 -1.219716 
59340.689692 -1.224962 
59340.727302 -1.230320 
59340.764912 -1.235794 
59340.802523 -1.241385 
59340.840133 -1.247097 
59340.877743 -1.252930 
59340.915353 -1.258885 
59340.952963 -1.264958 
59340.990573 -1.271147 
59341.028184 -1.277449 
59341.065794 -1.283857 
59341.103404 -1.290366 
59341.141014 -1.296968 
59341.178624 -1.303654 
59341.216234 -1.310414 
59341.253844 -1.317237 
59341.291455 -1.324111 
59341.329065 -1.331023 
59341.366675 -1.337958 
59341.404285 -1.344901 
59341.441895 -1.351837 
59341.479505 -1.358746 
59341.517116 -1.365612 
59341.554726 -1.372416 
59341.592336 -1.379136 
59341.629946 -1.385753 
59341.667556 -1.392246 
59341.705166 -1.398591 
59341.742777 -1.404766 
59341.780387 -1.410748 
59341.817997 -1.416513 
59341.855607 -1.422035 
59341.893217 -1.427290 
59341.930827 -1.432252 
59341.968437 -1.436896 
59342.006048 -1.441195 
59342.043658 -1.445122 
59342.081268 -1.448652 
59342.118878 -1.451758 
59342.156488 -1.454412 
59342.194098 -1.456588 
59342.231709 -1.458260 
59342.269319 -1.459400 
59342.306929 -1.459982 
59342.344539 -1.459979 
59342.382149 -1.459366 
59342.419759 -1.458118 
59342.457369 -1.456208 
59342.494980 -1.453612 
59342.532590 -1.450306 
59342.570200 -1.446266 
59342.607810 -1.441469 
59342.645420 -1.435894 
59342.683030 -1.429517 
59342.720641 -1.422319 
59342.758251 -1.414279 
59342.795861 -1.405380 
59342.833471 -1.395602 
59342.871081 -1.384928 
59342.908691 -1.373343 
59342.946301 -1.360833 
59342.983912 -1.347382 
59343.021522 -1.332980 
59343.059132 -1.317614 
59343.096742 -1.301275 
59343.134352 -1.283954 
59343.171962 -1.265644 
59343.209573 -1.246340 
59343.247183 -1.226036 
59343.284793 -1.204730 
59343.322403 -1.182420 
59343.360013 -1.159106 
59343.397623 -1.134790 
59343.435234 -1.109475 
59343.472844 -1.083166 
59343.510454 -1.055868 
59343.548064 -1.027590 
59343.585674 -0.998341 
59343.623284 -0.968131 
59343.660894 -0.936974 
59343.698505 -0.904884 
59343.736115 -0.871876 
59343.773725 -0.837967 
59343.811335 -0.803177 
59343.848945 -0.767527 
59343.886555 -0.731037 
59343.924166 -0.693732 
59343.961776 -0.655637 
59343.999386 -0.616779 
59344.036996 -0.577185 
59344.074606 -0.536886 
59344.112216 -0.495911 
59344.149826 -0.454294 
59344.187437 -0.412068 
59344.225047 -0.369268 
59344.262657 -0.325931 
59344.300267 -0.282093 
59344.337877 -0.237794 
59344.375487 -0.193074 
59344.413098 -0.147972 
59344.450708 -0.102532 
59344.488318 -0.056796 
59344.525928 -0.010808 
59344.563538 0.035388 
59344.601148 0.081745 
59344.638758 0.128218 
59344.676369 0.174760 
59344.713979 0.221323 
59344.751589 0.267859 
59344.789199 0.314320 
59344.826809 0.360656 
59344.864419 0.406818 
59344.902030 0.452757 
59344.939640 0.498423 
59344.977250 0.543766 
59345.014860 0.588736 
59345.052470 0.633283 
59345.090080 0.677357 
59345.127691 0.720909 
59345.165301 0.763889 
59345.202911 0.806247 
59345.240521 0.847936 
59345.278131 0.888907 
59345.315741 0.929112 
59345.353351 0.968504 
59345.390962 1.007037 
59345.428572 1.044665 
59345.466182 1.081343 
59345.503792 1.117028 
59345.541402 1.151676 
59345.579012 1.185246 
59345.616623 1.217698 
59345.654233 1.248990 
59345.691843 1.279086 
59345.729453 1.307948 
59345.767063 1.335541 
59345.804673 1.361830 
59345.842283 1.386784 
59345.879894 1.410370 
59345.917504 1.432559 
59345.955114 1.453324 
59345.992724 1.472639 
59346.030334 1.490479 
59346.067944 1.506821 
59346.105555 1.521646 
59346.143165 1.534933 
59346.180775 1.546667 
59346.218385 1.556833 
59346.255995 1.565417 
59346.293605 1.572410 
59346.331215 1.577801 
59346.368826 1.581585 
59346.406436 1.583756 
59346.444046 1.584313 
59346.481656 1.583254 
59346.519266 1.580582 
59346.556876 1.576301 
59346.594487 1.570417 
59346.632097 1.562937 
59346.669707 1.553873 
59346.707317 1.543237 
59346.744927 1.531043 
59346.782537 1.517308 
59346.820148 1.502052 
59346.857758 1.485295 
59346.895368 1.467061 
59346.932978 1.447374 
59346.970588 1.426262 
59347.008198 1.403753 
59347.045808 1.379880 
59347.083419 1.354674 
59347.121029 1.328171 
59347.158639 1.300409 
59347.196249 1.271424 
59347.233859 1.241257 
59347.271469 1.209952 
59347.309080 1.177550 
59347.346690 1.144097 
59347.384300 1.109640 
59347.421910 1.074227 
59347.459520 1.037908 
59347.497130 1.000733 
59347.534740 0.962755 
59347.572351 0.924027 
59347.609961 0.884603 
59347.647571 0.844538 
59347.685181 0.803889 
59347.722791 0.762714 
59347.760401 0.721070 
59347.798012 0.679016 
59347.835622 0.636612 
59347.873232 0.593917 
59347.910842 0.550992 
59347.948452 0.507897 
59347.986062 0.464694 
59348.023672 0.421443 
59348.061283 0.378207 
59348.098893 0.335046 
59348.136503 0.292022 
59348.174113 0.249195 
59348.211723 0.206627 
59348.249333 0.164378 
59348.286944 0.122509 
59348.324554 0.081078 
59348.362164 0.040144 
59348.399774 -0.000234 
59348.437384 -0.039999 
59348.474994 -0.079095 
59348.512605 -0.117465 
59348.550215 -0.155056 
59348.587825 -0.191814 
59348.625435 -0.227687 
59348.663045 -0.262625 
59348.700655 -0.296577 
59348.738265 -0.329496 
59348.775876 -0.361336 
59348.813486 -0.392051 
59348.851096 -0.421599 
59348.888706 -0.449938 
59348.926316 -0.477029 
59348.963926 -0.502834 
59349.001537 -0.527316 
59349.039147 -0.550444 
59349.076757 -0.572184 
59349.114367 -0.592507 
59349.151977 -0.611387 
59349.189587 -0.628797 
59349.227197 -0.644714 
59349.264808 -0.659119 
59349.302418 -0.671993 
59349.340028 -0.683319 
59349.377638 -0.693085 
59349.415248 -0.701279 
59349.452858 -0.707892 
59349.490469 -0.712919 
59349.528079 -0.716356 
59349.565689 -0.718201 
59349.603299 -0.718455 
59349.640909 -0.717124 
59349.678519 -0.714212 
59349.716129 -0.709729 
59349.753740 -0.703687 
59349.791350 -0.696098 
59349.828960 -0.686980 
59349.866570 -0.676351 
59349.904180 -0.664233 
59349.941790 -0.650649 
59349.979401 -0.635626 
59350.017011 -0.619192 
59350.054621 -0.601377 
59350.092231 -0.582216 
59350.129841 -0.561742 
59350.167451 -0.539995 
59350.205062 -0.517014 
59350.242672 -0.492840 
59350.280282 -0.467518 
59350.317892 -0.441093 
59350.355502 -0.413614 
59350.393112 -0.385130 
59350.430722 -0.355693 
59350.468333 -0.325355 
59350.505943 -0.294173 
59350.543553 -0.262202 
59350.581163 -0.229501 
59350.618773 -0.196129 
59350.656383 -0.162146 
59350.693994 -0.127616 
59350.731604 -0.092600 
59350.769214 -0.057164 
59350.806824 -0.021373 
59350.844434 0.014707 
59350.882044 0.051010 
59350.919654 0.087466 
59350.957265 0.124009 
59350.994875 0.160570 
59351.032485 0.197078 
59351.070095 0.233465 
59351.107705 0.269660 
59351.145315 0.305595 
59351.182926 0.341198 
59351.220536 0.376401 
59351.258146 0.411134 
59351.295756 0.445328 
59351.333366 0.478913 
59351.370976 0.511822 
59351.408586 0.543986 
59351.446197 0.575340 
59351.483807 0.605816 
59351.521417 0.635349 
59351.559027 0.663876 
59351.596637 0.691333 
59351.634247 0.717658 
59351.671858 0.742791 
59351.709468 0.766673 
59351.747078 0.789245 
59351.784688 0.810452 
59351.822298 0.830238 
59351.859908 0.848553 
59351.897519 0.865344 
59351.935129 0.880563 
59351.972739 0.894162 
59352.010349 0.906097 
59352.047959 0.916326 
59352.085569 0.924807 
59352.123179 0.931502 
59352.160790 0.936376 
59352.198400 0.939395 
59352.236010 0.940528 
59352.273620 0.939746 
59352.311230 0.937024 
59352.348840 0.932338 
59352.386451 0.925668 
59352.424061 0.916995 
59352.461671 0.906305 
59352.499281 0.893584 
59352.536891 0.878825 
59352.574501 0.862018 
59352.612111 0.843161 
59352.649722 0.822253 
59352.687332 0.799295 
59352.724942 0.774292 
59352.762552 0.747251 
59352.800162 0.718183 
59352.837772 0.687101 
59352.875383 0.654022 
59352.912993 0.618964 
59352.950603 0.581949 
59352.988213 0.543003 
59353.025823 0.502152 
59353.063433 0.459428 
59353.101043 0.414862 
59353.138654 0.368492 
59353.176264 0.320355 
59353.213874 0.270492 
59353.251484 0.218948 
59353.289094 0.165768 
59353.326704 0.111002 
59353.364315 0.054700 
59353.401925 -0.003083 
59353.439535 -0.062293 
59353.477145 -0.122871 
59353.514755 -0.184757 
59353.552365 -0.247888 
59353.589976 -0.312201 
59353.627586 -0.377628 
59353.665196 -0.444102 
59353.702806 -0.511554 
59353.740416 -0.579910 
59353.778026 -0.649099 
59353.815636 -0.719046 
59353.853247 -0.789674 
59353.890857 -0.860907 
59353.928467 -0.932665 
59353.966077 -1.004870 
59354.003687 -1.077441 
59354.041297 -1.150295 
59354.078908 -1.223352 
59354.116518 -1.296527 
59354.154128 -1.369738 
59354.191738 -1.442901 
59354.229348 -1.515930 
59354.266958 -1.588742 
59354.304568 -1.661252 
59354.342179 -1.733375 
59354.379789 -1.805027 
59354.417399 -1.876122 
59354.455009 -1.946578 
59354.492619 -2.016309 
59354.530229 -2.085234 
59354.567840 -2.153270 
59354.605450 -2.220334 
59354.643060 -2.286346 
59354.680670 -2.351227 
59354.718280 -2.414896 
59354.755890 -2.477277 
59354.793500 -2.538293 
59354.831111 -2.597869 
59354.868721 -2.655931 
59354.906331 -2.712408 
59354.943941 -2.767230 
59354.981551 -2.820327 
59355.019161 -2.871633 
59355.056772 -2.921083 
59355.094382 -2.968616 
59355.131992 -3.014169 
59355.169602 -3.057686 
59355.207212 -3.099109 
59355.244822 -3.138384 
59355.282433 -3.175462 
59355.320043 -3.210292 
59355.357653 -3.242829 
59355.395263 -3.273028 
59355.432873 -3.300850 
59355.470483 -3.326254 
59355.508093 -3.349207 
59355.545704 -3.369675 
59355.583314 -3.387628 
59355.620924 -3.403040 
59355.658534 -3.415886 
59355.696144 -3.426145 
59355.733754 -3.433800 
59355.771365 -3.438836 
59355.808975 -3.441239 
59355.846585 -3.441002 
59355.884195 -3.438119 
59355.921805 -3.432586 
59355.959415 -3.424405 
59355.997025 -3.413577 
59356.034636 -3.400111 
59356.072246 -3.384015 
59356.109856 -3.365301 
59356.147466 -3.343986 
59356.185076 -3.320088 
59356.222686 -3.293629 
59356.260297 -3.264632 
59356.297907 -3.233126 
59356.335517 -3.199140 
59356.373127 -3.162707 
59356.410737 -3.123865 
59356.448347 -3.082651 
59356.485957 -3.039106 
59356.523568 -2.993275 
59356.561178 -2.945204 
59356.598788 -2.894943 
59356.636398 -2.842542 
59356.674008 -2.788056 
59356.711618 -2.731541 
59356.749229 -2.673056 
59356.786839 -2.612661 
59356.824449 -2.550418 
59356.862059 -2.486394 
59356.899669 -2.420653 
59356.937279 -2.353266 
59356.974890 -2.284301 
59357.012500 -2.213831 
59357.050110 -2.141929 
59357.087720 -2.068670 
59357.125330 -1.994131 
59357.162940 -1.918388 
59357.200550 -1.841521 
59357.238161 -1.763609 
59357.275771 -1.684733 
59357.313381 -1.604975 
59357.350991 -1.524415 
59357.388601 -1.443139 
59357.426211 -1.361228 
59357.463822 -1.278768 
59357.501432 -1.195841 
59357.539042 -1.112534 
59357.576652 -1.028929 
59357.614262 -0.945112 
59357.651872 -0.861168 
59357.689482 -0.777180 
59357.727093 -0.693232 
59357.764703 -0.609409 
59357.802313 -0.525792 
59357.839923 -0.442466 
59357.877533 -0.359510 
59357.915143 -0.277007 
59357.952754 -0.195037 
59357.990364 -0.113677 
59358.027974 -0.033007 
59358.065584 0.046897 
59358.103194 0.125960 
59358.140804 0.204107 
59358.178414 0.281266 
59358.216025 0.357366 
59358.253635 0.432337 
59358.291245 0.506112 
59358.328855 0.578624 
59358.366465 0.649810 
59358.404075 0.719607 
59358.441686 0.787954 
59358.479296 0.854794 
59358.516906 0.920071 
59358.554516 0.983730 
59358.592126 1.045721 
59358.629736 1.105992 
59358.667347 1.164498 
59358.704957 1.221194 
59358.742567 1.276037 
59358.780177 1.328987 
59358.817787 1.380007 
59358.855397 1.429061 
59358.893007 1.476119 
59358.930618 1.521149 
59358.968228 1.564125 
59359.005838 1.605021 
59359.043448 1.643816 
59359.081058 1.680491 
59359.118668 1.715028 
59359.156279 1.747413 
59359.193889 1.777635 
59359.231499 1.805685 
59359.269109 1.831556 
59359.306719 1.855245 
59359.344329 1.876750 
59359.381939 1.896073 
59359.419550 1.913217 
59359.457160 1.928190 
59359.494770 1.940999 
59359.532380 1.951657 
59359.569990 1.960176 
59359.607600 1.966573 
59359.645211 1.970867 
59359.682821 1.973077 
59359.720431 1.973227 
59359.758041 1.971342 
59359.795651 1.967449 
59359.833261 1.961577 
59359.870871 1.953757 
59359.908482 1.944023 
59359.946092 1.932410 
59359.983702 1.918954 
59360.021312 1.903694 
59360.058922 1.886670 
59360.096532 1.867924 
59360.134143 1.847501 
59360.171753 1.825443 
59360.209363 1.801798 
59360.246973 1.776614 
59360.284583 1.749938 
59360.322193 1.721821 
59360.359804 1.692313 
59360.397414 1.661468 
59360.435024 1.629336 
59360.472634 1.595973 
59360.510244 1.561431 
59360.547854 1.525767 
59360.585464 1.489036 
59360.623075 1.451293 
59360.660685 1.412596 
59360.698295 1.373000 
59360.735905 1.332563 
59360.773515 1.291341 
59360.811125 1.249392 
59360.848736 1.206772 
59360.886346 1.163540 
59360.923956 1.119750 
59360.961566 1.075460 
59360.999176 1.030726 
59361.036786 0.985603 
59361.074396 0.940146 
59361.112007 0.894411 
59361.149617 0.848451 
59361.187227 0.802319 
59361.224837 0.756068 
59361.262447 0.709748 
59361.300057 0.663412 
59361.337668 0.617108 
59361.375278 0.570885 
59361.412888 0.524790 
59361.450498 0.478870 
59361.488108 0.433170 
59361.525718 0.387733 
59361.563328 0.342603 
59361.600939 0.297821 
59361.638549 0.253425 
59361.676159 0.209455 
59361.713769 0.165947 
59361.751379 0.122937 
59361.788989 0.080459 
59361.826600 0.038544 
59361.864210 -0.002776 
59361.901820 -0.043473 
59361.939430 -0.083520 
