# Tref_folded model 
-1.500000 1.423024 
-1.499000 1.433064 
-1.498000 1.443011 
-1.497000 1.452865 
-1.496000 1.462627 
-1.495000 1.472298 
-1.494000 1.481877 
-1.493000 1.491365 
-1.492000 1.500763 
-1.491000 1.510070 
-1.490000 1.519288 
-1.489000 1.528417 
-1.488000 1.537457 
-1.487000 1.546408 
-1.486000 1.555271 
-1.485000 1.564046 
-1.484000 1.572734 
-1.483000 1.581335 
-1.482000 1.589849 
-1.481000 1.598278 
-1.480000 1.606620 
-1.479000 1.614877 
-1.478000 1.623050 
-1.477000 1.631137 
-1.476000 1.639141 
-1.475000 1.647061 
-1.474000 1.654897 
-1.473000 1.662651 
-1.472000 1.670322 
-1.471000 1.677910 
-1.470000 1.685417 
-1.469000 1.692843 
-1.468000 1.700187 
-1.467000 1.707451 
-1.466000 1.714635 
-1.465000 1.721738 
-1.464000 1.728762 
-1.463000 1.735707 
-1.462000 1.742574 
-1.461000 1.749361 
-1.460000 1.756071 
-1.459000 1.762704 
-1.458000 1.769258 
-1.457000 1.775737 
-1.456000 1.782138 
-1.455000 1.788464 
-1.454000 1.794713 
-1.453000 1.800887 
-1.452000 1.806987 
-1.451000 1.813011 
-1.450000 1.818961 
-1.449000 1.824837 
-1.448000 1.830640 
-1.447000 1.836369 
-1.446000 1.842025 
-1.445000 1.847609 
-1.444000 1.853121 
-1.443000 1.858560 
-1.442000 1.863929 
-1.441000 1.869225 
-1.440000 1.874451 
-1.439000 1.879607 
-1.438000 1.884692 
-1.437000 1.889708 
-1.436000 1.894654 
-1.435000 1.899531 
-1.434000 1.904339 
-1.433000 1.909078 
-1.432000 1.913750 
-1.431000 1.918353 
-1.430000 1.922889 
-1.429000 1.927358 
-1.428000 1.931759 
-1.427000 1.936094 
-1.426000 1.940363 
-1.425000 1.944566 
-1.424000 1.948703 
-1.423000 1.952775 
-1.422000 1.956782 
-1.421000 1.960724 
-1.420000 1.964602 
-1.419000 1.968415 
-1.418000 1.972165 
-1.417000 1.975851 
-1.416000 1.979473 
-1.415000 1.983033 
-1.414000 1.986530 
-1.413000 1.989965 
-1.412000 1.993338 
-1.411000 1.996649 
-1.410000 1.999898 
-1.409000 2.003086 
-1.408000 2.006213 
-1.407000 2.009279 
-1.406000 2.012285 
-1.405000 2.015231 
-1.404000 2.018117 
-1.403000 2.020943 
-1.402000 2.023710 
-1.401000 2.026417 
-1.400000 2.029066 
-1.399000 2.031657 
-1.398000 2.034189 
-1.397000 2.036663 
-1.396000 2.039079 
-1.395000 2.041437 
-1.394000 2.043739 
-1.393000 2.045983 
-1.392000 2.048170 
-1.391000 2.050301 
-1.390000 2.052376 
-1.389000 2.054394 
-1.388000 2.056357 
-1.387000 2.058264 
-1.386000 2.060116 
-1.385000 2.061912 
-1.384000 2.063654 
-1.383000 2.065341 
-1.382000 2.066973 
-1.381000 2.068551 
-1.380000 2.070076 
-1.379000 2.071546 
-1.378000 2.072963 
-1.377000 2.074326 
-1.376000 2.075637 
-1.375000 2.076894 
-1.374000 2.078099 
-1.373000 2.079252 
-1.372000 2.080352 
-1.371000 2.081400 
-1.370000 2.082396 
-1.369000 2.083340 
-1.368000 2.084233 
-1.367000 2.085075 
-1.366000 2.085865 
-1.365000 2.086605 
-1.364000 2.087294 
-1.363000 2.087933 
-1.362000 2.088521 
-1.361000 2.089060 
-1.360000 2.089548 
-1.359000 2.089987 
-1.358000 2.090376 
-1.357000 2.090716 
-1.356000 2.091006 
-1.355000 2.091248 
-1.354000 2.091441 
-1.353000 2.091585 
-1.352000 2.091680 
-1.351000 2.091728 
-1.350000 2.091727 
-1.349000 2.091678 
-1.348000 2.091582 
-1.347000 2.091438 
-1.346000 2.091246 
-1.345000 2.091008 
-1.344000 2.090722 
-1.343000 2.090389 
-1.342000 2.090009 
-1.341000 2.089583 
-1.340000 2.089110 
-1.339000 2.088591 
-1.338000 2.088026 
-1.337000 2.087414 
-1.336000 2.086757 
-1.335000 2.086054 
-1.334000 2.085305 
-1.333000 2.084511 
-1.332000 2.083672 
-1.331000 2.082788 
-1.330000 2.081858 
-1.329000 2.080884 
-1.328000 2.079865 
-1.327000 2.078801 
-1.326000 2.077693 
-1.325000 2.076541 
-1.324000 2.075344 
-1.323000 2.074103 
-1.322000 2.072818 
-1.321000 2.071490 
-1.320000 2.070118 
-1.319000 2.068702 
-1.318000 2.067243 
-1.317000 2.065740 
-1.316000 2.064195 
-1.315000 2.062606 
-1.314000 2.060974 
-1.313000 2.059299 
-1.312000 2.057582 
-1.311000 2.055822 
-1.310000 2.054020 
-1.309000 2.052175 
-1.308000 2.050288 
-1.307000 2.048359 
-1.306000 2.046387 
-1.305000 2.044374 
-1.304000 2.042319 
-1.303000 2.040222 
-1.302000 2.038084 
-1.301000 2.035903 
-1.300000 2.033682 
-1.299000 2.031419 
-1.298000 2.029115 
-1.297000 2.026770 
-1.296000 2.024384 
-1.295000 2.021956 
-1.294000 2.019488 
-1.293000 2.016979 
-1.292000 2.014430 
-1.291000 2.011839 
-1.290000 2.009209 
-1.289000 2.006538 
-1.288000 2.003826 
-1.287000 2.001074 
-1.286000 1.998283 
-1.285000 1.995451 
-1.284000 1.992579 
-1.283000 1.989667 
-1.282000 1.986715 
-1.281000 1.983723 
-1.280000 1.980692 
-1.279000 1.977621 
-1.278000 1.974511 
-1.277000 1.971361 
-1.276000 1.968172 
-1.275000 1.964943 
-1.274000 1.961675 
-1.273000 1.958368 
-1.272000 1.955022 
-1.271000 1.951636 
-1.270000 1.948212 
-1.269000 1.944749 
-1.268000 1.941247 
-1.267000 1.937706 
-1.266000 1.934126 
-1.265000 1.930508 
-1.264000 1.926851 
-1.263000 1.923155 
-1.262000 1.919421 
-1.261000 1.915648 
-1.260000 1.911837 
-1.259000 1.907988 
-1.258000 1.904100 
-1.257000 1.900175 
-1.256000 1.896210 
-1.255000 1.892208 
-1.254000 1.888168 
-1.253000 1.884090 
-1.252000 1.879973 
-1.251000 1.875819 
-1.250000 1.871626 
-1.249000 1.867396 
-1.248000 1.863128 
-1.247000 1.858823 
-1.246000 1.854479 
-1.245000 1.850098 
-1.244000 1.845679 
-1.243000 1.841222 
-1.242000 1.836728 
-1.241000 1.832196 
-1.240000 1.827627 
-1.239000 1.823020 
-1.238000 1.818376 
-1.237000 1.813695 
-1.236000 1.808976 
-1.235000 1.804219 
-1.234000 1.799425 
-1.233000 1.794593 
-1.232000 1.789725 
-1.231000 1.784819 
-1.230000 1.779877 
-1.229000 1.774897 
-1.228000 1.769879 
-1.227000 1.764825 
-1.226000 1.759734 
-1.225000 1.754605 
-1.224000 1.749439 
-1.223000 1.744237 
-1.222000 1.738997 
-1.221000 1.733720 
-1.220000 1.728406 
-1.219000 1.723055 
-1.218000 1.717667 
-1.217000 1.712243 
-1.216000 1.706781 
-1.215000 1.701282 
-1.214000 1.695746 
-1.213000 1.690174 
-1.212000 1.684564 
-1.211000 1.678918 
-1.210000 1.673235 
-1.209000 1.667515 
-1.208000 1.661758 
-1.207000 1.655964 
-1.206000 1.650133 
-1.205000 1.644265 
-1.204000 1.638361 
-1.203000 1.632420 
-1.202000 1.626442 
-1.201000 1.620427 
-1.200000 1.614375 
-1.199000 1.608286 
-1.198000 1.602161 
-1.197000 1.595998 
-1.196000 1.589799 
-1.195000 1.583563 
-1.194000 1.577290 
-1.193000 1.570981 
-1.192000 1.564634 
-1.191000 1.558250 
-1.190000 1.551830 
-1.189000 1.545373 
-1.188000 1.538879 
-1.187000 1.532348 
-1.186000 1.525780 
-1.185000 1.519175 
-1.184000 1.512534 
-1.183000 1.505855 
-1.182000 1.499140 
-1.181000 1.492387 
-1.180000 1.485598 
-1.179000 1.478771 
-1.178000 1.471908 
-1.177000 1.465007 
-1.176000 1.458070 
-1.175000 1.451095 
-1.174000 1.444084 
-1.173000 1.437035 
-1.172000 1.429949 
-1.171000 1.422827 
-1.170000 1.415667 
-1.169000 1.408470 
-1.168000 1.401235 
-1.167000 1.393964 
-1.166000 1.386655 
-1.165000 1.379309 
-1.164000 1.371926 
-1.163000 1.364506 
-1.162000 1.357048 
-1.161000 1.349553 
-1.160000 1.342021 
-1.159000 1.334451 
-1.158000 1.326844 
-1.157000 1.319199 
-1.156000 1.311517 
-1.155000 1.303798 
-1.154000 1.296041 
-1.153000 1.288246 
-1.152000 1.280414 
-1.151000 1.272544 
-1.150000 1.264637 
-1.149000 1.256692 
-1.148000 1.248709 
-1.147000 1.240688 
-1.146000 1.232630 
-1.145000 1.224534 
-1.144000 1.216400 
-1.143000 1.208229 
-1.142000 1.200019 
-1.141000 1.191772 
-1.140000 1.183486 
-1.139000 1.175163 
-1.138000 1.166801 
-1.137000 1.158402 
-1.136000 1.149964 
-1.135000 1.141488 
-1.134000 1.132974 
-1.133000 1.124422 
-1.132000 1.115832 
-1.131000 1.107203 
-1.130000 1.098536 
-1.129000 1.089831 
-1.128000 1.081087 
-1.127000 1.072305 
-1.126000 1.063484 
-1.125000 1.054625 
-1.124000 1.045727 
-1.123000 1.036791 
-1.122000 1.027816 
-1.121000 1.018802 
-1.120000 1.009749 
-1.119000 1.000658 
-1.118000 0.991528 
-1.117000 0.982359 
-1.116000 0.973151 
-1.115000 0.963905 
-1.114000 0.954619 
-1.113000 0.945294 
-1.112000 0.935930 
-1.111000 0.926527 
-1.110000 0.917085 
-1.109000 0.907604 
-1.108000 0.898084 
-1.107000 0.888524 
-1.106000 0.878925 
-1.105000 0.869286 
-1.104000 0.859608 
-1.103000 0.849891 
-1.102000 0.840134 
-1.101000 0.830337 
-1.100000 0.820501 
-1.099000 0.810626 
-1.098000 0.800710 
-1.097000 0.790755 
-1.096000 0.780760 
-1.095000 0.770725 
-1.094000 0.760651 
-1.093000 0.750536 
-1.092000 0.740382 
-1.091000 0.730188 
-1.090000 0.719953 
-1.089000 0.709679 
-1.088000 0.699364 
-1.087000 0.689009 
-1.086000 0.678614 
-1.085000 0.668179 
-1.084000 0.657703 
-1.083000 0.647187 
-1.082000 0.636631 
-1.081000 0.626035 
-1.080000 0.615397 
-1.079000 0.604720 
-1.078000 0.594002 
-1.077000 0.583243 
-1.076000 0.572444 
-1.075000 0.561604 
-1.074000 0.550723 
-1.073000 0.539802 
-1.072000 0.528839 
-1.071000 0.517836 
-1.070000 0.506793 
-1.069000 0.495708 
-1.068000 0.484582 
-1.067000 0.473416 
-1.066000 0.462208 
-1.065000 0.450960 
-1.064000 0.439670 
-1.063000 0.428339 
-1.062000 0.416968 
-1.061000 0.405555 
-1.060000 0.394101 
-1.059000 0.382606 
-1.058000 0.371069 
-1.057000 0.359491 
-1.056000 0.347872 
-1.055000 0.336212 
-1.054000 0.324511 
-1.053000 0.312768 
-1.052000 0.300984 
-1.051000 0.289158 
-1.050000 0.277291 
-1.049000 0.265382 
-1.048000 0.253432 
-1.047000 0.241441 
-1.046000 0.229408 
-1.045000 0.217334 
-1.044000 0.205218 
-1.043000 0.193061 
-1.042000 0.180862 
-1.041000 0.168622 
-1.040000 0.156340 
-1.039000 0.144017 
-1.038000 0.131652 
-1.037000 0.119246 
-1.036000 0.106798 
-1.035000 0.094309 
-1.034000 0.081778 
-1.033000 0.069206 
-1.032000 0.056592 
-1.031000 0.043937 
-1.030000 0.031240 
-1.029000 0.018502 
-1.028000 0.005722 
-1.027000 -0.007099 
-1.026000 -0.019961 
-1.025000 -0.032865 
-1.024000 -0.045810 
-1.023000 -0.058796 
-1.022000 -0.071824 
-1.021000 -0.084893 
-1.020000 -0.098003 
-1.019000 -0.111154 
-1.018000 -0.124347 
-1.017000 -0.137580 
-1.016000 -0.150855 
-1.015000 -0.164170 
-1.014000 -0.177527 
-1.013000 -0.190924 
-1.012000 -0.204362 
-1.011000 -0.217841 
-1.010000 -0.231360 
-1.009000 -0.244920 
-1.008000 -0.258521 
-1.007000 -0.272162 
-1.006000 -0.285844 
-1.005000 -0.299565 
-1.004000 -0.313327 
-1.003000 -0.327130 
-1.002000 -0.340972 
-1.001000 -0.354854 
-1.000000 -0.368776 
-0.999000 -0.382737 
-0.998000 -0.396738 
-0.997000 -0.410779 
-0.996000 -0.424859 
-0.995000 -0.438978 
-0.994000 -0.453137 
-0.993000 -0.467334 
-0.992000 -0.481570 
-0.991000 -0.495845 
-0.990000 -0.510159 
-0.989000 -0.524510 
-0.988000 -0.538900 
-0.987000 -0.553329 
-0.986000 -0.567795 
-0.985000 -0.582298 
-0.984000 -0.596840 
-0.983000 -0.611418 
-0.982000 -0.626034 
-0.981000 -0.640687 
-0.980000 -0.655377 
-0.979000 -0.670103 
-0.978000 -0.684865 
-0.977000 -0.699664 
-0.976000 -0.714498 
-0.975000 -0.729368 
-0.974000 -0.744274 
-0.973000 -0.759215 
-0.972000 -0.774190 
-0.971000 -0.789201 
-0.970000 -0.804245 
-0.969000 -0.819324 
-0.968000 -0.834437 
-0.967000 -0.849583 
-0.966000 -0.864762 
-0.965000 -0.879974 
-0.964000 -0.895219 
-0.963000 -0.910496 
-0.962000 -0.925805 
-0.961000 -0.941146 
-0.960000 -0.956517 
-0.959000 -0.971920 
-0.958000 -0.987353 
-0.957000 -1.002817 
-0.956000 -1.018310 
-0.955000 -1.033832 
-0.954000 -1.049384 
-0.953000 -1.064964 
-0.952000 -1.080572 
-0.951000 -1.096207 
-0.950000 -1.111870 
-0.949000 -1.127560 
-0.948000 -1.143276 
-0.947000 -1.159018 
-0.946000 -1.174785 
-0.945000 -1.190577 
-0.944000 -1.206393 
-0.943000 -1.222234 
-0.942000 -1.238097 
-0.941000 -1.253983 
-0.940000 -1.269891 
-0.939000 -1.285821 
-0.938000 -1.301772 
-0.937000 -1.317744 
-0.936000 -1.333735 
-0.935000 -1.349745 
-0.934000 -1.365774 
-0.933000 -1.381821 
-0.932000 -1.397885 
-0.931000 -1.413965 
-0.930000 -1.430062 
-0.929000 -1.446173 
-0.928000 -1.462300 
-0.927000 -1.478439 
-0.926000 -1.494592 
-0.925000 -1.510757 
-0.924000 -1.526934 
-0.923000 -1.543121 
-0.922000 -1.559318 
-0.921000 -1.575524 
-0.920000 -1.591738 
-0.919000 -1.607960 
-0.918000 -1.624188 
-0.917000 -1.640422 
-0.916000 -1.656660 
-0.915000 -1.672902 
-0.914000 -1.689147 
-0.913000 -1.705394 
-0.912000 -1.721641 
-0.911000 -1.737889 
-0.910000 -1.754135 
-0.909000 -1.770379 
-0.908000 -1.786620 
-0.907000 -1.802857 
-0.906000 -1.819088 
-0.905000 -1.835313 
-0.904000 -1.851530 
-0.903000 -1.867739 
-0.902000 -1.883937 
-0.901000 -1.900125 
-0.900000 -1.916300 
-0.899000 -1.932462 
-0.898000 -1.948609 
-0.897000 -1.964741 
-0.896000 -1.980854 
-0.895000 -1.996950 
-0.894000 -2.013025 
-0.893000 -2.029079 
-0.892000 -2.045111 
-0.891000 -2.061118 
-0.890000 -2.077100 
-0.889000 -2.093056 
-0.888000 -2.108983 
-0.887000 -2.124880 
-0.886000 -2.140746 
-0.885000 -2.156579 
-0.884000 -2.172377 
-0.883000 -2.188140 
-0.882000 -2.203865 
-0.881000 -2.219552 
-0.880000 -2.235197 
-0.879000 -2.250800 
-0.878000 -2.266359 
-0.877000 -2.281872 
-0.876000 -2.297337 
-0.875000 -2.312753 
-0.874000 -2.328119 
-0.873000 -2.343431 
-0.872000 -2.358689 
-0.871000 -2.373890 
-0.870000 -2.389032 
-0.869000 -2.404115 
-0.868000 -2.419135 
-0.867000 -2.434091 
-0.866000 -2.448981 
-0.865000 -2.463803 
-0.864000 -2.478555 
-0.863000 -2.493234 
-0.862000 -2.507840 
-0.861000 -2.522369 
-0.860000 -2.536820 
-0.859000 -2.551191 
-0.858000 -2.565478 
-0.857000 -2.579681 
-0.856000 -2.593797 
-0.855000 -2.607824 
-0.854000 -2.621760 
-0.853000 -2.635602 
-0.852000 -2.649347 
-0.851000 -2.662995 
-0.850000 -2.676542 
-0.849000 -2.689986 
-0.848000 -2.703325 
-0.847000 -2.716557 
-0.846000 -2.729678 
-0.845000 -2.742687 
-0.844000 -2.755581 
-0.843000 -2.768358 
-0.842000 -2.781015 
-0.841000 -2.793550 
-0.840000 -2.805960 
-0.839000 -2.818243 
-0.838000 -2.830397 
-0.837000 -2.842418 
-0.836000 -2.854304 
-0.835000 -2.866052 
-0.834000 -2.877661 
-0.833000 -2.889127 
-0.832000 -2.900448 
-0.831000 -2.911622 
-0.830000 -2.922644 
-0.829000 -2.933514 
-0.828000 -2.944228 
-0.827000 -2.954784 
-0.826000 -2.965179 
-0.825000 -2.975410 
-0.824000 -2.985475 
-0.823000 -2.995371 
-0.822000 -3.005096 
-0.821000 -3.014646 
-0.820000 -3.024019 
-0.819000 -3.033213 
-0.818000 -3.042224 
-0.817000 -3.051051 
-0.816000 -3.059690 
-0.815000 -3.068139 
-0.814000 -3.076395 
-0.813000 -3.084455 
-0.812000 -3.092318 
-0.811000 -3.099979 
-0.810000 -3.107438 
-0.809000 -3.114690 
-0.808000 -3.121734 
-0.807000 -3.128567 
-0.806000 -3.135186 
-0.805000 -3.141590 
-0.804000 -3.147774 
-0.803000 -3.153738 
-0.802000 -3.159478 
-0.801000 -3.164991 
-0.800000 -3.170277 
-0.799000 -3.175332 
-0.798000 -3.180153 
-0.797000 -3.184739 
-0.796000 -3.189087 
-0.795000 -3.193196 
-0.794000 -3.197062 
-0.793000 -3.200683 
-0.792000 -3.204058 
-0.791000 -3.207184 
-0.790000 -3.210059 
-0.789000 -3.212682 
-0.788000 -3.215049 
-0.787000 -3.217160 
-0.786000 -3.219012 
-0.785000 -3.220604 
-0.784000 -3.221933 
-0.783000 -3.222998 
-0.782000 -3.223797 
-0.781000 -3.224329 
-0.780000 -3.224592 
-0.779000 -3.224584 
-0.778000 -3.224304 
-0.777000 -3.223751 
-0.776000 -3.222922 
-0.775000 -3.221818 
-0.774000 -3.220436 
-0.773000 -3.218776 
-0.772000 -3.216836 
-0.771000 -3.214616 
-0.770000 -3.212113 
-0.769000 -3.209329 
-0.768000 -3.206260 
-0.767000 -3.202908 
-0.766000 -3.199271 
-0.765000 -3.195349 
-0.764000 -3.191140 
-0.763000 -3.186645 
-0.762000 -3.181863 
-0.761000 -3.176795 
-0.760000 -3.171438 
-0.759000 -3.165795 
-0.758000 -3.159863 
-0.757000 -3.153645 
-0.756000 -3.147138 
-0.755000 -3.140345 
-0.754000 -3.133264 
-0.753000 -3.125896 
-0.752000 -3.118243 
-0.751000 -3.110303 
-0.750000 -3.102078 
-0.749000 -3.093568 
-0.748000 -3.084775 
-0.747000 -3.075698 
-0.746000 -3.066340 
-0.745000 -3.056700 
-0.744000 -3.046780 
-0.743000 -3.036581 
-0.742000 -3.026104 
-0.741000 -3.015351 
-0.740000 -3.004323 
-0.739000 -2.993021 
-0.738000 -2.981447 
-0.737000 -2.969603 
-0.736000 -2.957490 
-0.735000 -2.945110 
-0.734000 -2.932465 
-0.733000 -2.919554 
-0.732000 -2.906385 
-0.731000 -2.892957 
-0.730000 -2.879272 
-0.729000 -2.865332 
-0.728000 -2.851139 
-0.727000 -2.836697 
-0.726000 -2.822007 
-0.725000 -2.807072 
-0.724000 -2.791894 
-0.723000 -2.776477 
-0.722000 -2.760822 
-0.721000 -2.744933 
-0.720000 -2.728812 
-0.719000 -2.712463 
-0.718000 -2.695887 
-0.717000 -2.679089 
-0.716000 -2.662070 
-0.715000 -2.644835 
-0.714000 -2.627387 
-0.713000 -2.609727 
-0.712000 -2.591861 
-0.711000 -2.573790 
-0.710000 -2.555519 
-0.709000 -2.537051 
-0.708000 -2.518388 
-0.707000 -2.499535 
-0.706000 -2.480495 
-0.705000 -2.461272 
-0.704000 -2.441868 
-0.703000 -2.422288 
-0.702000 -2.402535 
-0.701000 -2.382613 
-0.700000 -2.362525 
-0.699000 -2.342275 
-0.698000 -2.321867 
-0.697000 -2.301304 
-0.696000 -2.280590 
-0.695000 -2.259728 
-0.694000 -2.238724 
-0.693000 -2.217579 
-0.692000 -2.196299 
-0.691000 -2.174886 
-0.690000 -2.153345 
-0.689000 -2.131678 
-0.688000 -2.109891 
-0.687000 -2.087987 
-0.686000 -2.065969 
-0.685000 -2.043842 
-0.684000 -2.021608 
-0.683000 -1.999273 
-0.682000 -1.976839 
-0.681000 -1.954310 
-0.680000 -1.931690 
-0.679000 -1.908982 
-0.678000 -1.886191 
-0.677000 -1.863320 
-0.676000 -1.840373 
-0.675000 -1.817353 
-0.674000 -1.794264 
-0.673000 -1.771109 
-0.672000 -1.747893 
-0.671000 -1.724618 
-0.670000 -1.701288 
-0.669000 -1.677906 
-0.668000 -1.654477 
-0.667000 -1.631003 
-0.666000 -1.607488 
-0.665000 -1.583936 
-0.664000 -1.560349 
-0.663000 -1.536730 
-0.662000 -1.513084 
-0.661000 -1.489414 
-0.660000 -1.465722 
-0.659000 -1.442012 
-0.658000 -1.418287 
-0.657000 -1.394550 
-0.656000 -1.370804 
-0.655000 -1.347052 
-0.654000 -1.323297 
-0.653000 -1.299542 
-0.652000 -1.275790 
-0.651000 -1.252044 
-0.650000 -1.228307 
-0.649000 -1.204581 
-0.648000 -1.180869 
-0.647000 -1.157174 
-0.646000 -1.133499 
-0.645000 -1.109846 
-0.644000 -1.086217 
-0.643000 -1.062616 
-0.642000 -1.039044 
-0.641000 -1.015505 
-0.640000 -0.992000 
-0.639000 -0.968532 
-0.638000 -0.945103 
-0.637000 -0.921716 
-0.636000 -0.898372 
-0.635000 -0.875074 
-0.634000 -0.851825 
-0.633000 -0.828626 
-0.632000 -0.805478 
-0.631000 -0.782386 
-0.630000 -0.759349 
-0.629000 -0.736370 
-0.628000 -0.713452 
-0.627000 -0.690595 
-0.626000 -0.667802 
-0.625000 -0.645075 
-0.624000 -0.622414 
-0.623000 -0.599823 
-0.622000 -0.577302 
-0.621000 -0.554853 
-0.620000 -0.532477 
-0.619000 -0.510177 
-0.618000 -0.487954 
-0.617000 -0.465809 
-0.616000 -0.443743 
-0.615000 -0.421758 
-0.614000 -0.399855 
-0.613000 -0.378036 
-0.612000 -0.356301 
-0.611000 -0.334653 
-0.610000 -0.313091 
-0.609000 -0.291618 
-0.608000 -0.270235 
-0.607000 -0.248941 
-0.606000 -0.227740 
-0.605000 -0.206631 
-0.604000 -0.185615 
-0.603000 -0.164694 
-0.602000 -0.143868 
-0.601000 -0.123139 
-0.600000 -0.102507 
-0.599000 -0.081972 
-0.598000 -0.061536 
-0.597000 -0.041200 
-0.596000 -0.020964 
-0.595000 -0.000829 
-0.594000 0.019205 
-0.593000 0.039136 
-0.592000 0.058965 
-0.591000 0.078690 
-0.590000 0.098311 
-0.589000 0.117828 
-0.588000 0.137240 
-0.587000 0.156546 
-0.586000 0.175747 
-0.585000 0.194841 
-0.584000 0.213828 
-0.583000 0.232708 
-0.582000 0.251480 
-0.581000 0.270145 
-0.580000 0.288701 
-0.579000 0.307149 
-0.578000 0.325489 
-0.577000 0.343719 
-0.576000 0.361840 
-0.575000 0.379851 
-0.574000 0.397753 
-0.573000 0.415545 
-0.572000 0.433227 
-0.571000 0.450799 
-0.570000 0.468261 
-0.569000 0.485612 
-0.568000 0.502853 
-0.567000 0.519983 
-0.566000 0.537003 
-0.565000 0.553912 
-0.564000 0.570710 
-0.563000 0.587398 
-0.562000 0.603975 
-0.561000 0.620442 
-0.560000 0.636798 
-0.559000 0.653043 
-0.558000 0.669178 
-0.557000 0.685202 
-0.556000 0.701117 
-0.555000 0.716921 
-0.554000 0.732614 
-0.553000 0.748198 
-0.552000 0.763672 
-0.551000 0.779037 
-0.550000 0.794291 
-0.549000 0.809437 
-0.548000 0.824473 
-0.547000 0.839400 
-0.546000 0.854218 
-0.545000 0.868928 
-0.544000 0.883529 
-0.543000 0.898022 
-0.542000 0.912407 
-0.541000 0.926684 
-0.540000 0.940854 
-0.539000 0.954916 
-0.538000 0.968872 
-0.537000 0.982721 
-0.536000 0.996463 
-0.535000 1.010099 
-0.534000 1.023630 
-0.533000 1.037054 
-0.532000 1.050374 
-0.531000 1.063588 
-0.530000 1.076698 
-0.529000 1.089703 
-0.528000 1.102605 
-0.527000 1.115402 
-0.526000 1.128097 
-0.525000 1.140688 
-0.524000 1.153176 
-0.523000 1.165562 
-0.522000 1.177846 
-0.521000 1.190029 
-0.520000 1.202110 
-0.519000 1.214090 
-0.518000 1.225970 
-0.517000 1.237749 
-0.516000 1.249428 
-0.515000 1.261008 
-0.514000 1.272489 
-0.513000 1.283871 
-0.512000 1.295154 
-0.511000 1.306340 
-0.510000 1.317428 
-0.509000 1.328419 
-0.508000 1.339313 
-0.507000 1.350110 
-0.506000 1.360811 
-0.505000 1.371417 
-0.504000 1.381928 
-0.503000 1.392343 
-0.502000 1.402664 
-0.501000 1.412891 
-0.500000 1.423024 
-0.499000 1.433064 
-0.498000 1.443011 
-0.497000 1.452865 
-0.496000 1.462627 
-0.495000 1.472298 
-0.494000 1.481877 
-0.493000 1.491365 
-0.492000 1.500763 
-0.491000 1.510070 
-0.490000 1.519288 
-0.489000 1.528417 
-0.488000 1.537457 
-0.487000 1.546408 
-0.486000 1.555271 
-0.485000 1.564046 
-0.484000 1.572734 
-0.483000 1.581335 
-0.482000 1.589849 
-0.481000 1.598278 
-0.480000 1.606620 
-0.479000 1.614877 
-0.478000 1.623050 
-0.477000 1.631137 
-0.476000 1.639141 
-0.475000 1.647061 
-0.474000 1.654897 
-0.473000 1.662651 
-0.472000 1.670322 
-0.471000 1.677910 
-0.470000 1.685417 
-0.469000 1.692843 
-0.468000 1.700187 
-0.467000 1.707451 
-0.466000 1.714635 
-0.465000 1.721738 
-0.464000 1.728762 
-0.463000 1.735707 
-0.462000 1.742574 
-0.461000 1.749361 
-0.460000 1.756071 
-0.459000 1.762704 
-0.458000 1.769258 
-0.457000 1.775737 
-0.456000 1.782138 
-0.455000 1.788464 
-0.454000 1.794713 
-0.453000 1.800887 
-0.452000 1.806987 
-0.451000 1.813011 
-0.450000 1.818961 
-0.449000 1.824837 
-0.448000 1.830640 
-0.447000 1.836369 
-0.446000 1.842025 
-0.445000 1.847609 
-0.444000 1.853121 
-0.443000 1.858560 
-0.442000 1.863929 
-0.441000 1.869225 
-0.440000 1.874451 
-0.439000 1.879607 
-0.438000 1.884692 
-0.437000 1.889708 
-0.436000 1.894654 
-0.435000 1.899531 
-0.434000 1.904339 
-0.433000 1.909078 
-0.432000 1.913750 
-0.431000 1.918353 
-0.430000 1.922889 
-0.429000 1.927358 
-0.428000 1.931759 
-0.427000 1.936094 
-0.426000 1.940363 
-0.425000 1.944566 
-0.424000 1.948703 
-0.423000 1.952775 
-0.422000 1.956782 
-0.421000 1.960724 
-0.420000 1.964602 
-0.419000 1.968415 
-0.418000 1.972165 
-0.417000 1.975851 
-0.416000 1.979473 
-0.415000 1.983033 
-0.414000 1.986530 
-0.413000 1.989965 
-0.412000 1.993338 
-0.411000 1.996649 
-0.410000 1.999898 
-0.409000 2.003086 
-0.408000 2.006213 
-0.407000 2.009279 
-0.406000 2.012285 
-0.405000 2.015231 
-0.404000 2.018117 
-0.403000 2.020943 
-0.402000 2.023710 
-0.401000 2.026417 
-0.400000 2.029066 
-0.399000 2.031657 
-0.398000 2.034189 
-0.397000 2.036663 
-0.396000 2.039079 
-0.395000 2.041437 
-0.394000 2.043739 
-0.393000 2.045983 
-0.392000 2.048170 
-0.391000 2.050301 
-0.390000 2.052376 
-0.389000 2.054394 
-0.388000 2.056357 
-0.387000 2.058264 
-0.386000 2.060116 
-0.385000 2.061912 
-0.384000 2.063654 
-0.383000 2.065341 
-0.382000 2.066973 
-0.381000 2.068551 
-0.380000 2.070076 
-0.379000 2.071546 
-0.378000 2.072963 
-0.377000 2.074326 
-0.376000 2.075637 
-0.375000 2.076894 
-0.374000 2.078099 
-0.373000 2.079252 
-0.372000 2.080352 
-0.371000 2.081400 
-0.370000 2.082396 
-0.369000 2.083340 
-0.368000 2.084233 
-0.367000 2.085075 
-0.366000 2.085865 
-0.365000 2.086605 
-0.364000 2.087294 
-0.363000 2.087933 
-0.362000 2.088521 
-0.361000 2.089060 
-0.360000 2.089548 
-0.359000 2.089987 
-0.358000 2.090376 
-0.357000 2.090716 
-0.356000 2.091006 
-0.355000 2.091248 
-0.354000 2.091441 
-0.353000 2.091585 
-0.352000 2.091680 
-0.351000 2.091728 
-0.350000 2.091727 
-0.349000 2.091678 
-0.348000 2.091582 
-0.347000 2.091438 
-0.346000 2.091246 
-0.345000 2.091008 
-0.344000 2.090722 
-0.343000 2.090389 
-0.342000 2.090009 
-0.341000 2.089583 
-0.340000 2.089110 
-0.339000 2.088591 
-0.338000 2.088026 
-0.337000 2.087414 
-0.336000 2.086757 
-0.335000 2.086054 
-0.334000 2.085305 
-0.333000 2.084511 
-0.332000 2.083672 
-0.331000 2.082788 
-0.330000 2.081858 
-0.329000 2.080884 
-0.328000 2.079865 
-0.327000 2.078801 
-0.326000 2.077693 
-0.325000 2.076541 
-0.324000 2.075344 
-0.323000 2.074103 
-0.322000 2.072818 
-0.321000 2.071490 
-0.320000 2.070118 
-0.319000 2.068702 
-0.318000 2.067243 
-0.317000 2.065740 
-0.316000 2.064195 
-0.315000 2.062606 
-0.314000 2.060974 
-0.313000 2.059299 
-0.312000 2.057582 
-0.311000 2.055822 
-0.310000 2.054020 
-0.309000 2.052175 
-0.308000 2.050288 
-0.307000 2.048359 
-0.306000 2.046387 
-0.305000 2.044374 
-0.304000 2.042319 
-0.303000 2.040222 
-0.302000 2.038084 
-0.301000 2.035903 
-0.300000 2.033682 
-0.299000 2.031419 
-0.298000 2.029115 
-0.297000 2.026770 
-0.296000 2.024384 
-0.295000 2.021956 
-0.294000 2.019488 
-0.293000 2.016979 
-0.292000 2.014430 
-0.291000 2.011839 
-0.290000 2.009209 
-0.289000 2.006538 
-0.288000 2.003826 
-0.287000 2.001074 
-0.286000 1.998283 
-0.285000 1.995451 
-0.284000 1.992579 
-0.283000 1.989667 
-0.282000 1.986715 
-0.281000 1.983723 
-0.280000 1.980692 
-0.279000 1.977621 
-0.278000 1.974511 
-0.277000 1.971361 
-0.276000 1.968172 
-0.275000 1.964943 
-0.274000 1.961675 
-0.273000 1.958368 
-0.272000 1.955022 
-0.271000 1.951636 
-0.270000 1.948212 
-0.269000 1.944749 
-0.268000 1.941247 
-0.267000 1.937706 
-0.266000 1.934126 
-0.265000 1.930508 
-0.264000 1.926851 
-0.263000 1.923155 
-0.262000 1.919421 
-0.261000 1.915648 
-0.260000 1.911837 
-0.259000 1.907988 
-0.258000 1.904100 
-0.257000 1.900175 
-0.256000 1.896210 
-0.255000 1.892208 
-0.254000 1.888168 
-0.253000 1.884090 
-0.252000 1.879973 
-0.251000 1.875819 
-0.250000 1.871626 
-0.249000 1.867396 
-0.248000 1.863128 
-0.247000 1.858823 
-0.246000 1.854479 
-0.245000 1.850098 
-0.244000 1.845679 
-0.243000 1.841222 
-0.242000 1.836728 
-0.241000 1.832196 
-0.240000 1.827627 
-0.239000 1.823020 
-0.238000 1.818376 
-0.237000 1.813695 
-0.236000 1.808976 
-0.235000 1.804219 
-0.234000 1.799425 
-0.233000 1.794593 
-0.232000 1.789725 
-0.231000 1.784819 
-0.230000 1.779877 
-0.229000 1.774897 
-0.228000 1.769879 
-0.227000 1.764825 
-0.226000 1.759734 
-0.225000 1.754605 
-0.224000 1.749439 
-0.223000 1.744237 
-0.222000 1.738997 
-0.221000 1.733720 
-0.220000 1.728406 
-0.219000 1.723055 
-0.218000 1.717667 
-0.217000 1.712243 
-0.216000 1.706781 
-0.215000 1.701282 
-0.214000 1.695746 
-0.213000 1.690174 
-0.212000 1.684564 
-0.211000 1.678918 
-0.210000 1.673235 
-0.209000 1.667515 
-0.208000 1.661758 
-0.207000 1.655964 
-0.206000 1.650133 
-0.205000 1.644265 
-0.204000 1.638361 
-0.203000 1.632420 
-0.202000 1.626442 
-0.201000 1.620427 
-0.200000 1.614375 
-0.199000 1.608286 
-0.198000 1.602161 
-0.197000 1.595998 
-0.196000 1.589799 
-0.195000 1.583563 
-0.194000 1.577290 
-0.193000 1.570981 
-0.192000 1.564634 
-0.191000 1.558250 
-0.190000 1.551830 
-0.189000 1.545373 
-0.188000 1.538879 
-0.187000 1.532348 
-0.186000 1.525780 
-0.185000 1.519175 
-0.184000 1.512534 
-0.183000 1.505855 
-0.182000 1.499140 
-0.181000 1.492387 
-0.180000 1.485598 
-0.179000 1.478771 
-0.178000 1.471908 
-0.177000 1.465007 
-0.176000 1.458070 
-0.175000 1.451095 
-0.174000 1.444084 
-0.173000 1.437035 
-0.172000 1.429949 
-0.171000 1.422827 
-0.170000 1.415667 
-0.169000 1.408470 
-0.168000 1.401235 
-0.167000 1.393964 
-0.166000 1.386655 
-0.165000 1.379309 
-0.164000 1.371926 
-0.163000 1.364506 
-0.162000 1.357048 
-0.161000 1.349553 
-0.160000 1.342021 
-0.159000 1.334451 
-0.158000 1.326844 
-0.157000 1.319199 
-0.156000 1.311517 
-0.155000 1.303798 
-0.154000 1.296041 
-0.153000 1.288246 
-0.152000 1.280414 
-0.151000 1.272544 
-0.150000 1.264637 
-0.149000 1.256692 
-0.148000 1.248709 
-0.147000 1.240688 
-0.146000 1.232630 
-0.145000 1.224534 
-0.144000 1.216400 
-0.143000 1.208229 
-0.142000 1.200019 
-0.141000 1.191772 
-0.140000 1.183486 
-0.139000 1.175163 
-0.138000 1.166801 
-0.137000 1.158402 
-0.136000 1.149964 
-0.135000 1.141488 
-0.134000 1.132974 
-0.133000 1.124422 
-0.132000 1.115832 
-0.131000 1.107203 
-0.130000 1.098536 
-0.129000 1.089831 
-0.128000 1.081087 
-0.127000 1.072305 
-0.126000 1.063484 
-0.125000 1.054625 
-0.124000 1.045727 
-0.123000 1.036791 
-0.122000 1.027816 
-0.121000 1.018802 
-0.120000 1.009749 
-0.119000 1.000658 
-0.118000 0.991528 
-0.117000 0.982359 
-0.116000 0.973151 
-0.115000 0.963905 
-0.114000 0.954619 
-0.113000 0.945294 
-0.112000 0.935930 
-0.111000 0.926527 
-0.110000 0.917085 
-0.109000 0.907604 
-0.108000 0.898084 
-0.107000 0.888524 
-0.106000 0.878925 
-0.105000 0.869286 
-0.104000 0.859608 
-0.103000 0.849891 
-0.102000 0.840134 
-0.101000 0.830337 
-0.100000 0.820501 
-0.099000 0.810626 
-0.098000 0.800710 
-0.097000 0.790755 
-0.096000 0.780760 
-0.095000 0.770725 
-0.094000 0.760651 
-0.093000 0.750536 
-0.092000 0.740382 
-0.091000 0.730188 
-0.090000 0.719953 
-0.089000 0.709679 
-0.088000 0.699364 
-0.087000 0.689009 
-0.086000 0.678614 
-0.085000 0.668179 
-0.084000 0.657703 
-0.083000 0.647187 
-0.082000 0.636631 
-0.081000 0.626035 
-0.080000 0.615397 
-0.079000 0.604720 
-0.078000 0.594002 
-0.077000 0.583243 
-0.076000 0.572444 
-0.075000 0.561604 
-0.074000 0.550723 
-0.073000 0.539802 
-0.072000 0.528839 
-0.071000 0.517836 
-0.070000 0.506793 
-0.069000 0.495708 
-0.068000 0.484582 
-0.067000 0.473416 
-0.066000 0.462208 
-0.065000 0.450960 
-0.064000 0.439670 
-0.063000 0.428339 
-0.062000 0.416968 
-0.061000 0.405555 
-0.060000 0.394101 
-0.059000 0.382606 
-0.058000 0.371069 
-0.057000 0.359491 
-0.056000 0.347872 
-0.055000 0.336212 
-0.054000 0.324511 
-0.053000 0.312768 
-0.052000 0.300984 
-0.051000 0.289158 
-0.050000 0.277291 
-0.049000 0.265382 
-0.048000 0.253432 
-0.047000 0.241441 
-0.046000 0.229408 
-0.045000 0.217334 
-0.044000 0.205218 
-0.043000 0.193061 
-0.042000 0.180862 
-0.041000 0.168622 
-0.040000 0.156340 
-0.039000 0.144017 
-0.038000 0.131652 
-0.037000 0.119246 
-0.036000 0.106798 
-0.035000 0.094309 
-0.034000 0.081778 
-0.033000 0.069206 
-0.032000 0.056592 
-0.031000 0.043937 
-0.030000 0.031240 
-0.029000 0.018502 
-0.028000 0.005722 
-0.027000 -0.007099 
-0.026000 -0.019961 
-0.025000 -0.032865 
-0.024000 -0.045810 
-0.023000 -0.058796 
-0.022000 -0.071824 
-0.021000 -0.084893 
-0.020000 -0.098003 
-0.019000 -0.111154 
-0.018000 -0.124347 
-0.017000 -0.137580 
-0.016000 -0.150855 
-0.015000 -0.164170 
-0.014000 -0.177527 
-0.013000 -0.190924 
-0.012000 -0.204362 
-0.011000 -0.217841 
-0.010000 -0.231360 
-0.009000 -0.244920 
-0.008000 -0.258521 
-0.007000 -0.272162 
-0.006000 -0.285844 
-0.005000 -0.299565 
-0.004000 -0.313327 
-0.003000 -0.327130 
-0.002000 -0.340972 
-0.001000 -0.354854 
-0.000000 -0.368776 
0.001000 -0.382737 
0.002000 -0.396738 
0.003000 -0.410779 
0.004000 -0.424859 
0.005000 -0.438978 
0.006000 -0.453137 
0.007000 -0.467334 
0.008000 -0.481570 
0.009000 -0.495845 
0.010000 -0.510159 
0.011000 -0.524510 
0.012000 -0.538900 
0.013000 -0.553329 
0.014000 -0.567795 
0.015000 -0.582298 
0.016000 -0.596840 
0.017000 -0.611418 
0.018000 -0.626034 
0.019000 -0.640687 
0.020000 -0.655377 
0.021000 -0.670103 
0.022000 -0.684865 
0.023000 -0.699664 
0.024000 -0.714498 
0.025000 -0.729368 
0.026000 -0.744274 
0.027000 -0.759215 
0.028000 -0.774190 
0.029000 -0.789201 
0.030000 -0.804245 
0.031000 -0.819324 
0.032000 -0.834437 
0.033000 -0.849583 
0.034000 -0.864762 
0.035000 -0.879974 
0.036000 -0.895219 
0.037000 -0.910496 
0.038000 -0.925805 
0.039000 -0.941146 
0.040000 -0.956517 
0.041000 -0.971920 
0.042000 -0.987353 
0.043000 -1.002817 
0.044000 -1.018310 
0.045000 -1.033832 
0.046000 -1.049384 
0.047000 -1.064964 
0.048000 -1.080572 
0.049000 -1.096207 
0.050000 -1.111870 
0.051000 -1.127560 
0.052000 -1.143276 
0.053000 -1.159018 
0.054000 -1.174785 
0.055000 -1.190577 
0.056000 -1.206393 
0.057000 -1.222234 
0.058000 -1.238097 
0.059000 -1.253983 
0.060000 -1.269891 
0.061000 -1.285821 
0.062000 -1.301772 
0.063000 -1.317744 
0.064000 -1.333735 
0.065000 -1.349745 
0.066000 -1.365774 
0.067000 -1.381821 
0.068000 -1.397885 
0.069000 -1.413965 
0.070000 -1.430062 
0.071000 -1.446173 
0.072000 -1.462300 
0.073000 -1.478439 
0.074000 -1.494592 
0.075000 -1.510757 
0.076000 -1.526934 
0.077000 -1.543121 
0.078000 -1.559318 
0.079000 -1.575524 
0.080000 -1.591738 
0.081000 -1.607960 
0.082000 -1.624188 
0.083000 -1.640422 
0.084000 -1.656660 
0.085000 -1.672902 
0.086000 -1.689147 
0.087000 -1.705394 
0.088000 -1.721641 
0.089000 -1.737889 
0.090000 -1.754135 
0.091000 -1.770379 
0.092000 -1.786620 
0.093000 -1.802857 
0.094000 -1.819088 
0.095000 -1.835313 
0.096000 -1.851530 
0.097000 -1.867739 
0.098000 -1.883937 
0.099000 -1.900125 
0.100000 -1.916300 
0.101000 -1.932462 
0.102000 -1.948609 
0.103000 -1.964741 
0.104000 -1.980854 
0.105000 -1.996950 
0.106000 -2.013025 
0.107000 -2.029079 
0.108000 -2.045111 
0.109000 -2.061118 
0.110000 -2.077100 
0.111000 -2.093056 
0.112000 -2.108983 
0.113000 -2.124880 
0.114000 -2.140746 
0.115000 -2.156579 
0.116000 -2.172377 
0.117000 -2.188140 
0.118000 -2.203865 
0.119000 -2.219552 
0.120000 -2.235197 
0.121000 -2.250800 
0.122000 -2.266359 
0.123000 -2.281872 
0.124000 -2.297337 
0.125000 -2.312753 
0.126000 -2.328119 
0.127000 -2.343431 
0.128000 -2.358689 
0.129000 -2.373890 
0.130000 -2.389032 
0.131000 -2.404115 
0.132000 -2.419135 
0.133000 -2.434091 
0.134000 -2.448981 
0.135000 -2.463803 
0.136000 -2.478555 
0.137000 -2.493234 
0.138000 -2.507840 
0.139000 -2.522369 
0.140000 -2.536820 
0.141000 -2.551191 
0.142000 -2.565478 
0.143000 -2.579681 
0.144000 -2.593797 
0.145000 -2.607824 
0.146000 -2.621760 
0.147000 -2.635602 
0.148000 -2.649347 
0.149000 -2.662995 
0.150000 -2.676542 
0.151000 -2.689986 
0.152000 -2.703325 
0.153000 -2.716557 
0.154000 -2.729678 
0.155000 -2.742687 
0.156000 -2.755581 
0.157000 -2.768358 
0.158000 -2.781015 
0.159000 -2.793550 
0.160000 -2.805960 
0.161000 -2.818243 
0.162000 -2.830397 
0.163000 -2.842418 
0.164000 -2.854304 
0.165000 -2.866052 
0.166000 -2.877661 
0.167000 -2.889127 
0.168000 -2.900448 
0.169000 -2.911622 
0.170000 -2.922644 
0.171000 -2.933514 
0.172000 -2.944228 
0.173000 -2.954784 
0.174000 -2.965179 
0.175000 -2.975410 
0.176000 -2.985475 
0.177000 -2.995371 
0.178000 -3.005096 
0.179000 -3.014646 
0.180000 -3.024019 
0.181000 -3.033213 
0.182000 -3.042224 
0.183000 -3.051051 
0.184000 -3.059690 
0.185000 -3.068139 
0.186000 -3.076395 
0.187000 -3.084455 
0.188000 -3.092318 
0.189000 -3.099979 
0.190000 -3.107438 
0.191000 -3.114690 
0.192000 -3.121734 
0.193000 -3.128567 
0.194000 -3.135186 
0.195000 -3.141590 
0.196000 -3.147774 
0.197000 -3.153738 
0.198000 -3.159478 
0.199000 -3.164991 
0.200000 -3.170277 
0.201000 -3.175332 
0.202000 -3.180153 
0.203000 -3.184739 
0.204000 -3.189087 
0.205000 -3.193196 
0.206000 -3.197062 
0.207000 -3.200683 
0.208000 -3.204058 
0.209000 -3.207184 
0.210000 -3.210059 
0.211000 -3.212682 
0.212000 -3.215049 
0.213000 -3.217160 
0.214000 -3.219012 
0.215000 -3.220604 
0.216000 -3.221933 
0.217000 -3.222998 
0.218000 -3.223797 
0.219000 -3.224329 
0.220000 -3.224592 
0.221000 -3.224584 
0.222000 -3.224304 
0.223000 -3.223751 
0.224000 -3.222922 
0.225000 -3.221818 
0.226000 -3.220436 
0.227000 -3.218776 
0.228000 -3.216836 
0.229000 -3.214616 
0.230000 -3.212113 
0.231000 -3.209329 
0.232000 -3.206260 
0.233000 -3.202908 
0.234000 -3.199271 
0.235000 -3.195349 
0.236000 -3.191140 
0.237000 -3.186645 
0.238000 -3.181863 
0.239000 -3.176795 
0.240000 -3.171438 
0.241000 -3.165795 
0.242000 -3.159863 
0.243000 -3.153645 
0.244000 -3.147138 
0.245000 -3.140345 
0.246000 -3.133264 
0.247000 -3.125896 
0.248000 -3.118243 
0.249000 -3.110303 
0.250000 -3.102078 
0.251000 -3.093568 
0.252000 -3.084775 
0.253000 -3.075698 
0.254000 -3.066340 
0.255000 -3.056700 
0.256000 -3.046780 
0.257000 -3.036581 
0.258000 -3.026104 
0.259000 -3.015351 
0.260000 -3.004323 
0.261000 -2.993021 
0.262000 -2.981447 
0.263000 -2.969603 
0.264000 -2.957490 
0.265000 -2.945110 
0.266000 -2.932465 
0.267000 -2.919554 
0.268000 -2.906385 
0.269000 -2.892957 
0.270000 -2.879272 
0.271000 -2.865332 
0.272000 -2.851139 
0.273000 -2.836697 
0.274000 -2.822007 
0.275000 -2.807072 
0.276000 -2.791894 
0.277000 -2.776477 
0.278000 -2.760822 
0.279000 -2.744933 
0.280000 -2.728812 
0.281000 -2.712463 
0.282000 -2.695887 
0.283000 -2.679089 
0.284000 -2.662070 
0.285000 -2.644835 
0.286000 -2.627387 
0.287000 -2.609727 
0.288000 -2.591861 
0.289000 -2.573790 
0.290000 -2.555519 
0.291000 -2.537051 
0.292000 -2.518388 
0.293000 -2.499535 
0.294000 -2.480495 
0.295000 -2.461272 
0.296000 -2.441868 
0.297000 -2.422288 
0.298000 -2.402535 
0.299000 -2.382613 
0.300000 -2.362525 
0.301000 -2.342275 
0.302000 -2.321867 
0.303000 -2.301304 
0.304000 -2.280590 
0.305000 -2.259728 
0.306000 -2.238724 
0.307000 -2.217579 
0.308000 -2.196299 
0.309000 -2.174886 
0.310000 -2.153345 
0.311000 -2.131678 
0.312000 -2.109891 
0.313000 -2.087987 
0.314000 -2.065969 
0.315000 -2.043842 
0.316000 -2.021608 
0.317000 -1.999273 
0.318000 -1.976839 
0.319000 -1.954310 
0.320000 -1.931690 
0.321000 -1.908982 
0.322000 -1.886191 
0.323000 -1.863320 
0.324000 -1.840373 
0.325000 -1.817353 
0.326000 -1.794264 
0.327000 -1.771109 
0.328000 -1.747893 
0.329000 -1.724618 
0.330000 -1.701288 
0.331000 -1.677906 
0.332000 -1.654477 
0.333000 -1.631003 
0.334000 -1.607488 
0.335000 -1.583936 
0.336000 -1.560349 
0.337000 -1.536730 
0.338000 -1.513084 
0.339000 -1.489414 
0.340000 -1.465722 
0.341000 -1.442012 
0.342000 -1.418287 
0.343000 -1.394550 
0.344000 -1.370804 
0.345000 -1.347052 
0.346000 -1.323297 
0.347000 -1.299542 
0.348000 -1.275790 
0.349000 -1.252044 
0.350000 -1.228307 
0.351000 -1.204581 
0.352000 -1.180869 
0.353000 -1.157174 
0.354000 -1.133499 
0.355000 -1.109846 
0.356000 -1.086217 
0.357000 -1.062616 
0.358000 -1.039044 
0.359000 -1.015505 
0.360000 -0.992000 
0.361000 -0.968532 
0.362000 -0.945103 
0.363000 -0.921716 
0.364000 -0.898372 
0.365000 -0.875074 
0.366000 -0.851825 
0.367000 -0.828626 
0.368000 -0.805478 
0.369000 -0.782386 
0.370000 -0.759349 
0.371000 -0.736370 
0.372000 -0.713452 
0.373000 -0.690595 
0.374000 -0.667802 
0.375000 -0.645075 
0.376000 -0.622414 
0.377000 -0.599823 
0.378000 -0.577302 
0.379000 -0.554853 
0.380000 -0.532477 
0.381000 -0.510177 
0.382000 -0.487954 
0.383000 -0.465809 
0.384000 -0.443743 
0.385000 -0.421758 
0.386000 -0.399855 
0.387000 -0.378036 
0.388000 -0.356301 
0.389000 -0.334653 
0.390000 -0.313091 
0.391000 -0.291618 
0.392000 -0.270235 
0.393000 -0.248941 
0.394000 -0.227740 
0.395000 -0.206631 
0.396000 -0.185615 
0.397000 -0.164694 
0.398000 -0.143868 
0.399000 -0.123139 
0.400000 -0.102507 
0.401000 -0.081972 
0.402000 -0.061536 
0.403000 -0.041200 
0.404000 -0.020964 
0.405000 -0.000829 
0.406000 0.019205 
0.407000 0.039136 
0.408000 0.058965 
0.409000 0.078690 
0.410000 0.098311 
0.411000 0.117828 
0.412000 0.137240 
0.413000 0.156546 
0.414000 0.175747 
0.415000 0.194841 
0.416000 0.213828 
0.417000 0.232708 
0.418000 0.251480 
0.419000 0.270145 
0.420000 0.288701 
0.421000 0.307149 
0.422000 0.325489 
0.423000 0.343719 
0.424000 0.361840 
0.425000 0.379851 
0.426000 0.397753 
0.427000 0.415545 
0.428000 0.433227 
0.429000 0.450799 
0.430000 0.468261 
0.431000 0.485612 
0.432000 0.502853 
0.433000 0.519983 
0.434000 0.537003 
0.435000 0.553912 
0.436000 0.570710 
0.437000 0.587398 
0.438000 0.603975 
0.439000 0.620442 
0.440000 0.636798 
0.441000 0.653043 
0.442000 0.669178 
0.443000 0.685202 
0.444000 0.701117 
0.445000 0.716921 
0.446000 0.732614 
0.447000 0.748198 
0.448000 0.763672 
0.449000 0.779037 
0.450000 0.794291 
0.451000 0.809437 
0.452000 0.824473 
0.453000 0.839400 
0.454000 0.854218 
0.455000 0.868928 
0.456000 0.883529 
0.457000 0.898022 
0.458000 0.912407 
0.459000 0.926684 
0.460000 0.940854 
0.461000 0.954916 
0.462000 0.968872 
0.463000 0.982721 
0.464000 0.996463 
0.465000 1.010099 
0.466000 1.023630 
0.467000 1.037054 
0.468000 1.050374 
0.469000 1.063588 
0.470000 1.076698 
0.471000 1.089703 
0.472000 1.102605 
0.473000 1.115402 
0.474000 1.128097 
0.475000 1.140688 
0.476000 1.153176 
0.477000 1.165562 
0.478000 1.177846 
0.479000 1.190029 
0.480000 1.202110 
0.481000 1.214090 
0.482000 1.225970 
0.483000 1.237749 
0.484000 1.249428 
0.485000 1.261008 
0.486000 1.272489 
0.487000 1.283871 
0.488000 1.295154 
0.489000 1.306340 
0.490000 1.317428 
0.491000 1.328419 
0.492000 1.339313 
0.493000 1.350110 
0.494000 1.360811 
0.495000 1.371417 
0.496000 1.381928 
0.497000 1.392343 
0.498000 1.402664 
0.499000 1.412891 
0.500000 1.423024 
0.501000 1.433064 
0.502000 1.443011 
0.503000 1.452865 
0.504000 1.462627 
0.505000 1.472298 
0.506000 1.481877 
0.507000 1.491365 
0.508000 1.500763 
0.509000 1.510070 
0.510000 1.519288 
0.511000 1.528417 
0.512000 1.537457 
0.513000 1.546408 
0.514000 1.555271 
0.515000 1.564046 
0.516000 1.572734 
0.517000 1.581335 
0.518000 1.589849 
0.519000 1.598278 
0.520000 1.606620 
0.521000 1.614877 
0.522000 1.623050 
0.523000 1.631137 
0.524000 1.639141 
0.525000 1.647061 
0.526000 1.654897 
0.527000 1.662651 
0.528000 1.670322 
0.529000 1.677910 
0.530000 1.685417 
0.531000 1.692843 
0.532000 1.700187 
0.533000 1.707451 
0.534000 1.714635 
0.535000 1.721738 
0.536000 1.728762 
0.537000 1.735707 
0.538000 1.742574 
0.539000 1.749361 
0.540000 1.756071 
0.541000 1.762704 
0.542000 1.769258 
0.543000 1.775737 
0.544000 1.782138 
0.545000 1.788464 
0.546000 1.794713 
0.547000 1.800887 
0.548000 1.806987 
0.549000 1.813011 
0.550000 1.818961 
0.551000 1.824837 
0.552000 1.830640 
0.553000 1.836369 
0.554000 1.842025 
0.555000 1.847609 
0.556000 1.853121 
0.557000 1.858560 
0.558000 1.863929 
0.559000 1.869225 
0.560000 1.874451 
0.561000 1.879607 
0.562000 1.884692 
0.563000 1.889708 
0.564000 1.894654 
0.565000 1.899531 
0.566000 1.904339 
0.567000 1.909078 
0.568000 1.913750 
0.569000 1.918353 
0.570000 1.922889 
0.571000 1.927358 
0.572000 1.931759 
0.573000 1.936094 
0.574000 1.940363 
0.575000 1.944566 
0.576000 1.948703 
0.577000 1.952775 
0.578000 1.956782 
0.579000 1.960724 
0.580000 1.964602 
0.581000 1.968415 
0.582000 1.972165 
0.583000 1.975851 
0.584000 1.979473 
0.585000 1.983033 
0.586000 1.986530 
0.587000 1.989965 
0.588000 1.993338 
0.589000 1.996649 
0.590000 1.999898 
0.591000 2.003086 
0.592000 2.006213 
0.593000 2.009279 
0.594000 2.012285 
0.595000 2.015231 
0.596000 2.018117 
0.597000 2.020943 
0.598000 2.023710 
0.599000 2.026417 
0.600000 2.029066 
0.601000 2.031657 
0.602000 2.034189 
0.603000 2.036663 
0.604000 2.039079 
0.605000 2.041437 
0.606000 2.043739 
0.607000 2.045983 
0.608000 2.048170 
0.609000 2.050301 
0.610000 2.052376 
0.611000 2.054394 
0.612000 2.056357 
0.613000 2.058264 
0.614000 2.060116 
0.615000 2.061912 
0.616000 2.063654 
0.617000 2.065341 
0.618000 2.066973 
0.619000 2.068551 
0.620000 2.070076 
0.621000 2.071546 
0.622000 2.072963 
0.623000 2.074326 
0.624000 2.075637 
0.625000 2.076894 
0.626000 2.078099 
0.627000 2.079252 
0.628000 2.080352 
0.629000 2.081400 
0.630000 2.082396 
0.631000 2.083340 
0.632000 2.084233 
0.633000 2.085075 
0.634000 2.085865 
0.635000 2.086605 
0.636000 2.087294 
0.637000 2.087933 
0.638000 2.088521 
0.639000 2.089060 
0.640000 2.089548 
0.641000 2.089987 
0.642000 2.090376 
0.643000 2.090716 
0.644000 2.091006 
0.645000 2.091248 
0.646000 2.091441 
0.647000 2.091585 
0.648000 2.091680 
0.649000 2.091728 
0.650000 2.091727 
0.651000 2.091678 
0.652000 2.091582 
0.653000 2.091438 
0.654000 2.091246 
0.655000 2.091008 
0.656000 2.090722 
0.657000 2.090389 
0.658000 2.090009 
0.659000 2.089583 
0.660000 2.089110 
0.661000 2.088591 
0.662000 2.088026 
0.663000 2.087414 
0.664000 2.086757 
0.665000 2.086054 
0.666000 2.085305 
0.667000 2.084511 
0.668000 2.083672 
0.669000 2.082788 
0.670000 2.081858 
0.671000 2.080884 
0.672000 2.079865 
0.673000 2.078801 
0.674000 2.077693 
0.675000 2.076541 
0.676000 2.075344 
0.677000 2.074103 
0.678000 2.072818 
0.679000 2.071490 
0.680000 2.070118 
0.681000 2.068702 
0.682000 2.067243 
0.683000 2.065740 
0.684000 2.064195 
0.685000 2.062606 
0.686000 2.060974 
0.687000 2.059299 
0.688000 2.057582 
0.689000 2.055822 
0.690000 2.054020 
0.691000 2.052175 
0.692000 2.050288 
0.693000 2.048359 
0.694000 2.046387 
0.695000 2.044374 
0.696000 2.042319 
0.697000 2.040222 
0.698000 2.038084 
0.699000 2.035903 
0.700000 2.033682 
0.701000 2.031419 
0.702000 2.029115 
0.703000 2.026770 
0.704000 2.024384 
0.705000 2.021956 
0.706000 2.019488 
0.707000 2.016979 
0.708000 2.014430 
0.709000 2.011839 
0.710000 2.009209 
0.711000 2.006538 
0.712000 2.003826 
0.713000 2.001074 
0.714000 1.998283 
0.715000 1.995451 
0.716000 1.992579 
0.717000 1.989667 
0.718000 1.986715 
0.719000 1.983723 
0.720000 1.980692 
0.721000 1.977621 
0.722000 1.974511 
0.723000 1.971361 
0.724000 1.968172 
0.725000 1.964943 
0.726000 1.961675 
0.727000 1.958368 
0.728000 1.955022 
0.729000 1.951636 
0.730000 1.948212 
0.731000 1.944749 
0.732000 1.941247 
0.733000 1.937706 
0.734000 1.934126 
0.735000 1.930508 
0.736000 1.926851 
0.737000 1.923155 
0.738000 1.919421 
0.739000 1.915648 
0.740000 1.911837 
0.741000 1.907988 
0.742000 1.904100 
0.743000 1.900175 
0.744000 1.896210 
0.745000 1.892208 
0.746000 1.888168 
0.747000 1.884090 
0.748000 1.879973 
0.749000 1.875819 
0.750000 1.871626 
0.751000 1.867396 
0.752000 1.863128 
0.753000 1.858823 
0.754000 1.854479 
0.755000 1.850098 
0.756000 1.845679 
0.757000 1.841222 
0.758000 1.836728 
0.759000 1.832196 
0.760000 1.827627 
0.761000 1.823020 
0.762000 1.818376 
0.763000 1.813695 
0.764000 1.808976 
0.765000 1.804219 
0.766000 1.799425 
0.767000 1.794593 
0.768000 1.789725 
0.769000 1.784819 
0.770000 1.779877 
0.771000 1.774897 
0.772000 1.769879 
0.773000 1.764825 
0.774000 1.759734 
0.775000 1.754605 
0.776000 1.749439 
0.777000 1.744237 
0.778000 1.738997 
0.779000 1.733720 
0.780000 1.728406 
0.781000 1.723055 
0.782000 1.717667 
0.783000 1.712243 
0.784000 1.706781 
0.785000 1.701282 
0.786000 1.695746 
0.787000 1.690174 
0.788000 1.684564 
0.789000 1.678918 
0.790000 1.673235 
0.791000 1.667515 
0.792000 1.661758 
0.793000 1.655964 
0.794000 1.650133 
0.795000 1.644265 
0.796000 1.638361 
0.797000 1.632420 
0.798000 1.626442 
0.799000 1.620427 
0.800000 1.614375 
0.801000 1.608286 
0.802000 1.602161 
0.803000 1.595998 
0.804000 1.589799 
0.805000 1.583563 
0.806000 1.577290 
0.807000 1.570981 
0.808000 1.564634 
0.809000 1.558250 
0.810000 1.551830 
0.811000 1.545373 
0.812000 1.538879 
0.813000 1.532348 
0.814000 1.525780 
0.815000 1.519175 
0.816000 1.512534 
0.817000 1.505855 
0.818000 1.499140 
0.819000 1.492387 
0.820000 1.485598 
0.821000 1.478771 
0.822000 1.471908 
0.823000 1.465007 
0.824000 1.458070 
0.825000 1.451095 
0.826000 1.444084 
0.827000 1.437035 
0.828000 1.429949 
0.829000 1.422827 
0.830000 1.415667 
0.831000 1.408470 
0.832000 1.401235 
0.833000 1.393964 
0.834000 1.386655 
0.835000 1.379309 
0.836000 1.371926 
0.837000 1.364506 
0.838000 1.357048 
0.839000 1.349553 
0.840000 1.342021 
0.841000 1.334451 
0.842000 1.326844 
0.843000 1.319199 
0.844000 1.311517 
0.845000 1.303798 
0.846000 1.296041 
0.847000 1.288246 
0.848000 1.280414 
0.849000 1.272544 
0.850000 1.264637 
0.851000 1.256692 
0.852000 1.248709 
0.853000 1.240688 
0.854000 1.232630 
0.855000 1.224534 
0.856000 1.216400 
0.857000 1.208229 
0.858000 1.200019 
0.859000 1.191772 
0.860000 1.183486 
0.861000 1.175163 
0.862000 1.166801 
0.863000 1.158402 
0.864000 1.149964 
0.865000 1.141488 
0.866000 1.132974 
0.867000 1.124422 
0.868000 1.115832 
0.869000 1.107203 
0.870000 1.098536 
0.871000 1.089831 
0.872000 1.081087 
0.873000 1.072305 
0.874000 1.063484 
0.875000 1.054625 
0.876000 1.045727 
0.877000 1.036791 
0.878000 1.027816 
0.879000 1.018802 
0.880000 1.009749 
0.881000 1.000658 
0.882000 0.991528 
0.883000 0.982359 
0.884000 0.973151 
0.885000 0.963905 
0.886000 0.954619 
0.887000 0.945294 
0.888000 0.935930 
0.889000 0.926527 
0.890000 0.917085 
0.891000 0.907604 
0.892000 0.898084 
0.893000 0.888524 
0.894000 0.878925 
0.895000 0.869286 
0.896000 0.859608 
0.897000 0.849891 
0.898000 0.840134 
0.899000 0.830337 
0.900000 0.820501 
0.901000 0.810626 
0.902000 0.800710 
0.903000 0.790755 
0.904000 0.780760 
0.905000 0.770725 
0.906000 0.760651 
0.907000 0.750536 
0.908000 0.740382 
0.909000 0.730188 
0.910000 0.719953 
0.911000 0.709679 
0.912000 0.699364 
0.913000 0.689009 
0.914000 0.678614 
0.915000 0.668179 
0.916000 0.657703 
0.917000 0.647187 
0.918000 0.636631 
0.919000 0.626035 
0.920000 0.615397 
0.921000 0.604720 
0.922000 0.594002 
0.923000 0.583243 
0.924000 0.572444 
0.925000 0.561604 
0.926000 0.550723 
0.927000 0.539802 
0.928000 0.528839 
0.929000 0.517836 
0.930000 0.506793 
0.931000 0.495708 
0.932000 0.484582 
0.933000 0.473416 
0.934000 0.462208 
0.935000 0.450960 
0.936000 0.439670 
0.937000 0.428339 
0.938000 0.416968 
0.939000 0.405555 
0.940000 0.394101 
0.941000 0.382606 
0.942000 0.371069 
0.943000 0.359491 
0.944000 0.347872 
0.945000 0.336212 
0.946000 0.324511 
0.947000 0.312768 
0.948000 0.300984 
0.949000 0.289158 
0.950000 0.277291 
0.951000 0.265382 
0.952000 0.253432 
0.953000 0.241441 
0.954000 0.229408 
0.955000 0.217334 
0.956000 0.205218 
0.957000 0.193061 
0.958000 0.180862 
0.959000 0.168622 
0.960000 0.156340 
0.961000 0.144017 
0.962000 0.131652 
0.963000 0.119246 
0.964000 0.106798 
0.965000 0.094309 
0.966000 0.081778 
0.967000 0.069206 
0.968000 0.056592 
0.969000 0.043937 
0.970000 0.031240 
0.971000 0.018502 
0.972000 0.005722 
0.973000 -0.007099 
0.974000 -0.019961 
0.975000 -0.032865 
0.976000 -0.045810 
0.977000 -0.058796 
0.978000 -0.071824 
0.979000 -0.084893 
0.980000 -0.098003 
0.981000 -0.111154 
0.982000 -0.124347 
0.983000 -0.137580 
0.984000 -0.150855 
0.985000 -0.164170 
0.986000 -0.177527 
0.987000 -0.190924 
0.988000 -0.204362 
0.989000 -0.217841 
0.990000 -0.231360 
0.991000 -0.244920 
0.992000 -0.258521 
0.993000 -0.272162 
0.994000 -0.285844 
0.995000 -0.299565 
0.996000 -0.313327 
0.997000 -0.327130 
0.998000 -0.340972 
0.999000 -0.354854 
1.000000 -0.368776 
1.001000 -0.382737 
1.002000 -0.396738 
1.003000 -0.410779 
1.004000 -0.424859 
1.005000 -0.438978 
1.006000 -0.453137 
1.007000 -0.467334 
1.008000 -0.481570 
1.009000 -0.495845 
1.010000 -0.510159 
1.011000 -0.524510 
1.012000 -0.538900 
1.013000 -0.553329 
1.014000 -0.567795 
1.015000 -0.582298 
1.016000 -0.596840 
1.017000 -0.611418 
1.018000 -0.626034 
1.019000 -0.640687 
1.020000 -0.655377 
1.021000 -0.670103 
1.022000 -0.684865 
1.023000 -0.699664 
1.024000 -0.714498 
1.025000 -0.729368 
1.026000 -0.744274 
1.027000 -0.759215 
1.028000 -0.774190 
1.029000 -0.789201 
1.030000 -0.804245 
1.031000 -0.819324 
1.032000 -0.834437 
1.033000 -0.849583 
1.034000 -0.864762 
1.035000 -0.879974 
1.036000 -0.895219 
1.037000 -0.910496 
1.038000 -0.925805 
1.039000 -0.941146 
1.040000 -0.956517 
1.041000 -0.971920 
1.042000 -0.987353 
1.043000 -1.002817 
1.044000 -1.018310 
1.045000 -1.033832 
1.046000 -1.049384 
1.047000 -1.064964 
1.048000 -1.080572 
1.049000 -1.096207 
1.050000 -1.111870 
1.051000 -1.127560 
1.052000 -1.143276 
1.053000 -1.159018 
1.054000 -1.174785 
1.055000 -1.190577 
1.056000 -1.206393 
1.057000 -1.222234 
1.058000 -1.238097 
1.059000 -1.253983 
1.060000 -1.269891 
1.061000 -1.285821 
1.062000 -1.301772 
1.063000 -1.317744 
1.064000 -1.333735 
1.065000 -1.349745 
1.066000 -1.365774 
1.067000 -1.381821 
1.068000 -1.397885 
1.069000 -1.413965 
1.070000 -1.430062 
1.071000 -1.446173 
1.072000 -1.462300 
1.073000 -1.478439 
1.074000 -1.494592 
1.075000 -1.510757 
1.076000 -1.526934 
1.077000 -1.543121 
1.078000 -1.559318 
1.079000 -1.575524 
1.080000 -1.591738 
1.081000 -1.607960 
1.082000 -1.624188 
1.083000 -1.640422 
1.084000 -1.656660 
1.085000 -1.672902 
1.086000 -1.689147 
1.087000 -1.705394 
1.088000 -1.721641 
1.089000 -1.737889 
1.090000 -1.754135 
1.091000 -1.770379 
1.092000 -1.786620 
1.093000 -1.802857 
1.094000 -1.819088 
1.095000 -1.835313 
1.096000 -1.851530 
1.097000 -1.867739 
1.098000 -1.883937 
1.099000 -1.900125 
1.100000 -1.916300 
1.101000 -1.932462 
1.102000 -1.948609 
1.103000 -1.964741 
1.104000 -1.980854 
1.105000 -1.996950 
1.106000 -2.013025 
1.107000 -2.029079 
1.108000 -2.045111 
1.109000 -2.061118 
1.110000 -2.077100 
1.111000 -2.093056 
1.112000 -2.108983 
1.113000 -2.124880 
1.114000 -2.140746 
1.115000 -2.156579 
1.116000 -2.172377 
1.117000 -2.188140 
1.118000 -2.203865 
1.119000 -2.219552 
1.120000 -2.235197 
1.121000 -2.250800 
1.122000 -2.266359 
1.123000 -2.281872 
1.124000 -2.297337 
1.125000 -2.312753 
1.126000 -2.328119 
1.127000 -2.343431 
1.128000 -2.358689 
1.129000 -2.373890 
1.130000 -2.389032 
1.131000 -2.404115 
1.132000 -2.419135 
1.133000 -2.434091 
1.134000 -2.448981 
1.135000 -2.463803 
1.136000 -2.478555 
1.137000 -2.493234 
1.138000 -2.507840 
1.139000 -2.522369 
1.140000 -2.536820 
1.141000 -2.551191 
1.142000 -2.565478 
1.143000 -2.579681 
1.144000 -2.593797 
1.145000 -2.607824 
1.146000 -2.621760 
1.147000 -2.635602 
1.148000 -2.649347 
1.149000 -2.662995 
1.150000 -2.676542 
1.151000 -2.689986 
1.152000 -2.703325 
1.153000 -2.716557 
1.154000 -2.729678 
1.155000 -2.742687 
1.156000 -2.755581 
1.157000 -2.768358 
1.158000 -2.781015 
1.159000 -2.793550 
1.160000 -2.805960 
1.161000 -2.818243 
1.162000 -2.830397 
1.163000 -2.842418 
1.164000 -2.854304 
1.165000 -2.866052 
1.166000 -2.877661 
1.167000 -2.889127 
1.168000 -2.900448 
1.169000 -2.911622 
1.170000 -2.922644 
1.171000 -2.933514 
1.172000 -2.944228 
1.173000 -2.954784 
1.174000 -2.965179 
1.175000 -2.975410 
1.176000 -2.985475 
1.177000 -2.995371 
1.178000 -3.005096 
1.179000 -3.014646 
1.180000 -3.024019 
1.181000 -3.033213 
1.182000 -3.042224 
1.183000 -3.051051 
1.184000 -3.059690 
1.185000 -3.068139 
1.186000 -3.076395 
1.187000 -3.084455 
1.188000 -3.092318 
1.189000 -3.099979 
1.190000 -3.107438 
1.191000 -3.114690 
1.192000 -3.121734 
1.193000 -3.128567 
1.194000 -3.135186 
1.195000 -3.141590 
1.196000 -3.147774 
1.197000 -3.153738 
1.198000 -3.159478 
1.199000 -3.164991 
1.200000 -3.170277 
1.201000 -3.175332 
1.202000 -3.180153 
1.203000 -3.184739 
1.204000 -3.189087 
1.205000 -3.193196 
1.206000 -3.197062 
1.207000 -3.200683 
1.208000 -3.204058 
1.209000 -3.207184 
1.210000 -3.210059 
1.211000 -3.212682 
1.212000 -3.215049 
1.213000 -3.217160 
1.214000 -3.219012 
1.215000 -3.220604 
1.216000 -3.221933 
1.217000 -3.222998 
1.218000 -3.223797 
1.219000 -3.224329 
1.220000 -3.224592 
1.221000 -3.224584 
1.222000 -3.224304 
1.223000 -3.223751 
1.224000 -3.222922 
1.225000 -3.221818 
1.226000 -3.220436 
1.227000 -3.218776 
1.228000 -3.216836 
1.229000 -3.214616 
1.230000 -3.212113 
1.231000 -3.209329 
1.232000 -3.206260 
1.233000 -3.202908 
1.234000 -3.199271 
1.235000 -3.195349 
1.236000 -3.191140 
1.237000 -3.186645 
1.238000 -3.181863 
1.239000 -3.176795 
1.240000 -3.171438 
1.241000 -3.165795 
1.242000 -3.159863 
1.243000 -3.153645 
1.244000 -3.147138 
1.245000 -3.140345 
1.246000 -3.133264 
1.247000 -3.125896 
1.248000 -3.118243 
1.249000 -3.110303 
1.250000 -3.102078 
1.251000 -3.093568 
1.252000 -3.084775 
1.253000 -3.075698 
1.254000 -3.066340 
1.255000 -3.056700 
1.256000 -3.046780 
1.257000 -3.036581 
1.258000 -3.026104 
1.259000 -3.015351 
1.260000 -3.004323 
1.261000 -2.993021 
1.262000 -2.981447 
1.263000 -2.969603 
1.264000 -2.957490 
1.265000 -2.945110 
1.266000 -2.932465 
1.267000 -2.919554 
1.268000 -2.906385 
1.269000 -2.892957 
1.270000 -2.879272 
1.271000 -2.865332 
1.272000 -2.851139 
1.273000 -2.836697 
1.274000 -2.822007 
1.275000 -2.807072 
1.276000 -2.791894 
1.277000 -2.776477 
1.278000 -2.760822 
1.279000 -2.744933 
1.280000 -2.728812 
1.281000 -2.712463 
1.282000 -2.695887 
1.283000 -2.679089 
1.284000 -2.662070 
1.285000 -2.644835 
1.286000 -2.627387 
1.287000 -2.609727 
1.288000 -2.591861 
1.289000 -2.573790 
1.290000 -2.555519 
1.291000 -2.537051 
1.292000 -2.518388 
1.293000 -2.499535 
1.294000 -2.480495 
1.295000 -2.461272 
1.296000 -2.441868 
1.297000 -2.422288 
1.298000 -2.402535 
1.299000 -2.382613 
1.300000 -2.362525 
1.301000 -2.342275 
1.302000 -2.321867 
1.303000 -2.301304 
1.304000 -2.280590 
1.305000 -2.259728 
1.306000 -2.238724 
1.307000 -2.217579 
1.308000 -2.196299 
1.309000 -2.174886 
1.310000 -2.153345 
1.311000 -2.131678 
1.312000 -2.109891 
1.313000 -2.087987 
1.314000 -2.065969 
1.315000 -2.043842 
1.316000 -2.021608 
1.317000 -1.999273 
1.318000 -1.976839 
1.319000 -1.954310 
1.320000 -1.931690 
1.321000 -1.908982 
1.322000 -1.886191 
1.323000 -1.863320 
1.324000 -1.840373 
1.325000 -1.817353 
1.326000 -1.794264 
1.327000 -1.771109 
1.328000 -1.747893 
1.329000 -1.724618 
1.330000 -1.701288 
1.331000 -1.677906 
1.332000 -1.654477 
1.333000 -1.631003 
1.334000 -1.607488 
1.335000 -1.583936 
1.336000 -1.560349 
1.337000 -1.536730 
1.338000 -1.513084 
1.339000 -1.489414 
1.340000 -1.465722 
1.341000 -1.442012 
1.342000 -1.418287 
1.343000 -1.394550 
1.344000 -1.370804 
1.345000 -1.347052 
1.346000 -1.323297 
1.347000 -1.299542 
1.348000 -1.275790 
1.349000 -1.252044 
1.350000 -1.228307 
1.351000 -1.204581 
1.352000 -1.180869 
1.353000 -1.157174 
1.354000 -1.133499 
1.355000 -1.109846 
1.356000 -1.086217 
1.357000 -1.062616 
1.358000 -1.039044 
1.359000 -1.015505 
1.360000 -0.992000 
1.361000 -0.968532 
1.362000 -0.945103 
1.363000 -0.921716 
1.364000 -0.898372 
1.365000 -0.875074 
1.366000 -0.851825 
1.367000 -0.828626 
1.368000 -0.805478 
1.369000 -0.782386 
1.370000 -0.759349 
1.371000 -0.736370 
1.372000 -0.713452 
1.373000 -0.690595 
1.374000 -0.667802 
1.375000 -0.645075 
1.376000 -0.622414 
1.377000 -0.599823 
1.378000 -0.577302 
1.379000 -0.554853 
1.380000 -0.532477 
1.381000 -0.510177 
1.382000 -0.487954 
1.383000 -0.465809 
1.384000 -0.443743 
1.385000 -0.421758 
1.386000 -0.399855 
1.387000 -0.378036 
1.388000 -0.356301 
1.389000 -0.334653 
1.390000 -0.313091 
1.391000 -0.291618 
1.392000 -0.270235 
1.393000 -0.248941 
1.394000 -0.227740 
1.395000 -0.206631 
1.396000 -0.185615 
1.397000 -0.164694 
1.398000 -0.143868 
1.399000 -0.123139 
1.400000 -0.102507 
1.401000 -0.081972 
1.402000 -0.061536 
1.403000 -0.041200 
1.404000 -0.020964 
1.405000 -0.000829 
1.406000 0.019205 
1.407000 0.039136 
1.408000 0.058965 
1.409000 0.078690 
1.410000 0.098311 
1.411000 0.117828 
1.412000 0.137240 
1.413000 0.156546 
1.414000 0.175747 
1.415000 0.194841 
1.416000 0.213828 
1.417000 0.232708 
1.418000 0.251480 
1.419000 0.270145 
1.420000 0.288701 
1.421000 0.307149 
1.422000 0.325489 
1.423000 0.343719 
1.424000 0.361840 
1.425000 0.379851 
1.426000 0.397753 
1.427000 0.415545 
1.428000 0.433227 
1.429000 0.450799 
1.430000 0.468261 
1.431000 0.485612 
1.432000 0.502853 
1.433000 0.519983 
1.434000 0.537003 
1.435000 0.553912 
1.436000 0.570710 
1.437000 0.587398 
1.438000 0.603975 
1.439000 0.620442 
1.440000 0.636798 
1.441000 0.653043 
1.442000 0.669178 
1.443000 0.685202 
1.444000 0.701117 
1.445000 0.716921 
1.446000 0.732614 
1.447000 0.748198 
1.448000 0.763672 
1.449000 0.779037 
1.450000 0.794291 
1.451000 0.809437 
1.452000 0.824473 
1.453000 0.839400 
1.454000 0.854218 
1.455000 0.868928 
1.456000 0.883529 
1.457000 0.898022 
1.458000 0.912407 
1.459000 0.926684 
1.460000 0.940854 
1.461000 0.954916 
1.462000 0.968872 
1.463000 0.982721 
1.464000 0.996463 
1.465000 1.010099 
1.466000 1.023630 
1.467000 1.037054 
1.468000 1.050374 
1.469000 1.063588 
1.470000 1.076698 
1.471000 1.089703 
1.472000 1.102605 
1.473000 1.115402 
1.474000 1.128097 
1.475000 1.140688 
1.476000 1.153176 
1.477000 1.165562 
1.478000 1.177846 
1.479000 1.190029 
1.480000 1.202110 
1.481000 1.214090 
1.482000 1.225970 
1.483000 1.237749 
1.484000 1.249428 
1.485000 1.261008 
1.486000 1.272489 
1.487000 1.283871 
1.488000 1.295154 
1.489000 1.306340 
1.490000 1.317428 
1.491000 1.328419 
1.492000 1.339313 
1.493000 1.350110 
1.494000 1.360811 
1.495000 1.371417 
1.496000 1.381928 
1.497000 1.392343 
1.498000 1.402664 
1.499000 1.412891 
