# time Tc_folded Tref_folded model model_err 
59318.650141 0.000000 0.000000     0.000135     0.844515 
59318.687751 0.000000 0.000000     0.000031     0.844515 
59318.725361 0.000000 0.000000     0.000006     0.844515 
59318.762971 0.000000 0.000000     0.000001     0.844515 
59318.800582 0.000000 0.000000     0.000000     0.844515 
59318.838192 0.000000 0.000000     0.000000     0.844515 
59318.875802 0.000000 0.000000     0.000000     0.844515 
59318.913412 0.000000 0.000000     0.000000     0.844515 
59318.951022 0.000000 0.000000     0.000000     0.844515 
59318.988632 0.000000 0.000000     0.000000     0.844515 
59319.026243 0.000000 0.000000     0.000000     0.844515 
59319.063853 0.000000 0.000000     0.000000     0.844515 
59319.101463 0.000000 0.000000     0.000000     0.844515 
59319.139073 0.000000 0.000000     0.000000     0.844515 
59319.176683 0.000000 0.000000     0.000000     0.844515 
59319.214293 0.000000 0.000000     0.000000     0.844515 
59319.251903 0.000000 0.000000     0.000000     0.844515 
59319.289514 0.000000 0.000000     0.000000     0.844515 
59319.327124 0.000000 0.000000     0.000000     0.844515 
59319.364734 0.000000 0.000000     0.000000     0.844515 
59319.402344 0.000000 0.000000     0.000000     0.844515 
59319.439954 0.000000 0.000000     0.000000     0.844515 
59319.477564 0.000000 0.000000     0.000000     0.844515 
59319.515175 0.000000 0.000000     0.000000     0.844515 
59319.552785 0.000000 0.000000     0.000000     0.844515 
59319.590395 0.000000 0.000000     0.000000     0.844515 
59319.628005 0.000000 0.000000     0.000000     0.844515 
59319.665615 0.000000 0.000000     0.000000     0.844515 
59319.703225 0.000000 0.000000     0.000000     0.844515 
59319.740836 0.000000 0.000000     0.000000     0.844515 
59319.778446 0.000000 0.000000     0.000000     0.844515 
59319.816056 0.000000 0.000000     0.000000     0.844515 
59319.853666 0.000000 0.000000     0.000000     0.844515 
59319.891276 0.000000 0.000000     0.000000     0.844515 
59319.928886 0.000000 0.000000     0.000000     0.844515 
59319.966496 0.000000 0.000000     0.000000     0.844515 
59320.004107 0.000000 0.000000     0.000000     0.844515 
59320.041717 0.000000 0.000000     0.000000     0.844515 
59320.079327 0.000000 0.000000     0.000000     0.844515 
59320.116937 0.000000 0.000000     0.000000     0.844515 
59320.154547 0.000000 0.000000     0.000000     0.844515 
59320.192157 0.000000 0.000000     0.000000     0.844515 
59320.229768 0.000000 0.000000     0.000000     0.844515 
59320.267378 0.000000 0.000000     0.000000     0.844515 
59320.304988 0.000000 0.000000     0.000000     0.844515 
59320.342598 0.000000 0.000000     0.000000     0.844515 
59320.380208 0.000000 0.000000     0.000000     0.844515 
59320.417818 0.000000 0.000000     0.000000     0.844515 
59320.455428 0.000000 0.000000     0.000000     0.844515 
59320.493039 0.000000 0.000000     0.000000     0.844515 
59320.530649 0.000000 0.000000     0.000000     0.844515 
59320.568259 0.000000 0.000000     0.000000     0.844515 
59320.605869 0.000000 0.000000     0.000000     0.844515 
59320.643479 0.000000 0.000000     0.000000     0.844515 
59320.681089 0.000000 0.000000     0.000000     0.844515 
59320.718700 0.000000 0.000000     0.000000     0.844515 
59320.756310 0.000000 0.000000     0.000000     0.844515 
59320.793920 0.000000 0.000000     0.000000     0.844515 
59320.831530 0.000000 0.000000     0.000000     0.844515 
59320.869140 0.000000 0.000000     0.000000     0.844515 
59320.906750 0.000000 0.000000     0.000000     0.844515 
59320.944360 0.000000 0.000000     0.000002     0.844515 
59320.981971 0.000000 0.000000     0.000008     0.844515 
59321.019581 0.000000 0.000000     0.000036     0.844515 
59321.057191 0.000000 0.000000     0.000128     0.844515 
59321.094801 0.000000 0.000000     0.000370     0.844512 
59321.132411 0.000000 0.000000     0.000813     0.844475 
59321.170021 0.000000 0.000000     0.001121     0.844197 
59321.207632 0.000000 0.000000    -0.000265     0.842607 
59321.245242 0.000000 0.000000    -0.007139     0.835892 
59321.282852 0.000000 0.000000    -0.025423     0.814612 
59321.320462 0.000000 0.000000    -0.060169     0.762522 
59321.358072 0.000000 0.000000    -0.109956     0.660110 
59321.395682 0.000000 0.000000    -0.162966     0.500553 
59321.433293 0.000000 0.000000    -0.200308     0.452113 
59321.470903 0.000000 0.000000    -0.206657     0.614555 
59321.508513 0.000000 0.000000    -0.180265     0.736232 
59321.546123 0.000000 0.000000    -0.133578     0.802251 
59321.583733 0.000000 0.000000    -0.084360     0.831312 
59321.621343 0.000000 0.000000    -0.045514     0.841321 
59321.658953 0.000000 0.000000    -0.021015     0.843929 
59321.696564 0.000000 0.000000    -0.008316     0.844434 
59321.734174 0.000000 0.000000    -0.002825     0.844507 
59321.771784 0.000000 0.000000    -0.000834     0.844515 
59321.809394 0.000000 0.000000    -0.000268     0.844515 
59321.847004 0.000000 0.000000    -0.000348     0.844515 
59321.884614 0.000000 0.000000    -0.001292     0.844515 
59321.922225 0.000000 0.000000    -0.004693     0.844509 
59321.959835 0.000000 0.000000    -0.014788     0.844456 
59321.997445 0.000000 0.000000    -0.040202     0.844067 
59322.035055 0.000000 0.000000    -0.094255     0.841956 
59322.072665 0.000000 0.000000    -0.190560     0.833475 
59322.110275 0.000000 0.000000    -0.332186     0.807835 
59322.147885 0.000000 0.000000    -0.499248     0.747610 
59322.185496 0.000000 0.000000    -0.646850     0.633411 
59322.223106 0.000000 0.000000    -0.722466     0.469088 
59322.260716 0.000000 0.000000    -0.695560     0.480720 
59322.298326 0.000000 0.000000    -0.577218     0.644111 
59322.335936 0.000000 0.000000    -0.412875     0.753727 
59322.373546 0.000000 0.000000    -0.254545     0.810675 
59322.411157 0.000000 0.000000    -0.135262     0.834508 
59322.448767 0.000000 0.000000    -0.061951     0.842239 
59322.486377 0.000000 0.000000    -0.024456     0.844124 
59322.523987 0.000000 0.000000    -0.008322     0.844465 
59322.561597 0.000000 0.000000    -0.002441     0.844510 
59322.599207 0.000000 0.000000    -0.000617     0.844515 
59322.636817 0.000000 0.000000    -0.000134     0.844515 
59322.674428 0.000000 0.000000    -0.000025     0.844515 
59322.712038 0.000000 0.000000    -0.000004     0.844515 
59322.749648 0.000000 0.000000    -0.000001     0.844515 
59322.787258 0.000000 0.000000    -0.000000     0.844515 
59322.824868 0.000000 0.000000     0.000000     0.844515 
59322.862478 0.000000 0.000000     0.000001     0.844515 
59322.900089 0.000000 0.000000     0.000007     0.844515 
59322.937699 0.000000 0.000000     0.000036     0.844515 
59322.975309 0.000000 0.000000     0.000155     0.844515 
59323.012919 0.000000 0.000000     0.000568     0.844514 
59323.050529 0.000000 0.000000     0.001741     0.844503 
59323.088139 0.000000 0.000000     0.004391     0.844405 
59323.125750 0.000000 0.000000     0.008813     0.843762 
59323.163360 0.000000 0.000000     0.012975     0.840650 
59323.200970 0.000000 0.000000     0.009878     0.829437 
59323.238580 0.000000 0.000000    -0.012848     0.798670 
59323.276190 0.000000 0.000000    -0.067088     0.731969 
59323.313800 0.000000 0.000000    -0.152532     0.613419 
59323.351410 0.000000 0.000000    -0.248216     0.457099 
59323.389021 0.000000 0.000000    -0.318795     0.487491 
59323.426631 0.000000 0.000000    -0.335270     0.642763 
59323.464241 0.000000 0.000000    -0.293940     0.749048 
59323.501851 0.000000 0.000000    -0.217014     0.806780 
59323.539461 0.000000 0.000000    -0.135771     0.832499 
59323.577071 0.000000 0.000000    -0.072282     0.841534 
59323.614682 0.000000 0.000000    -0.032842     0.843952 
59323.652292 0.000000 0.000000    -0.012763     0.844435 
59323.689902 0.000000 0.000000    -0.004249     0.844507 
59323.727512 0.000000 0.000000    -0.001214     0.844515 
59323.765122 0.000000 0.000000    -0.000298     0.844515 
59323.802732 0.000000 0.000000    -0.000063     0.844515 
59323.840342 0.000000 0.000000    -0.000012     0.844515 
59323.877953 0.000000 0.000000    -0.000003     0.844515 
59323.915563 0.000000 0.000000    -0.000008     0.844515 
59323.953173 0.000000 0.000000    -0.000036     0.844515 
59323.990783 0.000000 0.000000    -0.000153     0.844515 
59324.028393 0.000000 0.000000    -0.000556     0.844513 
59324.066003 0.000000 0.000000    -0.001728     0.844485 
59324.103614 0.000000 0.000000    -0.004604     0.844263 
59324.141224 0.000000 0.000000    -0.010494     0.842936 
59324.178834 0.000000 0.000000    -0.020425     0.837098 
59324.216444 0.000000 0.000000    -0.033860     0.817900 
59324.254054 0.000000 0.000000    -0.047640     0.769452 
59324.291664 0.000000 0.000000    -0.056590     0.671848 
59324.329274 0.000000 0.000000    -0.056295     0.514806 
59324.366885 0.000000 0.000000    -0.046256     0.443285 
59324.404495 0.000000 0.000000    -0.030577     0.603767 
59324.442105 0.000000 0.000000    -0.015294     0.730433 
59324.479715 0.000000 0.000000    -0.004678     0.799751 
59324.517325 0.000000 0.000000     0.000461     0.830469 
59324.554935 0.000000 0.000000     0.001781     0.841108 
59324.592546 0.000000 0.000000     0.001422     0.843890 
59324.630156 0.000000 0.000000     0.000767     0.844429 
59324.667766 0.000000 0.000000     0.000322     0.844506 
59324.705376 0.000000 0.000000     0.000112     0.844515 
59324.742986 0.000000 0.000000     0.000050     0.844515 
59324.780596 0.000000 0.000000     0.000107     0.844515 
59324.818207 0.000000 0.000000     0.000461     0.844515 
59324.855817 0.000000 0.000000     0.001823     0.844514 
59324.893427 0.000000 0.000000     0.006238     0.844495 
59324.931037 0.000000 0.000000     0.018418     0.844342 
59324.968647 0.000000 0.000000     0.046914     0.843379 
59325.006257 0.000000 0.000000     0.103077     0.838925 
59325.043867 0.000000 0.000000     0.195333     0.823538 
59325.081478 0.000000 0.000000     0.319234     0.782907 
59325.119088 0.000000 0.000000     0.449921     0.697745 
59325.156698 0.000000 0.000000     0.546806     0.552955 
59325.194308 0.000000 0.000000     0.573038     0.429249 
59325.231918 0.000000 0.000000     0.517815     0.565983 
59325.269528 0.000000 0.000000     0.403462     0.706309 
59325.307139 0.000000 0.000000     0.271061     0.787377 
59325.344749 0.000000 0.000000     0.157027     0.825416 
59325.382359 0.000000 0.000000     0.078439     0.839533 
59325.419969 0.000000 0.000000     0.033788     0.843526 
59325.457579 0.000000 0.000000     0.012551     0.844368 
59325.495189 0.000000 0.000000     0.004021     0.844499 
59325.532799 0.000000 0.000000     0.001111     0.844514 
59325.570410 0.000000 0.000000     0.000265     0.844515 
59325.608020 0.000000 0.000000     0.000054     0.844515 
59325.645630 0.000000 0.000000     0.000010     0.844515 
59325.683240 0.000000 0.000000     0.000001     0.844515 
59325.720850 0.000000 0.000000     0.000000     0.844515 
59325.758460 0.000000 0.000000     0.000000     0.844515 
59325.796071 0.000000 0.000000    -0.000000     0.844515 
59325.833681 0.000000 0.000000    -0.000000     0.844515 
59325.871291 0.000000 0.000000    -0.000001     0.844515 
59325.908901 0.000000 0.000000    -0.000007     0.844515 
59325.946511 0.000000 0.000000    -0.000042     0.844515 
59325.984121 0.000000 0.000000    -0.000219     0.844515 
59326.021731 0.000000 0.000000    -0.000990     0.844515 
59326.059342 0.000000 0.000000    -0.003858     0.844508 
59326.096952 0.000000 0.000000    -0.012950     0.844441 
59326.134562 0.000000 0.000000    -0.037449     0.843969 
59326.172172 0.000000 0.000000    -0.093297     0.841503 
59326.209782 0.000000 0.000000    -0.200256     0.831944 
59326.247392 0.000000 0.000000    -0.370342     0.803932 
59326.285003 0.000000 0.000000    -0.590121     0.739802 
59326.322613 0.000000 0.000000    -0.810251     0.620783 
59326.360223 0.000000 0.000000    -0.958655     0.457680 
59326.397833 0.000000 0.000000    -0.977451     0.493016 
59326.435443 0.000000 0.000000    -0.858909     0.653746 
59326.473053 0.000000 0.000000    -0.650505     0.758756 
59326.510664 0.000000 0.000000    -0.424662     0.812799 
59326.548274 0.000000 0.000000    -0.238982     0.835209 
59326.585884 0.000000 0.000000    -0.115948     0.842413 
59326.623494 0.000000 0.000000    -0.048505     0.844156 
59326.661104 0.000000 0.000000    -0.017498     0.844469 
59326.698714 0.000000 0.000000    -0.005444     0.844511 
59326.736324 0.000000 0.000000    -0.001461     0.844515 
59326.773935 0.000000 0.000000    -0.000336     0.844515 
59326.811545 0.000000 0.000000    -0.000052     0.844515 
59326.849155 0.000000 0.000000     0.000073     0.844515 
59326.886765 0.000000 0.000000     0.000404     0.844515 
59326.924375 0.000000 0.000000     0.001671     0.844514 
59326.961985 0.000000 0.000000     0.005938     0.844506 
59326.999596 0.000000 0.000000     0.018205     0.844426 
59327.037206 0.000000 0.000000     0.048157     0.843880 
59327.074816 0.000000 0.000000     0.109901     0.841125 
59327.112426 0.000000 0.000000     0.216360     0.830760 
59327.150036 0.000000 0.000000     0.367427     0.801142 
59327.187646 0.000000 0.000000     0.538234     0.734665 
59327.225256 0.000000 0.000000     0.680100     0.613202 
59327.262867 0.000000 0.000000     0.741276     0.452136 
59327.300477 0.000000 0.000000     0.696953     0.499236 
59327.338087 0.000000 0.000000     0.565280     0.657905 
59327.375697 0.000000 0.000000     0.395537     0.760672 
59327.413307 0.000000 0.000000     0.238787     0.813506 
59327.450917 0.000000 0.000000     0.124388     0.835411 
59327.488528 0.000000 0.000000     0.055917     0.842456 
59327.526138 0.000000 0.000000     0.021695     0.844163 
59327.563748 0.000000 0.000000     0.007266     0.844470 
59327.601358 0.000000 0.000000     0.002101     0.844511 
59327.638968 0.000000 0.000000     0.000524     0.844515 
59327.676578 0.000000 0.000000     0.000110     0.844515 
59327.714188 0.000000 0.000000    -0.000001     0.844515 
59327.751799 0.000000 0.000000    -0.000121     0.844515 
59327.789409 0.000000 0.000000    -0.000602     0.844515 
59327.827019 0.000000 0.000000    -0.002515     0.844514 
59327.864629 0.000000 0.000000    -0.009059     0.844501 
59327.902239 0.000000 0.000000    -0.028177     0.844388 
59327.939849 0.000000 0.000000    -0.075665     0.843654 
59327.977460 0.000000 0.000000    -0.175410     0.840122 
59328.015070 0.000000 0.000000    -0.351021     0.827449 
59328.052680 0.000000 0.000000    -0.606324     0.792797 
59328.090290 0.000000 0.000000    -0.903954     0.717908 
59328.127900 0.000000 0.000000    -1.163165     0.585929 
59328.165510 0.000000 0.000000    -1.291749     0.435143 
59328.203121 0.000000 0.000000    -1.238089     0.528499 
59328.240731 0.000000 0.000000    -1.024149     0.679583 
59328.278341 0.000000 0.000000    -0.731171     0.772504 
59328.315951 0.000000 0.000000    -0.450539     0.818754 
59328.353561 0.000000 0.000000    -0.239619     0.837230 
59328.391171 0.000000 0.000000    -0.110004     0.842932 
59328.428781 0.000000 0.000000    -0.043594     0.844255 
59328.466392 0.000000 0.000000    -0.014915     0.844483 
59328.504002 0.000000 0.000000    -0.004406     0.844512 
59328.541612 0.000000 0.000000    -0.001124     0.844515 
59328.579222 0.000000 0.000000    -0.000248     0.844515 
59328.616832 0.000000 0.000000    -0.000047     0.844515 
59328.654442 0.000000 0.000000    -0.000008     0.844515 
59328.692053 0.000000 0.000000    -0.000001     0.844515 
59328.729663 0.000000 0.000000    -0.000000     0.844515 
59328.767273 0.000000 0.000000     0.000000     0.844515 
59328.804883 0.000000 0.000000     0.000000     0.844515 
59328.842493 0.000000 0.000000     0.000001     0.844515 
59328.880103 0.000000 0.000000     0.000007     0.844515 
59328.917713 0.000000 0.000000     0.000036     0.844515 
59328.955324 0.000000 0.000000     0.000161     0.844515 
59328.992934 0.000000 0.000000     0.000618     0.844513 
59329.030544 0.000000 0.000000     0.002036     0.844487 
59329.068154 0.000000 0.000000     0.005787     0.844284 
59329.105764 0.000000 0.000000     0.014169     0.843093 
59329.143374 0.000000 0.000000     0.029886     0.837911 
59329.180985 0.000000 0.000000     0.054296     0.820989 
59329.218595 0.000000 0.000000     0.084942     0.778380 
59329.256205 0.000000 0.000000     0.114407     0.692332 
59329.293815 0.000000 0.000000     0.132640     0.550183 
59329.331425 0.000000 0.000000     0.132340     0.429517 
59329.369035 0.000000 0.000000     0.113607     0.557833 
59329.406645 0.000000 0.000000     0.083889     0.697144 
59329.444256 0.000000 0.000000     0.053269     0.780677 
59329.481866 0.000000 0.000000     0.029078     0.821839 
59329.519476 0.000000 0.000000     0.013641     0.838143 
59329.557086 0.000000 0.000000     0.005497     0.843138 
59329.594696 0.000000 0.000000     0.001902     0.844290 
59329.632306 0.000000 0.000000     0.000564     0.844488 
59329.669917 0.000000 0.000000     0.000144     0.844513 
59329.707527 0.000000 0.000000     0.000031     0.844515 
59329.745137 0.000000 0.000000     0.000006     0.844515 
59329.782747 0.000000 0.000000     0.000001     0.844515 
59329.820357 0.000000 0.000000     0.000000     0.844515 
59329.857967 0.000000 0.000000     0.000001     0.844515 
59329.895578 0.000000 0.000000     0.000004     0.844515 
59329.933188 0.000000 0.000000     0.000024     0.844515 
59329.970798 0.000000 0.000000     0.000122     0.844515 
59330.008408 0.000000 0.000000     0.000537     0.844514 
59330.046018 0.000000 0.000000     0.002038     0.844501 
59330.083628 0.000000 0.000000     0.006660     0.844387 
59330.121238 0.000000 0.000000     0.018735     0.843660 
59330.158849 0.000000 0.000000     0.045369     0.840214 
59330.196459 0.000000 0.000000     0.094604     0.827995 
59330.234069 0.000000 0.000000     0.169874     0.794837 
59330.271679 0.000000 0.000000     0.262700     0.723456 
59330.309289 0.000000 0.000000     0.349907     0.597436 
59330.346899 0.000000 0.000000     0.401462     0.442864 
59330.384510 0.000000 0.000000     0.396805     0.510826 
59330.422120 0.000000 0.000000     0.337904     0.664663 
59330.459730 0.000000 0.000000     0.247935     0.763336 
59330.497340 0.000000 0.000000     0.156769     0.814274 
59330.534950 0.000000 0.000000     0.085430     0.835550 
59330.572560 0.000000 0.000000     0.040127     0.842464 
59330.610170 0.000000 0.000000     0.016248     0.844160 
59330.647781 0.000000 0.000000     0.005673     0.844469 
59330.685391 0.000000 0.000000     0.001708     0.844511 
59330.723001 0.000000 0.000000     0.000444     0.844515 
59330.760611 0.000000 0.000000     0.000103     0.844515 
59330.798221 0.000000 0.000000     0.000039     0.844515 
59330.835831 0.000000 0.000000     0.000108     0.844515 
59330.873442 0.000000 0.000000     0.000468     0.844514 
59330.911052 0.000000 0.000000     0.001795     0.844504 
59330.948662 0.000000 0.000000     0.005923     0.844407 
59330.986272 0.000000 0.000000     0.016821     0.843764 
59331.023882 0.000000 0.000000     0.041119     0.840582 
59331.061492 0.000000 0.000000     0.086537     0.828867 
59331.099102 0.000000 0.000000     0.156810     0.796107 
59331.136713 0.000000 0.000000     0.244688     0.724002 
59331.174323 0.000000 0.000000     0.328830     0.594867 
59331.211933 0.000000 0.000000     0.380626     0.439034 
59331.249543 0.000000 0.000000     0.379528     0.520887 
59331.287153 0.000000 0.000000     0.326028     0.674873 
59331.324763 0.000000 0.000000     0.241314     0.770341 
59331.362374 0.000000 0.000000     0.153914     0.817966 
59331.399984 0.000000 0.000000     0.084605     0.837013 
59331.437594 0.000000 0.000000     0.040086     0.842888 
59331.475204 0.000000 0.000000     0.016373     0.844249 
59331.512814 0.000000 0.000000     0.005766     0.844482 
59331.550424 0.000000 0.000000     0.001751     0.844512 
59331.588035 0.000000 0.000000     0.000459     0.844515 
59331.625645 0.000000 0.000000     0.000104     0.844515 
59331.663255 0.000000 0.000000     0.000019     0.844515 
59331.700865 0.000000 0.000000    -0.000002     0.844515 
59331.738475 0.000000 0.000000    -0.000030     0.844515 
59331.776085 0.000000 0.000000    -0.000159     0.844515 
59331.813695 0.000000 0.000000    -0.000709     0.844515 
59331.851306 0.000000 0.000000    -0.002705     0.844514 
59331.888916 0.000000 0.000000    -0.008815     0.844495 
59331.926526 0.000000 0.000000    -0.024416     0.844330 
59331.964136 0.000000 0.000000    -0.057115     0.843272 
59332.001746 0.000000 0.000000    -0.111664     0.838318 
59332.039356 0.000000 0.000000    -0.179042     0.821276 
59332.076967 0.000000 0.000000    -0.226298     0.777416 
59332.114577 0.000000 0.000000    -0.202302     0.690602 
59332.152187 0.000000 0.000000    -0.068877     0.558434 
59332.189797 0.000000 0.000000     0.159141     0.432306 
59332.227407 0.000000 0.000000     0.403696     0.406374 
59332.265017 0.000000 0.000000     0.564912     0.410707 
59332.302627 0.000000 0.000000     0.585672     0.489711 
59332.340238 0.000000 0.000000     0.483724     0.629952 
59332.377848 0.000000 0.000000     0.327234     0.740236 
59332.415458 0.000000 0.000000     0.183462     0.803666 
59332.453068 0.000000 0.000000     0.085554     0.831978 
59332.490678 0.000000 0.000000     0.033105     0.841585 
59332.528288 0.000000 0.000000     0.010528     0.844003 
59332.565899 0.000000 0.000000     0.002692     0.844449 
59332.603509 0.000000 0.000000     0.000524     0.844509 
59332.641119 0.000000 0.000000     0.000065     0.844515 
59332.678729 0.000000 0.000000    -0.000001     0.844515 
59332.716339 0.000000 0.000000    -0.000003     0.844515 
59332.753949 0.000000 0.000000    -0.000001     0.844515 
59332.791559 0.000000 0.000000     0.000001     0.844515 
59332.829170 0.000000 0.000000     0.000006     0.844515 
59332.866780 0.000000 0.000000     0.000036     0.844515 
59332.904390 0.000000 0.000000     0.000194     0.844515 
59332.942000 0.000000 0.000000     0.000902     0.844515 
59332.979610 0.000000 0.000000     0.003607     0.844514 
59333.017220 0.000000 0.000000     0.012426     0.844501 
59333.054831 0.000000 0.000000     0.036837     0.844392 
59333.092441 0.000000 0.000000     0.093930     0.843692 
59333.130051 0.000000 0.000000     0.205912     0.840383 
59333.167661 0.000000 0.000000     0.387840     0.828712 
59333.205271 0.000000 0.000000     0.627210     0.797245 
59333.242881 0.000000 0.000000     0.870154     0.729932 
59333.280492 0.000000 0.000000     1.034555     0.611411 
59333.318102 0.000000 0.000000     1.052738     0.456488 
59333.355712 0.000000 0.000000     0.915301     0.487389 
59333.393322 0.000000 0.000000     0.678430     0.641981 
59333.430932 0.000000 0.000000     0.427348     0.748376 
59333.468542 0.000000 0.000000     0.227727     0.806430 
59333.506152 0.000000 0.000000     0.101945     0.832377 
59333.543763 0.000000 0.000000     0.037896     0.841507 
59333.581373 0.000000 0.000000     0.011450     0.843949 
59333.618983 0.000000 0.000000     0.002684     0.844435 
59333.656593 0.000000 0.000000     0.000425     0.844507 
59333.694203 0.000000 0.000000     0.000012     0.844515 
59333.731813 0.000000 0.000000    -0.000028     0.844515 
59333.769424 0.000000 0.000000    -0.000066     0.844515 
59333.807034 0.000000 0.000000    -0.000291     0.844515 
59333.844644 0.000000 0.000000    -0.001219     0.844514 
59333.882254 0.000000 0.000000    -0.004382     0.844494 
59333.919864 0.000000 0.000000    -0.013409     0.844328 
59333.957474 0.000000 0.000000    -0.034778     0.843280 
59333.995084 0.000000 0.000000    -0.076001     0.838483 
59334.032695 0.000000 0.000000    -0.138613     0.822453 
59334.070305 0.000000 0.000000    -0.207469     0.782533 
59334.107915 0.000000 0.000000    -0.246296     0.706056 
59334.145525 0.000000 0.000000    -0.212411     0.589790 
59334.183135 0.000000 0.000000    -0.089053     0.449296 
59334.220745 0.000000 0.000000     0.090227     0.371220 
59334.258356 0.000000 0.000000     0.253878     0.481602 
59334.295966 0.000000 0.000000     0.337819     0.623461 
59334.333576 0.000000 0.000000     0.325379     0.731696 
59334.371186 0.000000 0.000000     0.248366     0.797581 
59334.408796 0.000000 0.000000     0.155589     0.829173 
59334.446406 0.000000 0.000000     0.081385     0.840703 
59334.484016 0.000000 0.000000     0.035897     0.843811 
59334.521627 0.000000 0.000000     0.013434     0.844419 
59334.559237 0.000000 0.000000     0.004283     0.844506 
59334.596847 0.000000 0.000000     0.001167     0.844515 
59334.634457 0.000000 0.000000     0.000272     0.844515 
59334.672067 0.000000 0.000000     0.000054     0.844515 
59334.709677 0.000000 0.000000     0.000009     0.844515 
59334.747288 0.000000 0.000000     0.000001     0.844515 
59334.784898 0.000000 0.000000    -0.000004     0.844515 
59334.822508 0.000000 0.000000    -0.000028     0.844515 
59334.860118 0.000000 0.000000    -0.000158     0.844515 
59334.897728 0.000000 0.000000    -0.000764     0.844515 
59334.935338 0.000000 0.000000    -0.003179     0.844514 
59334.972949 0.000000 0.000000    -0.011399     0.844500 
59335.010559 0.000000 0.000000    -0.035205     0.844375 
59335.048169 0.000000 0.000000    -0.093587     0.843568 
59335.085779 0.000000 0.000000    -0.213993     0.839810 
59335.123389 0.000000 0.000000    -0.420538     0.827078 
59335.160999 0.000000 0.000000    -0.709580     0.795171 
59335.198609 0.000000 0.000000    -1.026691     0.734240 
59335.236220 0.000000 0.000000    -1.271784     0.641764 
59335.273830 0.000000 0.000000    -1.345789     0.521812 
59335.311440 0.000000 0.000000    -1.212904     0.388564 
59335.349050 0.000000 0.000000    -0.927005     0.428626 
59335.386660 0.000000 0.000000    -0.596883     0.594117 
59335.424270 0.000000 0.000000    -0.320327     0.718644 
59335.461881 0.000000 0.000000    -0.140542     0.792384 
59335.499491 0.000000 0.000000    -0.048406     0.827402 
59335.537101 0.000000 0.000000    -0.011694     0.840218 
59335.574711 0.000000 0.000000    -0.001006     0.843709 
59335.612321 0.000000 0.000000     0.000734     0.844403 
59335.649931 0.000000 0.000000     0.000492     0.844504 
59335.687541 0.000000 0.000000     0.000185     0.844514 
59335.725152 0.000000 0.000000     0.000047     0.844515 
59335.762762 0.000000 0.000000    -0.000019     0.844515 
59335.800372 0.000000 0.000000    -0.000147     0.844515 
59335.837982 0.000000 0.000000    -0.000622     0.844514 
59335.875592 0.000000 0.000000    -0.002232     0.844497 
59335.913202 0.000000 0.000000    -0.006895     0.844357 
59335.950813 0.000000 0.000000    -0.018354     0.843465 
59335.988423 0.000000 0.000000    -0.042094     0.839281 
59336.026033 0.000000 0.000000    -0.083177     0.824650 
59336.063643 0.000000 0.000000    -0.141602     0.785588 
59336.101253 0.000000 0.000000    -0.207694     0.702946 
59336.138863 0.000000 0.000000    -0.262466     0.560815 
59336.176473 0.000000 0.000000    -0.285774     0.427685 
59336.214084 0.000000 0.000000    -0.268092     0.556633 
59336.251694 0.000000 0.000000    -0.216708     0.700162 
59336.289304 0.000000 0.000000    -0.150944     0.784102 
59336.326914 0.000000 0.000000    -0.090601     0.824007 
59336.364524 0.000000 0.000000    -0.046865     0.839066 
59336.402134 0.000000 0.000000    -0.020894     0.843410 
59336.439745 0.000000 0.000000    -0.008029     0.844347 
59336.477355 0.000000 0.000000    -0.002660     0.844496 
59336.514965 0.000000 0.000000    -0.000760     0.844514 
59336.552575 0.000000 0.000000    -0.000187     0.844515 
59336.590185 0.000000 0.000000    -0.000040     0.844515 
59336.627795 0.000000 0.000000    -0.000007     0.844515 
59336.665406 0.000000 0.000000    -0.000001     0.844515 
59336.703016 0.000000 0.000000    -0.000000     0.844515 
59336.740626 0.000000 0.000000    -0.000002     0.844515 
59336.778236 0.000000 0.000000    -0.000014     0.844515 
59336.815846 0.000000 0.000000    -0.000077     0.844515 
59336.853456 0.000000 0.000000    -0.000361     0.844515 
59336.891066 0.000000 0.000000    -0.001450     0.844514 
59336.928677 0.000000 0.000000    -0.005017     0.844503 
59336.966287 0.000000 0.000000    -0.014943     0.844404 
59337.003897 0.000000 0.000000    -0.038290     0.843744 
59337.041507 0.000000 0.000000    -0.084383     0.840502 
59337.079117 0.000000 0.000000    -0.159848     0.828643 
59337.116727 0.000000 0.000000    -0.260128     0.795650 
59337.154338 0.000000 0.000000    -0.363413     0.723308 
59337.191948 0.000000 0.000000    -0.435503     0.594039 
59337.229558 0.000000 0.000000    -0.447222     0.437901 
59337.267168 0.000000 0.000000    -0.393049     0.519608 
59337.304778 0.000000 0.000000    -0.295156     0.673782 
59337.342388 0.000000 0.000000    -0.188967     0.769555 
59337.379998 0.000000 0.000000    -0.102833     0.817528 
59337.417609 0.000000 0.000000    -0.047357     0.836830 
59337.455219 0.000000 0.000000    -0.018332     0.842833 
59337.492829 0.000000 0.000000    -0.005899     0.844237 
59337.530439 0.000000 0.000000    -0.001547     0.844481 
59337.568049 0.000000 0.000000    -0.000316     0.844512 
59337.605659 0.000000 0.000000    -0.000045     0.844515 
59337.643270 0.000000 0.000000    -0.000002     0.844515 
59337.680880 0.000000 0.000000     0.000002     0.844515 
59337.718490 0.000000 0.000000     0.000003     0.844515 
59337.756100 0.000000 0.000000     0.000014     0.844515 
59337.793710 0.000000 0.000000     0.000070     0.844515 
59337.831320 0.000000 0.000000     0.000297     0.844515 
59337.868930 0.000000 0.000000     0.001090     0.844511 
59337.906541 0.000000 0.000000     0.003439     0.844470 
59337.944151 0.000000 0.000000     0.009332     0.844155 
59337.981761 0.000000 0.000000     0.021771     0.842381 
59338.019371 0.000000 0.000000     0.043647     0.834981 
59338.056981 0.000000 0.000000     0.075145     0.811841 
59338.094591 0.000000 0.000000     0.111021     0.755931 
59338.132202 0.000000 0.000000     0.140640     0.647351 
59338.169812 0.000000 0.000000     0.152595     0.483255 
59338.207422 0.000000 0.000000     0.141621     0.465490 
59338.245032 0.000000 0.000000     0.112229     0.631105 
59338.282642 0.000000 0.000000     0.075764     0.746655 
59338.320252 0.000000 0.000000     0.043428     0.807539 
59338.357863 0.000000 0.000000     0.021035     0.833417 
59338.395473 0.000000 0.000000     0.008546     0.841953 
59338.433083 0.000000 0.000000     0.002876     0.844069 
59338.470693 0.000000 0.000000     0.000783     0.844457 
59338.508303 0.000000 0.000000     0.000164     0.844510 
59338.545913 0.000000 0.000000     0.000022     0.844515 
59338.583523 0.000000 0.000000     0.000000     0.844515 
59338.621134 0.000000 0.000000    -0.000001     0.844515 
59338.658744 0.000000 0.000000    -0.000000     0.844515 
59338.696354 0.000000 0.000000    -0.000000     0.844515 
59338.733964 0.000000 0.000000     0.000000     0.844515 
59338.771574 0.000000 0.000000     0.000001     0.844515 
59338.809184 0.000000 0.000000     0.000005     0.844515 
59338.846795 0.000000 0.000000     0.000034     0.844515 
59338.884405 0.000000 0.000000     0.000189     0.844515 
59338.922015 0.000000 0.000000     0.000890     0.844514 
59338.959625 0.000000 0.000000     0.003553     0.844500 
59338.997235 0.000000 0.000000     0.012016     0.844376 
59339.034845 0.000000 0.000000     0.034407     0.843553 
59339.072455 0.000000 0.000000     0.083255     0.839579 
59339.110066 0.000000 0.000000     0.169495     0.825504 
59339.147676 0.000000 0.000000     0.288003     0.788356 
59339.185286 0.000000 0.000000     0.402349     0.713410 
59339.222896 0.000000 0.000000     0.448044     0.597300 
59339.260506 0.000000 0.000000     0.367601     0.478382 
59339.298116 0.000000 0.000000     0.159555     0.453309 
59339.335727 0.000000 0.000000    -0.103653     0.505117 
59339.373337 0.000000 0.000000    -0.315529     0.590733 
59339.410947 0.000000 0.000000    -0.404044     0.690431 
59339.448557 0.000000 0.000000    -0.369843     0.769636 
59339.486167 0.000000 0.000000    -0.267721     0.815789 
59339.523777 0.000000 0.000000    -0.159154     0.836032 
59339.561387 0.000000 0.000000    -0.079137     0.842632 
59339.598998 0.000000 0.000000    -0.033252     0.844205 
59339.636608 0.000000 0.000000    -0.011883     0.844478 
59339.674218 0.000000 0.000000    -0.003626     0.844512 
59339.711828 0.000000 0.000000    -0.000948     0.844515 
59339.749438 0.000000 0.000000    -0.000213     0.844515 
59339.787048 0.000000 0.000000    -0.000041     0.844515 
59339.824659 0.000000 0.000000    -0.000007     0.844515 
59339.862269 0.000000 0.000000    -0.000001     0.844515 
59339.899879 0.000000 0.000000    -0.000000     0.844515 
59339.937489 0.000000 0.000000    -0.000000     0.844515 
59339.975099 0.000000 0.000000    -0.000000     0.844515 
59340.012709 0.000000 0.000000    -0.000000     0.844515 
59340.050320 0.000000 0.000000    -0.000000     0.844515 
59340.087930 0.000000 0.000000    -0.000000     0.844515 
59340.125540 0.000000 0.000000    -0.000000     0.844515 
59340.163150 0.000000 0.000000    -0.000000     0.844515 
59340.200760 0.000000 0.000000    -0.000000     0.844515 
59340.238370 0.000000 0.000000    -0.000000     0.844515 
59340.275980 0.000000 0.000000    -0.000000     0.844515 
59340.313591 0.000000 0.000000     0.000000     0.844515 
59340.351201 0.000000 0.000000     0.000000     0.844515 
59340.388811 0.000000 0.000000     0.000000     0.844515 
59340.426421 0.000000 0.000000     0.000000     0.844515 
59340.464031 0.000000 0.000000     0.000000     0.844515 
59340.501641 0.000000 0.000000     0.000000     0.844515 
59340.539252 0.000000 0.000000     0.000000     0.844515 
59340.576862 0.000000 0.000000     0.000000     0.844515 
59340.614472 0.000000 0.000000     0.000000     0.844515 
59340.652082 0.000000 0.000000     0.000000     0.844515 
59340.689692 0.000000 0.000000     0.000001     0.844515 
59340.727302 0.000000 0.000000     0.000005     0.844515 
59340.764912 0.000000 0.000000     0.000028     0.844515 
59340.802523 0.000000 0.000000     0.000141     0.844515 
59340.840133 0.000000 0.000000     0.000622     0.844515 
59340.877743 0.000000 0.000000     0.002366     0.844513 
59340.915353 0.000000 0.000000     0.007751     0.844488 
59340.952963 0.000000 0.000000     0.021871     0.844291 
59340.990573 0.000000 0.000000     0.053136     0.843113 
59341.028184 0.000000 0.000000     0.111116     0.837911 
59341.065794 0.000000 0.000000     0.199924     0.820664 
59341.103404 0.000000 0.000000     0.309376     0.776644 
59341.141014 0.000000 0.000000     0.411575     0.686789 
59341.178624 0.000000 0.000000     0.470475     0.537885 
59341.216234 0.000000 0.000000     0.461845     0.430610 
59341.253844 0.000000 0.000000     0.389067     0.577059 
59341.291455 0.000000 0.000000     0.281029     0.712742 
59341.329065 0.000000 0.000000     0.173865     0.790327 
59341.366675 0.000000 0.000000     0.092005     0.826495 
59341.404285 0.000000 0.000000     0.041568     0.839836 
59341.441895 0.000000 0.000000     0.015995     0.843590 
59341.479505 0.000000 0.000000     0.005223     0.844378 
59341.517116 0.000000 0.000000     0.001440     0.844500 
59341.554726 0.000000 0.000000     0.000332     0.844514 
59341.592336 0.000000 0.000000     0.000063     0.844515 
59341.629946 0.000000 0.000000     0.000010     0.844515 
59341.667556 0.000000 0.000000     0.000001     0.844515 
59341.705166 0.000000 0.000000     0.000000     0.844515 
59341.742777 0.000000 0.000000     0.000000     0.844515 
59341.780387 0.000000 0.000000     0.000001     0.844515 
59341.817997 0.000000 0.000000     0.000007     0.844515 
59341.855607 0.000000 0.000000     0.000039     0.844515 
59341.893217 0.000000 0.000000     0.000175     0.844511 
59341.930827 0.000000 0.000000     0.000668     0.844472 
59341.968437 0.000000 0.000000     0.002159     0.844167 
59342.006048 0.000000 0.000000     0.005932     0.842443 
59342.043658 0.000000 0.000000     0.013902     0.835219 
59342.081268 0.000000 0.000000     0.027843     0.812531 
59342.118878 0.000000 0.000000     0.047733     0.757494 
59342.156488 0.000000 0.000000     0.070126     0.650227 
59342.194098 0.000000 0.000000     0.088371     0.486781 
59342.231709 0.000000 0.000000     0.095595     0.462245 
59342.269319 0.000000 0.000000     0.088823     0.627729 
59342.306929 0.000000 0.000000     0.070926     0.744639 
59342.344539 0.000000 0.000000     0.048693     0.806562 
59342.382149 0.000000 0.000000     0.028753     0.833045 
59342.419759 0.000000 0.000000     0.014609     0.841846 
59342.457369 0.000000 0.000000     0.006389     0.844046 
59342.494980 0.000000 0.000000     0.002405     0.844454 
59342.532590 0.000000 0.000000     0.000780     0.844509 
59342.570200 0.000000 0.000000     0.000218     0.844515 
59342.607810 0.000000 0.000000     0.000052     0.844515 
59342.645420 0.000000 0.000000     0.000011     0.844515 
59342.683030 0.000000 0.000000     0.000002     0.844515 
59342.720641 0.000000 0.000000     0.000000     0.844515 
59342.758251 0.000000 0.000000     0.000000     0.844515 
59342.795861 0.000000 0.000000     0.000000     0.844515 
59342.833471 0.000000 0.000000     0.000000     0.844515 
59342.871081 0.000000 0.000000     0.000000     0.844515 
59342.908691 0.000000 0.000000     0.000000     0.844515 
59342.946301 0.000000 0.000000     0.000000     0.844515 
59342.983912 0.000000 0.000000     0.000000     0.844515 
59343.021522 0.000000 0.000000     0.000000     0.844515 
59343.059132 0.000000 0.000000     0.000000     0.844515 
59343.096742 0.000000 0.000000     0.000000     0.844515 
59343.134352 0.000000 0.000000     0.000000     0.844515 
59343.171962 0.000000 0.000000     0.000000     0.844515 
59343.209573 0.000000 0.000000     0.000000     0.844515 
59343.247183 0.000000 0.000000     0.000000     0.844515 
59343.284793 0.000000 0.000000     0.000000     0.844515 
59343.322403 0.000000 0.000000     0.000000     0.844515 
59343.360013 0.000000 0.000000     0.000000     0.844515 
59343.397623 0.000000 0.000000     0.000000     0.844515 
59343.435234 0.000000 0.000000     0.000000     0.844515 
59343.472844 0.000000 0.000000     0.000000     0.844515 
59343.510454 0.000000 0.000000     0.000000     0.844515 
59343.548064 0.000000 0.000000     0.000000     0.844515 
59343.585674 0.000000 0.000000     0.000000     0.844515 
59343.623284 0.000000 0.000000     0.000000     0.844515 
59343.660894 0.000000 0.000000     0.000000     0.844515 
59343.698505 0.000000 0.000000     0.000000     0.844515 
59343.736115 0.000000 0.000000     0.000000     0.844515 
59343.773725 0.000000 0.000000     0.000000     0.844515 
59343.811335 0.000000 0.000000     0.000000     0.844515 
59343.848945 0.000000 0.000000     0.000000     0.844515 
59343.886555 0.000000 0.000000     0.000000     0.844515 
59343.924166 0.000000 0.000000     0.000000     0.844515 
59343.961776 0.000000 0.000000     0.000000     0.844515 
59343.999386 0.000000 0.000000     0.000000     0.844515 
59344.036996 0.000000 0.000000     0.000000     0.844515 
59344.074606 0.000000 0.000000     0.000000     0.844515 
59344.112216 0.000000 0.000000     0.000000     0.844515 
59344.149826 0.000000 0.000000     0.000000     0.844515 
59344.187437 0.000000 0.000000     0.000000     0.844515 
59344.225047 0.000000 0.000000     0.000000     0.844515 
59344.262657 0.000000 0.000000     0.000000     0.844515 
59344.300267 0.000000 0.000000     0.000000     0.844515 
59344.337877 0.000000 0.000000     0.000000     0.844515 
59344.375487 0.000000 0.000000     0.000000     0.844515 
59344.413098 0.000000 0.000000     0.000000     0.844515 
59344.450708 0.000000 0.000000     0.000000     0.844515 
59344.488318 0.000000 0.000000     0.000000     0.844515 
59344.525928 0.000000 0.000000     0.000000     0.844515 
59344.563538 0.000000 0.000000     0.000000     0.844515 
59344.601148 0.000000 0.000000     0.000000     0.844515 
59344.638758 0.000000 0.000000     0.000000     0.844515 
59344.676369 0.000000 0.000000     0.000000     0.844515 
59344.713979 0.000000 0.000000     0.000000     0.844515 
59344.751589 0.000000 0.000000     0.000000     0.844515 
59344.789199 0.000000 0.000000     0.000000     0.844515 
59344.826809 0.000000 0.000000     0.000000     0.844515 
59344.864419 0.000000 0.000000     0.000001     0.844515 
59344.902030 0.000000 0.000000     0.000005     0.844515 
59344.939640 0.000000 0.000000     0.000022     0.844515 
59344.977250 0.000000 0.000000     0.000084     0.844515 
59345.014860 0.000000 0.000000     0.000263     0.844514 
59345.052470 0.000000 0.000000     0.000642     0.844497 
59345.090080 0.000000 0.000000     0.001089     0.844355 
59345.127691 0.000000 0.000000     0.000592     0.843458 
59345.165301 0.000000 0.000000    -0.003779     0.839251 
59345.202911 0.000000 0.000000    -0.017372     0.824551 
59345.240521 0.000000 0.000000    -0.046098     0.785342 
59345.278131 0.000000 0.000000    -0.091454     0.702454 
59345.315741 0.000000 0.000000    -0.145321     0.560037 
59345.353351 0.000000 0.000000    -0.190328     0.427677 
59345.390962 0.000000 0.000000    -0.208506     0.557481 
59345.428572 0.000000 0.000000    -0.192710     0.700736 
59345.466182 0.000000 0.000000    -0.151086     0.784410 
59345.503792 0.000000 0.000000    -0.100852     0.824140 
59345.541402 0.000000 0.000000    -0.057468     0.839110 
59345.579012 0.000000 0.000000    -0.028009     0.843421 
59345.616623 0.000000 0.000000    -0.011694     0.844349 
59345.654233 0.000000 0.000000    -0.004188     0.844496 
59345.691843 0.000000 0.000000    -0.001293     0.844514 
59345.729453 0.000000 0.000000    -0.000374     0.844515 
59345.767063 0.000000 0.000000    -0.000254     0.844515 
59345.804673 0.000000 0.000000    -0.000805     0.844515 
59345.842283 0.000000 0.000000    -0.003041     0.844513 
59345.879894 0.000000 0.000000    -0.010084     0.844488 
59345.917504 0.000000 0.000000    -0.028865     0.844287 
59345.955114 0.000000 0.000000    -0.071259     0.843073 
59345.992724 0.000000 0.000000    -0.151701     0.837667 
59346.030334 0.000000 0.000000    -0.278468     0.819672 
59346.067944 0.000000 0.000000    -0.440717     0.773717 
59346.105555 0.000000 0.000000    -0.601324     0.680110 
59346.143165 0.000000 0.000000    -0.707281     0.526538 
59346.180775 0.000000 0.000000    -0.717111     0.435301 
59346.218385 0.000000 0.000000    -0.626720     0.590832 
59346.255995 0.000000 0.000000    -0.472106     0.722273 
59346.293605 0.000000 0.000000    -0.306531     0.795561 
59346.331215 0.000000 0.000000    -0.171543     0.828760 
59346.368826 0.000000 0.000000    -0.082744     0.840578 
59346.406436 0.000000 0.000000    -0.034400     0.843769 
59346.444046 0.000000 0.000000    -0.012327     0.844409 
59346.481656 0.000000 0.000000    -0.003808     0.844504 
59346.519266 0.000000 0.000000    -0.001014     0.844514 
59346.556876 0.000000 0.000000    -0.000233     0.844515 
59346.594487 0.000000 0.000000    -0.000046     0.844515 
59346.632097 0.000000 0.000000    -0.000008     0.844515 
59346.669707 0.000000 0.000000    -0.000001     0.844515 
59346.707317 0.000000 0.000000    -0.000000     0.844515 
59346.744927 0.000000 0.000000     0.000000     0.844515 
59346.782537 0.000000 0.000000     0.000001     0.844515 
59346.820148 0.000000 0.000000     0.000004     0.844515 
59346.857758 0.000000 0.000000     0.000021     0.844515 
59346.895368 0.000000 0.000000     0.000095     0.844515 
59346.932978 0.000000 0.000000     0.000368     0.844515 
59346.970588 0.000000 0.000000     0.001204     0.844510 
59347.008198 0.000000 0.000000     0.003259     0.844463 
59347.045808 0.000000 0.000000     0.007122     0.844116 
59347.083419 0.000000 0.000000     0.011868     0.842256 
59347.121029 0.000000 0.000000     0.012478     0.834840 
59347.158639 0.000000 0.000000    -0.001830     0.812542 
59347.196249 0.000000 0.000000    -0.044251     0.760307 
59347.233859 0.000000 0.000000    -0.120130     0.661016 
59347.271469 0.000000 0.000000    -0.215903     0.508668 
59347.309080 0.000000 0.000000    -0.299393     0.440927 
59347.346690 0.000000 0.000000    -0.336685     0.592108 
59347.384300 0.000000 0.000000    -0.314054     0.718116 
59347.421910 0.000000 0.000000    -0.245963     0.791126 
59347.459520 0.000000 0.000000    -0.162932     0.826108 
59347.497130 0.000000 0.000000    -0.091725     0.839518 
59347.534740 0.000000 0.000000    -0.044030     0.843475 
59347.572351 0.000000 0.000000    -0.018065     0.844352 
59347.609961 0.000000 0.000000    -0.006346     0.844496 
59347.647571 0.000000 0.000000    -0.001912     0.844514 
59347.685181 0.000000 0.000000    -0.000494     0.844515 
59347.722791 0.000000 0.000000    -0.000110     0.844515 
59347.760401 0.000000 0.000000    -0.000021     0.844515 
59347.798012 0.000000 0.000000    -0.000004     0.844515 
59347.835622 0.000000 0.000000    -0.000005     0.844515 
59347.873232 0.000000 0.000000    -0.000021     0.844515 
59347.910842 0.000000 0.000000    -0.000095     0.844515 
59347.948452 0.000000 0.000000    -0.000361     0.844514 
59347.986062 0.000000 0.000000    -0.001185     0.844502 
59348.023672 0.000000 0.000000    -0.003332     0.844390 
59348.061283 0.000000 0.000000    -0.008020     0.843653 
59348.098893 0.000000 0.000000    -0.016497     0.840046 
59348.136503 0.000000 0.000000    -0.028932     0.826945 
59348.174113 0.000000 0.000000    -0.043122     0.790836 
59348.211723 0.000000 0.000000    -0.054375     0.712472 
59348.249333 0.000000 0.000000    -0.057609     0.574486 
59348.286944 0.000000 0.000000    -0.050704     0.429206 
59348.324554 0.000000 0.000000    -0.036315     0.545084 
59348.362164 0.000000 0.000000    -0.020247     0.693333 
59348.399774 0.000000 0.000000    -0.007729     0.780967 
59348.437384 0.000000 0.000000    -0.000783     0.822869 
59348.474994 0.000000 0.000000     0.001612     0.838754 
59348.512605 0.000000 0.000000     0.001631     0.843348 
59348.550215 0.000000 0.000000     0.000983     0.844338 
59348.587825 0.000000 0.000000     0.000447     0.844495 
59348.625435 0.000000 0.000000     0.000164     0.844514 
59348.663045 0.000000 0.000000     0.000059     0.844515 
59348.700655 0.000000 0.000000     0.000069     0.844515 
59348.738265 0.000000 0.000000     0.000277     0.844515 
59348.775876 0.000000 0.000000     0.001148     0.844515 
59348.813486 0.000000 0.000000     0.004133     0.844507 
59348.851096 0.000000 0.000000     0.012848     0.844431 
59348.888706 0.000000 0.000000     0.034457     0.843905 
59348.926316 0.000000 0.000000     0.079709     0.841201 
59348.963926 0.000000 0.000000     0.159043     0.830877 
59349.001537 0.000000 0.000000     0.273686     0.801049 
59349.039147 0.000000 0.000000     0.406155     0.733587 
59349.076757 0.000000 0.000000     0.519767     0.609749 
59349.114367 0.000000 0.000000     0.573565     0.447308 
59349.151977 0.000000 0.000000     0.545761     0.505220 
59349.189587 0.000000 0.000000     0.447774     0.664252 
59349.227197 0.000000 0.000000     0.316776     0.764960 
59349.264808 0.000000 0.000000     0.193234     0.815758 
59349.302418 0.000000 0.000000     0.101640     0.836308 
59349.340028 0.000000 0.000000     0.046101     0.842720 
59349.377638 0.000000 0.000000     0.018032     0.844219 
59349.415248 0.000000 0.000000     0.006083     0.844479 
59349.452858 0.000000 0.000000     0.001770     0.844512 
59349.490469 0.000000 0.000000     0.000444     0.844515 
59349.528079 0.000000 0.000000     0.000096     0.844515 
59349.565689 0.000000 0.000000     0.000018     0.844515 
59349.603299 0.000000 0.000000     0.000003     0.844515 
59349.640909 0.000000 0.000000     0.000000     0.844515 
59349.678519 0.000000 0.000000     0.000000     0.844515 
59349.716129 0.000000 0.000000    -0.000000     0.844515 
59349.753740 0.000000 0.000000    -0.000000     0.844515 
59349.791350 0.000000 0.000000    -0.000000     0.844515 
59349.828960 0.000000 0.000000    -0.000004     0.844515 
59349.866570 0.000000 0.000000    -0.000023     0.844515 
59349.904180 0.000000 0.000000    -0.000125     0.844515 
59349.941790 0.000000 0.000000    -0.000595     0.844515 
59349.979401 0.000000 0.000000    -0.002444     0.844512 
59350.017011 0.000000 0.000000    -0.008641     0.844481 
59350.054621 0.000000 0.000000    -0.026319     0.844233 
59350.092231 0.000000 0.000000    -0.069065     0.842798 
59350.129841 0.000000 0.000000    -0.156143     0.836631 
59350.167451 0.000000 0.000000    -0.304148     0.816767 
59350.205062 0.000000 0.000000    -0.510457     0.767424 
59350.242672 0.000000 0.000000    -0.738188     0.669135 
59350.280282 0.000000 0.000000    -0.919879     0.512290 
59350.317892 0.000000 0.000000    -0.987813     0.442420 
59350.355502 0.000000 0.000000    -0.914172     0.602274 
59350.393112 0.000000 0.000000    -0.729156     0.728738 
59350.430722 0.000000 0.000000    -0.501290     0.798507 
59350.468333 0.000000 0.000000    -0.297079     0.829824 
59350.505943 0.000000 0.000000    -0.151780     0.840870 
59350.543553 0.000000 0.000000    -0.066860     0.843828 
59350.581163 0.000000 0.000000    -0.025396     0.844418 
59350.618773 0.000000 0.000000    -0.008320     0.844505 
59350.656383 0.000000 0.000000    -0.002351     0.844514 
59350.693994 0.000000 0.000000    -0.000572     0.844515 
59350.731604 0.000000 0.000000    -0.000112     0.844515 
59350.769214 0.000000 0.000000     0.000026     0.844515 
59350.806824 0.000000 0.000000     0.000236     0.844515 
59350.844434 0.000000 0.000000     0.001038     0.844515 
59350.882044 0.000000 0.000000     0.003883     0.844511 
59350.919654 0.000000 0.000000     0.012534     0.844473 
59350.957265 0.000000 0.000000     0.034907     0.844183 
59350.994875 0.000000 0.000000     0.083868     0.842561 
59351.032485 0.000000 0.000000     0.173834     0.835807 
59351.070095 0.000000 0.000000     0.310812     0.814632 
59351.107705 0.000000 0.000000     0.479367     0.763159 
59351.145315 0.000000 0.000000     0.637736     0.662318 
59351.182926 0.000000 0.000000     0.731842     0.504473 
59351.220536 0.000000 0.000000     0.724444     0.446798 
59351.258146 0.000000 0.000000     0.618616     0.607434 
59351.295756 0.000000 0.000000     0.455712     0.731313 
59351.333366 0.000000 0.000000     0.289632     0.799536 
59351.370976 0.000000 0.000000     0.158829     0.830147 
59351.408586 0.000000 0.000000     0.075161     0.840947 
59351.446197 0.000000 0.000000     0.030696     0.843842 
59351.483807 0.000000 0.000000     0.010822     0.844420 
59351.521417 0.000000 0.000000     0.003294     0.844505 
59351.559027 0.000000 0.000000     0.000865     0.844514 
59351.596637 0.000000 0.000000     0.000195     0.844515 
59351.634247 0.000000 0.000000     0.000027     0.844515 
59351.671858 0.000000 0.000000    -0.000063     0.844515 
59351.709468 0.000000 0.000000    -0.000353     0.844515 
59351.747078 0.000000 0.000000    -0.001555     0.844515 
59351.784688 0.000000 0.000000    -0.005896     0.844509 
59351.822298 0.000000 0.000000    -0.019302     0.844454 
59351.859908 0.000000 0.000000    -0.054555     0.844058 
59351.897519 0.000000 0.000000    -0.133120     0.841942 
59351.935129 0.000000 0.000000    -0.280404     0.833549 
59351.972739 0.000000 0.000000    -0.509835     0.808407 
59352.010349 0.000000 0.000000    -0.800113     0.749691 
59352.047959 0.000000 0.000000    -1.083755     0.638594 
59352.085569 0.000000 0.000000    -1.266941     0.475979 
59352.123179 0.000000 0.000000    -1.278261     0.470041 
59352.160790 0.000000 0.000000    -1.113062     0.632945 
59352.198400 0.000000 0.000000    -0.836490     0.746274 
59352.236010 0.000000 0.000000    -0.542568     0.806692 
59352.273620 0.000000 0.000000    -0.303750     0.832862 
59352.311230 0.000000 0.000000    -0.146781     0.841733 
59352.348840 0.000000 0.000000    -0.061227     0.844010 
59352.386451 0.000000 0.000000    -0.022048     0.844446 
59352.424061 0.000000 0.000000    -0.006855     0.844508 
59352.461671 0.000000 0.000000    -0.001840     0.844515 
59352.499281 0.000000 0.000000    -0.000427     0.844515 
59352.536891 0.000000 0.000000    -0.000085     0.844515 
59352.574501 0.000000 0.000000    -0.000015     0.844515 
59352.612111 0.000000 0.000000    -0.000002     0.844515 
59352.649722 0.000000 0.000000    -0.000000     0.844515 
59352.687332 0.000000 0.000000    -0.000000     0.844515 
59352.724942 0.000000 0.000000     0.000000     0.844515 
59352.762552 0.000000 0.000000     0.000001     0.844515 
59352.800162 0.000000 0.000000     0.000004     0.844515 
59352.837772 0.000000 0.000000     0.000021     0.844515 
59352.875383 0.000000 0.000000     0.000098     0.844515 
59352.912993 0.000000 0.000000     0.000394     0.844514 
59352.950603 0.000000 0.000000     0.001367     0.844503 
59352.988213 0.000000 0.000000     0.004092     0.844401 
59353.025823 0.000000 0.000000     0.010552     0.843735 
59353.063433 0.000000 0.000000     0.023446     0.840522 
59353.101043 0.000000 0.000000     0.044871     0.828953 
59353.138654 0.000000 0.000000     0.073953     0.797186 
59353.176264 0.000000 0.000000     0.104944     0.728211 
59353.213874 0.000000 0.000000     0.128197     0.605484 
59353.251484 0.000000 0.000000     0.134781     0.448164 
59353.289094 0.000000 0.000000     0.121930     0.499109 
59353.326704 0.000000 0.000000     0.094889     0.654839 
59353.364315 0.000000 0.000000     0.063509     0.757198 
59353.401925 0.000000 0.000000     0.036546     0.811142 
59353.439535 0.000000 0.000000     0.018074     0.834301 
59353.477145 0.000000 0.000000     0.007680     0.842090 
59353.514755 0.000000 0.000000     0.002802     0.844078 
59353.552365 0.000000 0.000000     0.000877     0.844456 
59353.589976 0.000000 0.000000     0.000236     0.844509 
59353.627586 0.000000 0.000000     0.000054     0.844515 
59353.665196 0.000000 0.000000     0.000011     0.844515 
59353.702806 0.000000 0.000000     0.000002     0.844515 
59353.740416 0.000000 0.000000     0.000000     0.844515 
59353.778026 0.000000 0.000000     0.000000     0.844515 
59353.815636 0.000000 0.000000     0.000002     0.844515 
59353.853247 0.000000 0.000000     0.000013     0.844515 
59353.890857 0.000000 0.000000     0.000070     0.844515 
59353.928467 0.000000 0.000000     0.000326     0.844515 
59353.966077 0.000000 0.000000     0.001303     0.844509 
59354.003687 0.000000 0.000000     0.004486     0.844453 
59354.041297 0.000000 0.000000     0.013295     0.844059 
59354.078908 0.000000 0.000000     0.033921     0.841985 
59354.116518 0.000000 0.000000     0.074517     0.833862 
59354.154128 0.000000 0.000000     0.140959     0.809751 
59354.191738 0.000000 0.000000     0.229632     0.753734 
59354.229348 0.000000 0.000000     0.322192     0.647854 
59354.266958 0.000000 0.000000     0.389388     0.489382 
59354.304568 0.000000 0.000000     0.405394     0.456188 
59354.342179 0.000000 0.000000     0.363613     0.616184 
59354.379789 0.000000 0.000000     0.281006     0.735122 
59354.417399 0.000000 0.000000     0.187133     0.800773 
59354.455009 0.000000 0.000000     0.107398     0.830418 
59354.492619 0.000000 0.000000     0.053125     0.840975 
59354.530229 0.000000 0.000000     0.022653     0.843838 
59354.567840 0.000000 0.000000     0.008328     0.844418 
59354.605450 0.000000 0.000000     0.002640     0.844505 
59354.643060 0.000000 0.000000     0.000722     0.844514 
59354.680670 0.000000 0.000000     0.000172     0.844515 
59354.718280 0.000000 0.000000     0.000046     0.844515 
59354.755890 0.000000 0.000000     0.000066     0.844515 
59354.793500 0.000000 0.000000     0.000284     0.844515 
59354.831111 0.000000 0.000000     0.001144     0.844510 
59354.868721 0.000000 0.000000     0.003976     0.844464 
59354.906331 0.000000 0.000000     0.011898     0.844120 
59354.943941 0.000000 0.000000     0.030644     0.842232 
59354.981551 0.000000 0.000000     0.067945     0.834541 
59355.019161 0.000000 0.000000     0.129708     0.810946 
59355.056772 0.000000 0.000000     0.213220     0.754746 
59355.094382 0.000000 0.000000     0.301849     0.646684 
59355.131992 0.000000 0.000000     0.368047     0.484261 
59355.169602 0.000000 0.000000     0.386561     0.463172 
59355.207212 0.000000 0.000000     0.349769     0.627077 
59355.244822 0.000000 0.000000     0.272674     0.743362 
59355.282433 0.000000 0.000000     0.183170     0.805538 
59355.320043 0.000000 0.000000     0.106040     0.832510 
59355.357653 0.000000 0.000000     0.052911     0.841653 
59355.395263 0.000000 0.000000     0.022759     0.843998 
59355.432873 0.000000 0.000000     0.008440     0.844445 
59355.470483 0.000000 0.000000     0.002699     0.844508 
59355.508093 0.000000 0.000000     0.000744     0.844515 
59355.545704 0.000000 0.000000     0.000177     0.844515 
59355.583314 0.000000 0.000000     0.000036     0.844515 
59355.620924 0.000000 0.000000     0.000004     0.844515 
59355.658534 0.000000 0.000000    -0.000016     0.844515 
59355.696144 0.000000 0.000000    -0.000091     0.844515 
59355.733754 0.000000 0.000000    -0.000428     0.844515 
59355.771365 0.000000 0.000000    -0.001726     0.844515 
59355.808975 0.000000 0.000000    -0.005945     0.844506 
59355.846585 0.000000 0.000000    -0.017435     0.844426 
59355.884195 0.000000 0.000000    -0.043296     0.843853 
59355.921805 0.000000 0.000000    -0.090245     0.840859 
59355.959415 0.000000 0.000000    -0.155500     0.829406 
59355.997025 0.000000 0.000000    -0.214961     0.796897 
59356.034636 0.000000 0.000000    -0.221574     0.726602 
59356.072246 0.000000 0.000000    -0.127872     0.608811 
59356.109856 0.000000 0.000000     0.073282     0.469036 
59356.147466 0.000000 0.000000     0.323706     0.407379 
59356.185076 0.000000 0.000000     0.523815     0.406739 
59356.222686 0.000000 0.000000     0.595243     0.447730 
59356.260297 0.000000 0.000000     0.529728     0.581247 
59356.297907 0.000000 0.000000     0.383409     0.707038 
59356.335517 0.000000 0.000000     0.229313     0.786323 
59356.373127 0.000000 0.000000     0.114018     0.825003 
59356.410737 0.000000 0.000000     0.047113     0.839488 
59356.448347 0.000000 0.000000     0.016070     0.843542 
59356.485957 0.000000 0.000000     0.004450     0.844375 
59356.523568 0.000000 0.000000     0.000962     0.844500 
59356.561178 0.000000 0.000000     0.000145     0.844514 
59356.598788 0.000000 0.000000     0.000008     0.844515 
59356.636398 0.000000 0.000000    -0.000004     0.844515 
59356.674008 0.000000 0.000000    -0.000001     0.844515 
59356.711618 0.000000 0.000000     0.000000     0.844515 
59356.749229 0.000000 0.000000     0.000003     0.844515 
59356.786839 0.000000 0.000000     0.000019     0.844515 
59356.824449 0.000000 0.000000     0.000110     0.844515 
59356.862059 0.000000 0.000000     0.000537     0.844515 
59356.899669 0.000000 0.000000     0.002264     0.844515 
59356.937279 0.000000 0.000000     0.008218     0.844509 
59356.974890 0.000000 0.000000     0.025670     0.844456 
59357.012500 0.000000 0.000000     0.068987     0.844076 
59357.050110 0.000000 0.000000     0.159422     0.842082 
59357.087720 0.000000 0.000000     0.316605     0.834308 
59357.125330 0.000000 0.000000     0.539995     0.811374 
59357.162940 0.000000 0.000000     0.790349     0.758439 
59357.200550 0.000000 0.000000     0.991722     0.658883 
59357.238161 0.000000 0.000000     1.065573     0.507356 
59357.275771 0.000000 0.000000     0.978886     0.441134 
59357.313381 0.000000 0.000000     0.767281     0.591443 
59357.350991 0.000000 0.000000     0.511732     0.717354 
59357.388601 0.000000 0.000000     0.289246     0.790665 
59357.426211 0.000000 0.000000     0.137731     0.825924 
59357.463822 0.000000 0.000000     0.054721     0.839469 
59357.501432 0.000000 0.000000     0.017833     0.843468 
59357.539042 0.000000 0.000000     0.004605     0.844351 
59357.576652 0.000000 0.000000     0.000861     0.844496 
59357.614262 0.000000 0.000000     0.000076     0.844514 
59357.651872 0.000000 0.000000    -0.000024     0.844515 
59357.689482 0.000000 0.000000    -0.000043     0.844515 
59357.727093 0.000000 0.000000    -0.000172     0.844515 
59357.764703 0.000000 0.000000    -0.000753     0.844515 
59357.802313 0.000000 0.000000    -0.002859     0.844506 
59357.839923 0.000000 0.000000    -0.009259     0.844425 
59357.877533 0.000000 0.000000    -0.025456     0.843852 
59357.915143 0.000000 0.000000    -0.059110     0.840920 
59357.952754 0.000000 0.000000    -0.115007     0.830003 
59357.990364 0.000000 0.000000    -0.184958     0.799973 
59358.027974 0.000000 0.000000    -0.239563     0.737155 
59358.065584 0.000000 0.000000    -0.235252     0.633879 
59358.103194 0.000000 0.000000    -0.142247     0.497795 
59358.140804 0.000000 0.000000     0.024358     0.377128 
59358.178414 0.000000 0.000000     0.202250     0.432658 
59358.216025 0.000000 0.000000     0.318932     0.577287 
59358.253635 0.000000 0.000000     0.338731     0.699112 
59358.291245 0.000000 0.000000     0.278986     0.779279 
59358.328855 0.000000 0.000000     0.186808     0.821220 
59358.366465 0.000000 0.000000     0.103929     0.838126 
59358.404075 0.000000 0.000000     0.048613     0.843204 
59358.441686 0.000000 0.000000     0.019256     0.844317 
59358.479296 0.000000 0.000000     0.006490     0.844493 
59358.516906 0.000000 0.000000     0.001867     0.844513 
59358.554516 0.000000 0.000000     0.000460     0.844515 
59358.592126 0.000000 0.000000     0.000097     0.844515 
59358.629736 0.000000 0.000000     0.000018     0.844515 
59358.667347 0.000000 0.000000     0.000002     0.844515 
59358.704957 0.000000 0.000000    -0.000002     0.844515 
59358.742567 0.000000 0.000000    -0.000015     0.844515 
59358.780177 0.000000 0.000000    -0.000088     0.844515 
59358.817787 0.000000 0.000000    -0.000449     0.844515 
59358.855397 0.000000 0.000000    -0.001968     0.844515 
59358.893007 0.000000 0.000000    -0.007433     0.844509 
59358.930618 0.000000 0.000000    -0.024185     0.844448 
59358.968228 0.000000 0.000000    -0.067747     0.844010 
59359.005838 0.000000 0.000000    -0.163275     0.841728 
59359.043448 0.000000 0.000000    -0.338301     0.833095 
59359.081058 0.000000 0.000000    -0.602063     0.809132 
59359.118668 0.000000 0.000000    -0.919250     0.759025 
59359.156279 0.000000 0.000000    -1.202362     0.677130 
59359.193889 0.000000 0.000000    -1.344612     0.566193 
59359.231499 0.000000 0.000000    -1.282217     0.431767 
59359.269109 0.000000 0.000000    -1.038696     0.382017 
59359.306719 0.000000 0.000000    -0.710780     0.539062 
59359.344329 0.000000 0.000000    -0.407222     0.681345 
59359.381939 0.000000 0.000000    -0.192342     0.771905 
59359.419550 0.000000 0.000000    -0.072652     0.818551 
59359.457160 0.000000 0.000000    -0.020366     0.837332 
59359.494770 0.000000 0.000000    -0.003145     0.843021 
59359.532380 0.000000 0.000000     0.000541     0.844285 
59359.569990 0.000000 0.000000     0.000619     0.844489 
59359.607600 0.000000 0.000000     0.000270     0.844513 
59359.645211 0.000000 0.000000     0.000081     0.844515 
59359.682821 0.000000 0.000000     0.000003     0.844515 
59359.720431 0.000000 0.000000    -0.000084     0.844515 
59359.758041 0.000000 0.000000    -0.000384     0.844515 
59359.795651 0.000000 0.000000    -0.001454     0.844507 
59359.833261 0.000000 0.000000    -0.004731     0.844439 
59359.870871 0.000000 0.000000    -0.013266     0.843954 
59359.908482 0.000000 0.000000    -0.032045     0.841430 
59359.946092 0.000000 0.000000    -0.066695     0.831671 
59359.983702 0.000000 0.000000    -0.119594     0.803153 
59360.021312 0.000000 0.000000    -0.184763     0.738042 
59360.058922 0.000000 0.000000    -0.245930     0.617545 
59360.096532 0.000000 0.000000    -0.282036     0.454590 
59360.134143 0.000000 0.000000    -0.278680     0.497203 
59360.171753 0.000000 0.000000    -0.237264     0.657398 
59360.209363 0.000000 0.000000    -0.174059     0.760954 
59360.246973 0.000000 0.000000    -0.110035     0.813868 
59360.284583 0.000000 0.000000    -0.059946     0.835614 
59360.322193 0.000000 0.000000    -0.028146     0.842528 
59360.359804 0.000000 0.000000    -0.011390     0.844180 
59360.397414 0.000000 0.000000    -0.003973     0.844473 
59360.435024 0.000000 0.000000    -0.001195     0.844511 
59360.472634 0.000000 0.000000    -0.000310     0.844515 
59360.510244 0.000000 0.000000    -0.000069     0.844515 
59360.547854 0.000000 0.000000    -0.000013     0.844515 
59360.585464 0.000000 0.000000    -0.000002     0.844515 
59360.623075 0.000000 0.000000    -0.000000     0.844515 
59360.660685 0.000000 0.000000    -0.000001     0.844515 
59360.698295 0.000000 0.000000    -0.000008     0.844515 
59360.735905 0.000000 0.000000    -0.000044     0.844515 
59360.773515 0.000000 0.000000    -0.000215     0.844515 
59360.811125 0.000000 0.000000    -0.000908     0.844515 
59360.848736 0.000000 0.000000    -0.003310     0.844510 
59360.886346 0.000000 0.000000    -0.010387     0.844462 
59360.923956 0.000000 0.000000    -0.028049     0.844109 
59360.961566 0.000000 0.000000    -0.065153     0.842185 
59360.999176 0.000000 0.000000    -0.130110     0.834396 
59361.036786 0.000000 0.000000    -0.223261     0.810638 
59361.074396 0.000000 0.000000    -0.328969     0.754311 
59361.112007 0.000000 0.000000    -0.415917     0.646420 
59361.149617 0.000000 0.000000    -0.450778     0.485010 
59361.187227 0.000000 0.000000    -0.418328     0.463829 
59361.224837 0.000000 0.000000    -0.331912     0.626525 
59361.262447 0.000000 0.000000    -0.224711     0.742670 
59361.300057 0.000000 0.000000    -0.129464     0.805055 
59361.337668 0.000000 0.000000    -0.063231     0.832274 
59361.375278 0.000000 0.000000    -0.026029     0.841571 
59361.412888 0.000000 0.000000    -0.008948     0.843978 
59361.450498 0.000000 0.000000    -0.002528     0.844441 
59361.488108 0.000000 0.000000    -0.000568     0.844508 
59361.525718 0.000000 0.000000    -0.000094     0.844515 
59361.563328 0.000000 0.000000    -0.000008     0.844515 
59361.600939 0.000000 0.000000     0.000001     0.844515 
59361.638549 0.000000 0.000000     0.000002     0.844515 
59361.676159 0.000000 0.000000     0.000008     0.844515 
59361.713769 0.000000 0.000000     0.000041     0.844515 
59361.751379 0.000000 0.000000     0.000182     0.844515 
59361.788989 0.000000 0.000000     0.000705     0.844513 
59361.826600 0.000000 0.000000     0.002343     0.844495 
59361.864210 0.000000 0.000000     0.006701     0.844335 
59361.901820 0.000000 0.000000     0.016480     0.843331 
59361.939430 0.000000 0.000000     0.034834     0.838681 
59361.977040 0.000000 0.000000     0.063244     0.822650 
59362.014650 0.000000 0.000000     0.098563     0.780463 
59362.052261 0.000000 0.000000     0.131748     0.692431 
59362.089871 0.000000 0.000000     0.150896     0.544035 
59362.127481 0.000000 0.000000     0.147904     0.430857 
59362.165091 0.000000 0.000000     0.123870     0.576496 
59362.202701 0.000000 0.000000     0.088455     0.713609 
59362.240311 0.000000 0.000000     0.053701     0.791388 
59362.277921 0.000000 0.000000     0.027602     0.827164 
59362.315532 0.000000 0.000000     0.011935     0.840113 
59362.353142 0.000000 0.000000     0.004297     0.843668 
59362.390752 0.000000 0.000000     0.001265     0.844393 
59362.428362 0.000000 0.000000     0.000293     0.844502 
59362.465972 0.000000 0.000000     0.000048     0.844514 
59362.503582 0.000000 0.000000     0.000003     0.844515 
59362.541193 0.000000 0.000000    -0.000001     0.844515 
59362.578803 0.000000 0.000000    -0.000001     0.844515 
59362.616413 0.000000 0.000000    -0.000000     0.844515 
59362.654023 0.000000 0.000000     0.000000     0.844515 
59362.691633 0.000000 0.000000     0.000000     0.844515 
59362.729243 0.000000 0.000000     0.000002     0.844515 
59362.766853 0.000000 0.000000     0.000018     0.844515 
59362.804464 0.000000 0.000000     0.000105     0.844515 
59362.842074 0.000000 0.000000     0.000528     0.844515 
59362.879684 0.000000 0.000000     0.002234     0.844509 
59362.917294 0.000000 0.000000     0.008005     0.844449 
59362.954904 0.000000 0.000000     0.024293     0.844008 
59362.992514 0.000000 0.000000     0.062358     0.841631 
59363.030125 0.000000 0.000000     0.134919     0.832263 
59363.067735 0.000000 0.000000     0.244461     0.804943 
59363.105345 0.000000 0.000000     0.366512     0.744590 
59363.142955 0.000000 0.000000     0.444044     0.641753 
59363.180565 0.000000 0.000000     0.411492     0.515020 
59363.218175 0.000000 0.000000     0.243261     0.449763 
59363.255785 0.000000 0.000000    -0.012381     0.483731 
59363.293396 0.000000 0.000000    -0.253320     0.558049 
59363.331006 0.000000 0.000000    -0.388547     0.656767 
59363.368616 0.000000 0.000000    -0.392725     0.745814 
59363.406226 0.000000 0.000000    -0.306679     0.803289 
59363.443836 0.000000 0.000000    -0.194738     0.831137 
59363.481446 0.000000 0.000000    -0.102899     0.841228 
59363.519057 0.000000 0.000000    -0.045810     0.843914 
59363.556667 0.000000 0.000000    -0.017311     0.844434 
59363.594277 0.000000 0.000000    -0.005579     0.844507 
59363.631887 0.000000 0.000000    -0.001539     0.844515 
59363.669497 0.000000 0.000000    -0.000364     0.844515 
59363.707107 0.000000 0.000000    -0.000074     0.844515 
59363.744718 0.000000 0.000000    -0.000013     0.844515 
59363.782328 0.000000 0.000000    -0.000002     0.844515 
59363.819938 0.000000 0.000000    -0.000000     0.844515 
59363.857548 0.000000 0.000000    -0.000000     0.844515 
59363.895158 0.000000 0.000000    -0.000000     0.844515 
59363.932768 0.000000 0.000000    -0.000000     0.844515 
59363.970378 0.000000 0.000000    -0.000000     0.844515 
59364.007989 0.000000 0.000000    -0.000000     0.844515 
59364.045599 0.000000 0.000000    -0.000000     0.844515 
59364.083209 0.000000 0.000000    -0.000000     0.844515 
59364.120819 0.000000 0.000000    -0.000000     0.844515 
59364.158429 0.000000 0.000000    -0.000000     0.844515 
59364.196039 0.000000 0.000000    -0.000000     0.844515 
59364.233650 0.000000 0.000000     0.000000     0.844515 
59364.271260 0.000000 0.000000     0.000000     0.844515 
59364.308870 0.000000 0.000000     0.000000     0.844515 
59364.346480 0.000000 0.000000     0.000000     0.844515 
59364.384090 0.000000 0.000000     0.000000     0.844515 
59364.421700 0.000000 0.000000     0.000000     0.844515 
59364.459310 0.000000 0.000000     0.000000     0.844515 
59364.496921 0.000000 0.000000     0.000000     0.844515 
59364.534531 0.000000 0.000000     0.000000     0.844515 
59364.572141 0.000000 0.000000     0.000000     0.844515 
59364.609751 0.000000 0.000000     0.000000     0.844515 
59364.647361 0.000000 0.000000     0.000002     0.844515 
59364.684971 0.000000 0.000000     0.000015     0.844515 
59364.722582 0.000000 0.000000     0.000081     0.844515 
59364.760192 0.000000 0.000000     0.000377     0.844515 
59364.797802 0.000000 0.000000     0.001510     0.844514 
59364.835412 0.000000 0.000000     0.005211     0.844503 
59364.873022 0.000000 0.000000     0.015490     0.844404 
59364.910632 0.000000 0.000000     0.039650     0.843751 
59364.948242 0.000000 0.000000     0.087368     0.840549 
59364.985853 0.000000 0.000000     0.165658     0.828839 
59365.023463 0.000000 0.000000     0.270189     0.796229 
59365.061073 0.000000 0.000000     0.378907     0.724614 
59365.098683 0.000000 0.000000     0.456670     0.596411 
59365.136293 0.000000 0.000000     0.472756     0.440201 
59365.173903 0.000000 0.000000     0.420100     0.518296 
59365.211514 0.000000 0.000000     0.320188     0.672732 
59365.249124 0.000000 0.000000     0.209106     0.769078 
59365.286734 0.000000 0.000000     0.116867     0.817383 
59365.324344 0.000000 0.000000     0.055804     0.836809 
59365.361954 0.000000 0.000000     0.022716     0.842836 
59365.399564 0.000000 0.000000     0.007858     0.844239 
59365.437175 0.000000 0.000000     0.002300     0.844481 
59365.474785 0.000000 0.000000     0.000565     0.844512 
59365.512395 0.000000 0.000000     0.000115     0.844515 
59365.550005 0.000000 0.000000     0.000019     0.844515 
59365.587615 0.000000 0.000000     0.000002     0.844515 
59365.625225 0.000000 0.000000     0.000000     0.844515 
59365.662835 0.000000 0.000000     0.000000     0.844515 
59365.700446 0.000000 0.000000     0.000001     0.844515 
59365.738056 0.000000 0.000000     0.000004     0.844515 
59365.775666 0.000000 0.000000     0.000022     0.844515 
59365.813276 0.000000 0.000000     0.000105     0.844514 
59365.850886 0.000000 0.000000     0.000427     0.844495 
59365.888496 0.000000 0.000000     0.001461     0.844341 
59365.926107 0.000000 0.000000     0.004246     0.843366 
59365.963717 0.000000 0.000000     0.010515     0.838835 
59366.001327 0.000000 0.000000     0.022239     0.823140 
59366.038937 0.000000 0.000000     0.040243     0.781668 
59366.076547 0.000000 0.000000     0.062382     0.694808 
59366.114157 0.000000 0.000000     0.082922     0.547690 
59366.151767 0.000000 0.000000     0.094595     0.430053 
59366.189378 0.000000 0.000000     0.092671     0.572723 
59366.226988 0.000000 0.000000     0.078006     0.711142 
59366.264598 0.000000 0.000000     0.056446     0.790100 
59366.302208 0.000000 0.000000     0.035127     0.826628 
59366.339818 0.000000 0.000000     0.018806     0.839942 
59366.377428 0.000000 0.000000     0.008665     0.843628 
59366.415039 0.000000 0.000000     0.003437     0.844386 
59366.452649 0.000000 0.000000     0.001174     0.844501 
59366.490259 0.000000 0.000000     0.000345     0.844514 
59366.527869 0.000000 0.000000     0.000088     0.844515 
59366.565479 0.000000 0.000000     0.000019     0.844515 
59366.603089 0.000000 0.000000     0.000004     0.844515 
59366.640699 0.000000 0.000000     0.000001     0.844515 
59366.678310 0.000000 0.000000     0.000000     0.844515 
59366.715920 0.000000 0.000000     0.000000     0.844515 
59366.753530 0.000000 0.000000     0.000000     0.844515 
59366.791140 0.000000 0.000000     0.000000     0.844515 
59366.828750 0.000000 0.000000     0.000000     0.844515 
59366.866360 0.000000 0.000000     0.000000     0.844515 
59366.903971 0.000000 0.000000     0.000000     0.844515 
59366.941581 0.000000 0.000000     0.000000     0.844515 
59366.979191 0.000000 0.000000     0.000000     0.844515 
59367.016801 0.000000 0.000000     0.000000     0.844515 
59367.054411 0.000000 0.000000     0.000000     0.844515 
59367.092021 0.000000 0.000000     0.000000     0.844515 
59367.129632 0.000000 0.000000     0.000000     0.844515 
59367.167242 0.000000 0.000000     0.000000     0.844515 
59367.204852 0.000000 0.000000     0.000000     0.844515 
59367.242462 0.000000 0.000000     0.000000     0.844515 
59367.280072 0.000000 0.000000     0.000000     0.844515 
59367.317682 0.000000 0.000000     0.000000     0.844515 
59367.355292 0.000000 0.000000     0.000000     0.844515 
59367.392903 0.000000 0.000000     0.000000     0.844515 
59367.430513 0.000000 0.000000     0.000000     0.844515 
59367.468123 0.000000 0.000000     0.000000     0.844515 
59367.505733 0.000000 0.000000     0.000000     0.844515 
59367.543343 0.000000 0.000000     0.000000     0.844515 
59367.580953 0.000000 0.000000     0.000000     0.844515 
59367.618564 0.000000 0.000000     0.000000     0.844515 
59367.656174 0.000000 0.000000     0.000000     0.844515 
59367.693784 0.000000 0.000000     0.000000     0.844515 
59367.731394 0.000000 0.000000     0.000000     0.844515 
59367.769004 0.000000 0.000000     0.000000     0.844515 
59367.806614 0.000000 0.000000     0.000000     0.844515 
59367.844224 0.000000 0.000000     0.000000     0.844515 
59367.881835 0.000000 0.000000     0.000000     0.844515 
59367.919445 0.000000 0.000000     0.000000     0.844515 
59367.957055 0.000000 0.000000     0.000000     0.844515 
59367.994665 0.000000 0.000000     0.000000     0.844515 
59368.032275 0.000000 0.000000     0.000000     0.844515 
59368.069885 0.000000 0.000000     0.000000     0.844515 
59368.107496 0.000000 0.000000     0.000000     0.844515 
59368.145106 0.000000 0.000000     0.000000     0.844515 
59368.182716 0.000000 0.000000     0.000000     0.844515 
59368.220326 0.000000 0.000000     0.000000     0.844515 
59368.257936 0.000000 0.000000     0.000000     0.844515 
59368.295546 0.000000 0.000000     0.000000     0.844515 
59368.333156 0.000000 0.000000     0.000000     0.844515 
59368.370767 0.000000 0.000000     0.000000     0.844515 
59368.408377 0.000000 0.000000     0.000000     0.844515 
59368.445987 0.000000 0.000000     0.000000     0.844515 
59368.483597 0.000000 0.000000     0.000000     0.844515 
59368.521207 0.000000 0.000000     0.000000     0.844515 
59368.558817 0.000000 0.000000     0.000000     0.844515 
59368.596428 0.000000 0.000000     0.000000     0.844515 
59368.634038 0.000000 0.000000     0.000000     0.844515 
59368.671648 0.000000 0.000000     0.000000     0.844515 
59368.709258 0.000000 0.000000     0.000000     0.844515 
59368.746868 0.000000 0.000000     0.000000     0.844515 
59368.784478 0.000000 0.000000     0.000000     0.844515 
59368.822089 0.000000 0.000000     0.000003     0.844515 
59368.859699 0.000000 0.000000     0.000013     0.844515 
59368.897309 0.000000 0.000000     0.000054     0.844515 
59368.934919 0.000000 0.000000     0.000181     0.844515 
59368.972529 0.000000 0.000000     0.000486     0.844507 
59369.010139 0.000000 0.000000     0.000959     0.844438 
59369.047749 0.000000 0.000000     0.001003     0.843950 
59369.085360 0.000000 0.000000    -0.001525     0.841411 
59369.122970 0.000000 0.000000    -0.011182     0.831603 
59369.160580 0.000000 0.000000    -0.034099     0.802969 
59369.198190 0.000000 0.000000    -0.074001     0.737648 
59369.235800 0.000000 0.000000    -0.126485     0.616858 
59369.273410 0.000000 0.000000    -0.176823     0.453993 
59369.311021 0.000000 0.000000    -0.205903     0.498032 
59369.348631 0.000000 0.000000    -0.201769     0.658077 
59369.386241 0.000000 0.000000    -0.167443     0.761346 
59369.423851 0.000000 0.000000    -0.118174     0.814052 
59369.461461 0.000000 0.000000    -0.071138     0.835681 
59369.499071 0.000000 0.000000    -0.036605     0.842547 
59369.536681 0.000000 0.000000    -0.016127     0.844184 
59369.574292 0.000000 0.000000    -0.006092     0.844473 
59369.611902 0.000000 0.000000    -0.001977     0.844511 
59369.649512 0.000000 0.000000    -0.000568     0.844515 
59369.687122 0.000000 0.000000    -0.000233     0.844515 
59369.724732 0.000000 0.000000    -0.000504     0.844515 
59369.762342 0.000000 0.000000    -0.001936     0.844514 
59369.799953 0.000000 0.000000    -0.006749     0.844503 
59369.837563 0.000000 0.000000    -0.020338     0.844403 
59369.875173 0.000000 0.000000    -0.052867     0.843732 
59369.912783 0.000000 0.000000    -0.118510     0.840412 
59369.950393 0.000000 0.000000    -0.229074     0.828206 
59369.988003 0.000000 0.000000    -0.381775     0.794158 
59370.025613 0.000000 0.000000    -0.548547     0.719477 
59370.063224 0.000000 0.000000    -0.679461     0.586469 
59370.100834 0.000000 0.000000    -0.725495     0.434386 
59370.138444 0.000000 0.000000    -0.667732     0.532268 
59370.176054 0.000000 0.000000    -0.529728     0.683879 
59370.213664 0.000000 0.000000    -0.362223     0.775683 
59370.251274 0.000000 0.000000    -0.213483     0.820504 
59370.288885 0.000000 0.000000    -0.108446     0.837940 
59370.326495 0.000000 0.000000    -0.047482     0.843140 
59370.364105 0.000000 0.000000    -0.017919     0.844299 
59370.401715 0.000000 0.000000    -0.005829     0.844490 
59370.439325 0.000000 0.000000    -0.001634     0.844513 
59370.476935 0.000000 0.000000    -0.000395     0.844515 
59370.514546 0.000000 0.000000    -0.000082     0.844515 
59370.552156 0.000000 0.000000    -0.000015     0.844515 
59370.589766 0.000000 0.000000    -0.000002     0.844515 
59370.627376 0.000000 0.000000    -0.000000     0.844515 
59370.664986 0.000000 0.000000     0.000000     0.844515 
59370.702596 0.000000 0.000000     0.000000     0.844515 
59370.740206 0.000000 0.000000     0.000002     0.844515 
59370.777817 0.000000 0.000000     0.000012     0.844515 
59370.815427 0.000000 0.000000     0.000057     0.844515 
59370.853037 0.000000 0.000000     0.000234     0.844515 
59370.890647 0.000000 0.000000     0.000813     0.844513 
59370.928257 0.000000 0.000000     0.002355     0.844491 
59370.965867 0.000000 0.000000     0.005568     0.844312 
59371.003478 0.000000 0.000000     0.010305     0.843241 
59371.041088 0.000000 0.000000     0.013287     0.838510 
59371.078698 0.000000 0.000000     0.005710     0.822863 
59371.116308 0.000000 0.000000    -0.025620     0.783063 
59371.153918 0.000000 0.000000    -0.090228     0.702061 
59371.191528 0.000000 0.000000    -0.181937     0.566610 
59371.229138 0.000000 0.000000    -0.273928     0.431210 
59371.266749 0.000000 0.000000    -0.330261     0.536728 
59371.304359 0.000000 0.000000    -0.328230     0.680899 
59371.341969 0.000000 0.000000    -0.272934     0.770959 
59371.379579 0.000000 0.000000    -0.191540     0.817176 
59371.417189 0.000000 0.000000    -0.114070     0.836418 
59371.454799 0.000000 0.000000    -0.057866     0.842662 
59371.492410 0.000000 0.000000    -0.025071     0.844194 
59371.530020 0.000000 0.000000    -0.009295     0.844473 
59371.567630 0.000000 0.000000    -0.002954     0.844511 
59371.605240 0.000000 0.000000    -0.000805     0.844515 
59371.642850 0.000000 0.000000    -0.000189     0.844515 
59371.680460 0.000000 0.000000    -0.000038     0.844515 
59371.718070 0.000000 0.000000    -0.000007     0.844515 
59371.755681 0.000000 0.000000    -0.000003     0.844515 
59371.793291 0.000000 0.000000    -0.000012     0.844515 
59371.830901 0.000000 0.000000    -0.000057     0.844515 
59371.868511 0.000000 0.000000    -0.000230     0.844515 
59371.906121 0.000000 0.000000    -0.000797     0.844509 
59371.943731 0.000000 0.000000    -0.002364     0.844456 
59371.981342 0.000000 0.000000    -0.006009     0.844061 
59372.018952 0.000000 0.000000    -0.013058     0.841916 
59372.056562 0.000000 0.000000    -0.024217     0.833287 
59372.094172 0.000000 0.000000    -0.038215     0.807196 
59372.131782 0.000000 0.000000    -0.051112     0.745958 
59372.169392 0.000000 0.000000    -0.057597     0.630025 
59372.207003 0.000000 0.000000    -0.054170     0.465089 
59372.244613 0.000000 0.000000    -0.041825     0.485623 
59372.282223 0.000000 0.000000    -0.025646     0.648901 
59372.319833 0.000000 0.000000    -0.011480     0.756745 
59372.357443 0.000000 0.000000    -0.002588     0.812202 
59372.395053 0.000000 0.000000     0.001159     0.835107 
59372.432663 0.000000 0.000000     0.001767     0.842415 
59372.470274 0.000000 0.000000     0.001218     0.844162 
59372.507884 0.000000 0.000000     0.000604     0.844471 
59372.545494 0.000000 0.000000     0.000237     0.844511 
59372.583104 0.000000 0.000000     0.000081     0.844515 
59372.620714 0.000000 0.000000     0.000052     0.844515 
59372.658324 0.000000 0.000000     0.000166     0.844515 
59372.695935 0.000000 0.000000     0.000710     0.844515 
59372.733545 0.000000 0.000000     0.002688     0.844512 
59372.771155 0.000000 0.000000     0.008796     0.844476 
