# time Tc_folded Tref_folded model model_err 
59329.481866 0.000000 0.000000    -0.130809     1.743094 
59329.519476 0.000000 0.000000    -0.061364     1.777674 
59329.557086 0.000000 0.000000    -0.024727     1.788268 
59329.594696 0.000000 0.000000    -0.008554     1.790712 
59329.632306 0.000000 0.000000    -0.002539     1.791131 
59329.669917 0.000000 0.000000    -0.000646     1.791184 
59329.707527 0.000000 0.000000    -0.000141     1.791189 
59329.745137 0.000000 0.000000    -0.000026     1.791190 
59329.782747 0.000000 0.000000    -0.000004     1.791190 
59329.820357 0.000000 0.000000    -0.000001     1.791190 
59329.857967 0.000000 0.000000    -0.000003     1.791190 
59329.895578 0.000000 0.000000    -0.000018     1.791190 
59329.933188 0.000000 0.000000    -0.000107     1.791190 
59329.970798 0.000000 0.000000    -0.000547     1.791189 
59330.008408 0.000000 0.000000    -0.002415     1.791187 
59330.046018 0.000000 0.000000    -0.009170     1.791159 
59330.083628 0.000000 0.000000    -0.029962     1.790918 
59330.121238 0.000000 0.000000    -0.084278     1.789375 
59330.158849 0.000000 0.000000    -0.204094     1.782067 
59330.196459 0.000000 0.000000    -0.425575     1.756150 
59330.234069 0.000000 0.000000    -0.764177     1.685823 
59330.271679 0.000000 0.000000    -1.181759     1.534428 
59330.309289 0.000000 0.000000    -1.574060     1.267142 
59330.346899 0.000000 0.000000    -1.805979     0.939301 
59330.384510 0.000000 0.000000    -1.785028     1.083445 
59330.422120 0.000000 0.000000    -1.520061     1.409730 
59330.459730 0.000000 0.000000    -1.115337     1.619012 
59330.497340 0.000000 0.000000    -0.705225     1.727049 
59330.534950 0.000000 0.000000    -0.384305     1.772174 
59330.572560 0.000000 0.000000    -0.180512     1.786838 
59330.610170 0.000000 0.000000    -0.073093     1.790435 
59330.647781 0.000000 0.000000    -0.025518     1.791091 
59330.685391 0.000000 0.000000    -0.007682     1.791180 
59330.723001 0.000000 0.000000    -0.001997     1.791189 
59330.760611 0.000000 0.000000    -0.000462     1.791190 
59330.798221 0.000000 0.000000    -0.000177     1.791190 
59330.835831 0.000000 0.000000    -0.000487     1.791189 
59330.873442 0.000000 0.000000    -0.002107     1.791188 
59330.911052 0.000000 0.000000    -0.008075     1.791165 
59330.948662 0.000000 0.000000    -0.026644     1.790961 
59330.986272 0.000000 0.000000    -0.075669     1.789596 
59331.023882 0.000000 0.000000    -0.184976     1.782846 
59331.061492 0.000000 0.000000    -0.389287     1.758001 
59331.099102 0.000000 0.000000    -0.705409     1.688518 
59331.136713 0.000000 0.000000    -1.100728     1.535584 
59331.174323 0.000000 0.000000    -1.479242     1.261693 
59331.211933 0.000000 0.000000    -1.712250     0.931176 
59331.249543 0.000000 0.000000    -1.707309     1.104786 
59331.287153 0.000000 0.000000    -1.466639     1.431383 
59331.324763 0.000000 0.000000    -1.085552     1.633868 
59331.362374 0.000000 0.000000    -0.692384     1.734880 
59331.399984 0.000000 0.000000    -0.380598     1.775277 
59331.437594 0.000000 0.000000    -0.180329     1.787738 
59331.475204 0.000000 0.000000    -0.073656     1.790624 
59331.512814 0.000000 0.000000    -0.025939     1.791120 
59331.550424 0.000000 0.000000    -0.007877     1.791183 
59331.588035 0.000000 0.000000    -0.002063     1.791189 
59331.625645 0.000000 0.000000    -0.000466     1.791190 
59331.663255 0.000000 0.000000    -0.000088     1.791190 
59331.700865 0.000000 0.000000     0.000007     1.791190 
59331.738475 0.000000 0.000000     0.000135     1.791190 
59331.776085 0.000000 0.000000     0.000714     1.791190 
59331.813695 0.000000 0.000000     0.003187     1.791189 
59331.851306 0.000000 0.000000     0.012169     1.791186 
59331.888916 0.000000 0.000000     0.039654     1.791146 
59331.926526 0.000000 0.000000     0.109834     1.790796 
59331.964136 0.000000 0.000000     0.256931     1.788553 
59332.001746 0.000000 0.000000     0.502323     1.778045 
59332.039356 0.000000 0.000000     0.805421     1.741901 
59332.076967 0.000000 0.000000     1.018003     1.648874 
59332.114577 0.000000 0.000000     0.910055     1.464744 
59332.152187 0.000000 0.000000     0.309844     1.184421 
59332.189797 0.000000 0.000000    -0.715895     0.916907 
59332.227407 0.000000 0.000000    -1.816028     0.861906 
59332.265017 0.000000 0.000000    -2.541257     0.871096 
59332.302627 0.000000 0.000000    -2.634649     1.038661 
59332.340238 0.000000 0.000000    -2.176032     1.336107 
59332.377848 0.000000 0.000000    -1.472063     1.570016 
59332.415458 0.000000 0.000000    -0.825305     1.704549 
59332.453068 0.000000 0.000000    -0.384866     1.764599 
59332.490678 0.000000 0.000000    -0.148922     1.784976 
59332.528288 0.000000 0.000000    -0.047360     1.790103 
59332.565899 0.000000 0.000000    -0.012108     1.791048 
59332.603509 0.000000 0.000000    -0.002358     1.791176 
59332.641119 0.000000 0.000000    -0.000292     1.791189 
59332.678729 0.000000 0.000000     0.000003     1.791190 
59332.716339 0.000000 0.000000     0.000013     1.791190 
59332.753949 0.000000 0.000000     0.000004     1.791190 
59332.791559 0.000000 0.000000    -0.000003     1.791190 
59332.829170 0.000000 0.000000    -0.000026     1.791190 
59332.866780 0.000000 0.000000    -0.000162     1.791190 
59332.904390 0.000000 0.000000    -0.000873     1.791190 
59332.942000 0.000000 0.000000    -0.004056     1.791189 
59332.979610 0.000000 0.000000    -0.016228     1.791187 
59333.017220 0.000000 0.000000    -0.055901     1.791160 
59333.054831 0.000000 0.000000    -0.165711     1.790928 
59333.092441 0.000000 0.000000    -0.422544     1.789443 
59333.130051 0.000000 0.000000    -0.926294     1.782426 
59333.167661 0.000000 0.000000    -1.744700     1.757672 
59333.205271 0.000000 0.000000    -2.821507     1.690932 
59333.242881 0.000000 0.000000    -3.914392     1.548163 
59333.280492 0.000000 0.000000    -4.653949     1.296783 
59333.318102 0.000000 0.000000    -4.735745     0.968197 
59333.355712 0.000000 0.000000    -4.117487     1.033737 
59333.393322 0.000000 0.000000    -3.051922     1.361622 
59333.430932 0.000000 0.000000    -1.922428     1.587281 
59333.468542 0.000000 0.000000    -1.024433     1.710411 
59333.506152 0.000000 0.000000    -0.458598     1.765446 
59333.543763 0.000000 0.000000    -0.170474     1.784809 
59333.581373 0.000000 0.000000    -0.051508     1.789988 
59333.618983 0.000000 0.000000    -0.012075     1.791020 
59333.656593 0.000000 0.000000    -0.001912     1.791172 
59333.694203 0.000000 0.000000    -0.000055     1.791188 
59333.731813 0.000000 0.000000     0.000127     1.791190 
59333.769424 0.000000 0.000000     0.000297     1.791190 
59333.807034 0.000000 0.000000     0.001309     1.791189 
59333.844644 0.000000 0.000000     0.005483     1.791186 
59333.882254 0.000000 0.000000     0.019712     1.791145 
59333.919864 0.000000 0.000000     0.060320     1.790792 
59333.957474 0.000000 0.000000     0.156448     1.788569 
59333.995084 0.000000 0.000000     0.341891     1.778395 
59334.032695 0.000000 0.000000     0.623553     1.744396 
59334.070305 0.000000 0.000000     0.933300     1.659726 
59334.107915 0.000000 0.000000     1.107963     1.497522 
59334.145525 0.000000 0.000000     0.955531     1.250926 
59334.183135 0.000000 0.000000     0.400606     0.952942 
59334.220745 0.000000 0.000000    -0.405889     0.787346 
59334.258356 0.000000 0.000000    -1.142072     1.021462 
59334.295966 0.000000 0.000000    -1.519682     1.322340 
59334.333576 0.000000 0.000000    -1.463717     1.551903 
59334.371186 0.000000 0.000000    -1.117275     1.691644 
59334.408796 0.000000 0.000000    -0.699918     1.758648 
59334.446406 0.000000 0.000000    -0.366112     1.783105 
59334.484016 0.000000 0.000000    -0.161484     1.789696 
59334.521627 0.000000 0.000000    -0.060432     1.790986 
59334.559237 0.000000 0.000000    -0.019267     1.791169 
59334.596847 0.000000 0.000000    -0.005249     1.791188 
59334.634457 0.000000 0.000000    -0.001224     1.791190 
59334.672067 0.000000 0.000000    -0.000245     1.791190 
59334.709677 0.000000 0.000000    -0.000042     1.791190 
59334.747288 0.000000 0.000000    -0.000004     1.791190 
59334.784898 0.000000 0.000000     0.000019     1.791190 
59334.822508 0.000000 0.000000     0.000127     1.791190 
59334.860118 0.000000 0.000000     0.000712     1.791190 
59334.897728 0.000000 0.000000     0.003436     1.791189 
59334.935338 0.000000 0.000000     0.014299     1.791187 
59334.972949 0.000000 0.000000     0.051279     1.791157 
59335.010559 0.000000 0.000000     0.158372     1.790891 
59335.048169 0.000000 0.000000     0.421003     1.789181 
59335.085779 0.000000 0.000000     0.962648     1.781211 
59335.123389 0.000000 0.000000     1.891793     1.754205 
59335.160999 0.000000 0.000000     3.192047     1.686532 
59335.198609 0.000000 0.000000     4.618574     1.557300 
59335.236220 0.000000 0.000000     5.721124     1.361161 
59335.273830 0.000000 0.000000     6.054038     1.106747 
59335.311440 0.000000 0.000000     5.456253     0.824132 
59335.349050 0.000000 0.000000     4.170136     0.909102 
59335.386660 0.000000 0.000000     2.685082     1.260104 
59335.424270 0.000000 0.000000     1.440991     1.524220 
59335.461881 0.000000 0.000000     0.632230     1.680622 
59335.499491 0.000000 0.000000     0.217755     1.754894 
59335.537101 0.000000 0.000000     0.052604     1.782076 
59335.574711 0.000000 0.000000     0.004523     1.789480 
59335.612321 0.000000 0.000000    -0.003301     1.790952 
59335.649931 0.000000 0.000000    -0.002215     1.791165 
59335.687541 0.000000 0.000000    -0.000834     1.791188 
59335.725152 0.000000 0.000000    -0.000211     1.791190 
59335.762762 0.000000 0.000000     0.000086     1.791190 
59335.800372 0.000000 0.000000     0.000663     1.791189 
59335.837982 0.000000 0.000000     0.002799     1.791186 
59335.875592 0.000000 0.000000     0.010040     1.791152 
59335.913202 0.000000 0.000000     0.031018     1.790853 
59335.950813 0.000000 0.000000     0.082567     1.788962 
59335.988423 0.000000 0.000000     0.189362     1.780089 
59336.026033 0.000000 0.000000     0.374172     1.749056 
59336.063643 0.000000 0.000000     0.636997     1.666207 
59336.101253 0.000000 0.000000     0.934314     1.490925 
59336.138863 0.000000 0.000000     1.180704     1.189471 
59336.176473 0.000000 0.000000     1.285553     0.907107 
59336.214084 0.000000 0.000000     1.206012     1.180601 
59336.251694 0.000000 0.000000     0.974861     1.485020 
59336.289304 0.000000 0.000000     0.679021     1.663055 
59336.326914 0.000000 0.000000     0.407567     1.747692 
59336.364524 0.000000 0.000000     0.210824     1.779631 
59336.402134 0.000000 0.000000     0.093990     1.788846 
59336.439745 0.000000 0.000000     0.036118     1.790832 
59336.477355 0.000000 0.000000     0.011964     1.791149 
59336.514965 0.000000 0.000000     0.003417     1.791186 
59336.552575 0.000000 0.000000     0.000841     1.791189 
59336.590185 0.000000 0.000000     0.000179     1.791190 
59336.627795 0.000000 0.000000     0.000033     1.791190 
59336.665406 0.000000 0.000000     0.000005     1.791190 
59336.703016 0.000000 0.000000     0.000002     1.791190 
59336.740626 0.000000 0.000000     0.000010     1.791190 
59336.778236 0.000000 0.000000     0.000064     1.791190 
59336.815846 0.000000 0.000000     0.000348     1.791190 
59336.853456 0.000000 0.000000     0.001624     1.791189 
59336.891066 0.000000 0.000000     0.006523     1.791188 
59336.928677 0.000000 0.000000     0.022571     1.791164 
59336.966287 0.000000 0.000000     0.067220     1.790953 
59337.003897 0.000000 0.000000     0.172249     1.789553 
59337.041507 0.000000 0.000000     0.379598     1.782678 
59337.079117 0.000000 0.000000     0.719075     1.757526 
59337.116727 0.000000 0.000000     1.170186     1.687548 
59337.154338 0.000000 0.000000     1.634814     1.534113 
59337.191948 0.000000 0.000000     1.959111     1.259937 
59337.229558 0.000000 0.000000     2.011828     0.928773 
59337.267168 0.000000 0.000000     1.768133     1.102072 
59337.304778 0.000000 0.000000     1.327760     1.429069 
59337.342388 0.000000 0.000000     0.850070     1.632201 
59337.379998 0.000000 0.000000     0.462595     1.733950 
59337.417609 0.000000 0.000000     0.213034     1.774890 
59337.455219 0.000000 0.000000     0.082466     1.787622 
59337.492829 0.000000 0.000000     0.026538     1.790599 
59337.530439 0.000000 0.000000     0.006958     1.791116 
59337.568049 0.000000 0.000000     0.001423     1.791183 
59337.605659 0.000000 0.000000     0.000201     1.791189 
59337.643270 0.000000 0.000000     0.000008     1.791190 
59337.680880 0.000000 0.000000    -0.000007     1.791190 
59337.718490 0.000000 0.000000    -0.000013     1.791190 
59337.756100 0.000000 0.000000    -0.000064     1.791190 
59337.793710 0.000000 0.000000    -0.000314     1.791190 
59337.831320 0.000000 0.000000    -0.001337     1.791189 
59337.868930 0.000000 0.000000    -0.004903     1.791181 
59337.906541 0.000000 0.000000    -0.015469     1.791093 
59337.944151 0.000000 0.000000    -0.041978     1.790427 
59337.981761 0.000000 0.000000    -0.097938     1.786664 
59338.019371 0.000000 0.000000    -0.196346     1.770968 
59338.056981 0.000000 0.000000    -0.338038     1.721889 
59338.094591 0.000000 0.000000    -0.499430     1.603304 
59338.132202 0.000000 0.000000    -0.632668     1.373010 
59338.169812 0.000000 0.000000    -0.686451     1.024969 
59338.207422 0.000000 0.000000    -0.637081     0.987289 
59338.245032 0.000000 0.000000    -0.504863     1.338553 
59338.282642 0.000000 0.000000    -0.340823     1.583632 
59338.320252 0.000000 0.000000    -0.195360     1.712765 
59338.357863 0.000000 0.000000    -0.094626     1.767650 
59338.395473 0.000000 0.000000    -0.038444     1.785755 
59338.433083 0.000000 0.000000    -0.012938     1.790243 
59338.470693 0.000000 0.000000    -0.003523     1.791066 
59338.508303 0.000000 0.000000    -0.000737     1.791178 
59338.545913 0.000000 0.000000    -0.000100     1.791189 
59338.583523 0.000000 0.000000    -0.000000     1.791190 
59338.621134 0.000000 0.000000     0.000005     1.791190 
59338.658744 0.000000 0.000000     0.000002     1.791190 
59338.696354 0.000000 0.000000     0.000000     1.791190 
59338.733964 0.000000 0.000000    -0.000000     1.791190 
59338.771574 0.000000 0.000000    -0.000003     1.791190 
59338.809184 0.000000 0.000000    -0.000023     1.791190 
59338.846795 0.000000 0.000000    -0.000152     1.791190 
59338.884405 0.000000 0.000000    -0.000848     1.791189 
59338.922015 0.000000 0.000000    -0.004004     1.791187 
59338.959625 0.000000 0.000000    -0.015984     1.791158 
59338.997235 0.000000 0.000000    -0.054052     1.790894 
59339.034845 0.000000 0.000000    -0.154780     1.789150 
59339.072455 0.000000 0.000000    -0.374525     1.780720 
59339.110066 0.000000 0.000000    -0.762475     1.750868 
59339.147676 0.000000 0.000000    -1.295581     1.672077 
59339.185286 0.000000 0.000000    -1.809969     1.513120 
59339.222896 0.000000 0.000000    -2.015529     1.266855 
59339.260506 0.000000 0.000000    -1.653657     1.014633 
59339.298116 0.000000 0.000000    -0.717759     0.961454 
59339.335727 0.000000 0.000000     0.466283     1.071337 
59339.373337 0.000000 0.000000     1.419409     1.252926 
59339.410947 0.000000 0.000000     1.817596     1.464382 
59339.448557 0.000000 0.000000     1.663741     1.632373 
59339.486167 0.000000 0.000000     1.204342     1.730261 
59339.523777 0.000000 0.000000     0.715956     1.773198 
59339.561387 0.000000 0.000000     0.355996     1.787196 
59339.598998 0.000000 0.000000     0.149586     1.790532 
59339.636608 0.000000 0.000000     0.053454     1.791110 
59339.674218 0.000000 0.000000     0.016313     1.791182 
59339.711828 0.000000 0.000000     0.004264     1.791189 
59339.749438 0.000000 0.000000     0.000957     1.791190 
59339.787048 0.000000 0.000000     0.000184     1.791190 
59339.824659 0.000000 0.000000     0.000031     1.791190 
59339.862269 0.000000 0.000000     0.000004     1.791190 
59339.899879 0.000000 0.000000     0.000001     1.791190 
59339.937489 0.000000 0.000000     0.000000     1.791190 
59339.975099 0.000000 0.000000     0.000000     1.791190 
59340.012709 0.000000 0.000000     0.000000     1.791190 
59340.050320 0.000000 0.000000     0.000000     1.791190 
59340.087930 0.000000 0.000000     0.000000     1.791190 
59340.125540 0.000000 0.000000     0.000000     1.791190 
59340.163150 0.000000 0.000000     0.000000     1.791190 
59340.200760 0.000000 0.000000     0.000000     1.791190 
59340.238370 0.000000 0.000000     0.000000     1.791190 
59340.275980 0.000000 0.000000     0.000000     1.791190 
59340.313591 0.000000 0.000000    -0.000000     1.791190 
59340.351201 0.000000 0.000000    -0.000000     1.791190 
59340.388811 0.000000 0.000000    -0.000000     1.791190 
59340.426421 0.000000 0.000000    -0.000000     1.791190 
59340.464031 0.000000 0.000000    -0.000000     1.791190 
59340.501641 0.000000 0.000000    -0.000000     1.791190 
59340.539252 0.000000 0.000000    -0.000000     1.791190 
59340.576862 0.000000 0.000000    -0.000000     1.791190 
59340.614472 0.000000 0.000000    -0.000000     1.791190 
59340.652082 0.000000 0.000000    -0.000000     1.791190 
59340.689692 0.000000 0.000000    -0.000003     1.791190 
59340.727302 0.000000 0.000000    -0.000021     1.791190 
59340.764912 0.000000 0.000000    -0.000124     1.791190 
59340.802523 0.000000 0.000000    -0.000634     1.791190 
59340.840133 0.000000 0.000000    -0.002798     1.791189 
59340.877743 0.000000 0.000000    -0.010642     1.791184 
59340.915353 0.000000 0.000000    -0.034866     1.791132 
59340.952963 0.000000 0.000000    -0.098385     1.790713 
59340.990573 0.000000 0.000000    -0.239034     1.788216 
59341.028184 0.000000 0.000000    -0.499857     1.777183 
59341.065794 0.000000 0.000000    -0.899361     1.740602 
59341.103404 0.000000 0.000000    -1.391729     1.647238 
59341.141014 0.000000 0.000000    -1.851473     1.456657 
59341.178624 0.000000 0.000000    -2.116435     1.140836 
59341.216234 0.000000 0.000000    -2.077611     0.913311 
59341.253844 0.000000 0.000000    -1.750218     1.223923 
59341.291455 0.000000 0.000000    -1.264209     1.511704 
59341.329065 0.000000 0.000000    -0.782132     1.676258 
59341.366675 0.000000 0.000000    -0.413885     1.752969 
59341.404285 0.000000 0.000000    -0.186994     1.781265 
59341.441895 0.000000 0.000000    -0.071953     1.789227 
59341.479505 0.000000 0.000000    -0.023497     1.790898 
59341.517116 0.000000 0.000000    -0.006478     1.791157 
59341.554726 0.000000 0.000000    -0.001495     1.791187 
59341.592336 0.000000 0.000000    -0.000285     1.791189 
59341.629946 0.000000 0.000000    -0.000044     1.791190 
59341.667556 0.000000 0.000000    -0.000005     1.791190 
59341.705166 0.000000 0.000000    -0.000000     1.791190 
59341.742777 0.000000 0.000000    -0.000001     1.791190 
59341.780387 0.000000 0.000000    -0.000005     1.791190 
59341.817997 0.000000 0.000000    -0.000032     1.791190 
59341.855607 0.000000 0.000000    -0.000174     1.791189 
59341.893217 0.000000 0.000000    -0.000788     1.791181 
59341.930827 0.000000 0.000000    -0.003006     1.791097 
59341.968437 0.000000 0.000000    -0.009713     1.790451 
59342.006048 0.000000 0.000000    -0.026687     1.786794 
59342.043658 0.000000 0.000000    -0.062539     1.771472 
59342.081268 0.000000 0.000000    -0.125254     1.723352 
59342.118878 0.000000 0.000000    -0.214726     1.606621 
59342.156488 0.000000 0.000000    -0.315462     1.379111 
59342.194098 0.000000 0.000000    -0.397538     1.032447 
59342.231709 0.000000 0.000000    -0.430036     0.980407 
59342.269319 0.000000 0.000000    -0.399571     1.331394 
59342.306929 0.000000 0.000000    -0.319060     1.579356 
59342.344539 0.000000 0.000000    -0.219045     1.710692 
59342.382149 0.000000 0.000000    -0.129346     1.766861 
59342.419759 0.000000 0.000000    -0.065718     1.785528 
59342.457369 0.000000 0.000000    -0.028739     1.790195 
59342.494980 0.000000 0.000000    -0.010820     1.791059 
59342.532590 0.000000 0.000000    -0.003509     1.791177 
59342.570200 0.000000 0.000000    -0.000980     1.791189 
59342.607810 0.000000 0.000000    -0.000236     1.791190 
59342.645420 0.000000 0.000000    -0.000049     1.791190 
59342.683030 0.000000 0.000000    -0.000009     1.791190 
59342.720641 0.000000 0.000000    -0.000001     1.791190 
59342.758251 0.000000 0.000000    -0.000000     1.791190 
59342.795861 0.000000 0.000000    -0.000000     1.791190 
59342.833471 0.000000 0.000000    -0.000000     1.791190 
59342.871081 0.000000 0.000000    -0.000000     1.791190 
59342.908691 0.000000 0.000000    -0.000000     1.791190 
59342.946301 0.000000 0.000000    -0.000000     1.791190 
59342.983912 0.000000 0.000000    -0.000000     1.791190 
59343.021522 0.000000 0.000000    -0.000000     1.791190 
59343.059132 0.000000 0.000000    -0.000000     1.791190 
59343.096742 0.000000 0.000000    -0.000000     1.791190 
59343.134352 0.000000 0.000000    -0.000000     1.791190 
59343.171962 0.000000 0.000000    -0.000000     1.791190 
59343.209573 0.000000 0.000000    -0.000000     1.791190 
59343.247183 0.000000 0.000000    -0.000000     1.791190 
59343.284793 0.000000 0.000000    -0.000000     1.791190 
59343.322403 0.000000 0.000000    -0.000000     1.791190 
59343.360013 0.000000 0.000000    -0.000000     1.791190 
59343.397623 0.000000 0.000000    -0.000000     1.791190 
59343.435234 0.000000 0.000000    -0.000000     1.791190 
59343.472844 0.000000 0.000000    -0.000000     1.791190 
59343.510454 0.000000 0.000000    -0.000000     1.791190 
59343.548064 0.000000 0.000000    -0.000000     1.791190 
59343.585674 0.000000 0.000000    -0.000000     1.791190 
59343.623284 0.000000 0.000000    -0.000000     1.791190 
59343.660894 0.000000 0.000000    -0.000000     1.791190 
59343.698505 0.000000 0.000000    -0.000000     1.791190 
59343.736115 0.000000 0.000000    -0.000000     1.791190 
59343.773725 0.000000 0.000000    -0.000000     1.791190 
59343.811335 0.000000 0.000000    -0.000000     1.791190 
59343.848945 0.000000 0.000000    -0.000000     1.791190 
59343.886555 0.000000 0.000000    -0.000000     1.791190 
59343.924166 0.000000 0.000000    -0.000000     1.791190 
59343.961776 0.000000 0.000000    -0.000000     1.791190 
59343.999386 0.000000 0.000000    -0.000000     1.791190 
59344.036996 0.000000 0.000000    -0.000000     1.791190 
59344.074606 0.000000 0.000000    -0.000000     1.791190 
59344.112216 0.000000 0.000000    -0.000000     1.791190 
59344.149826 0.000000 0.000000    -0.000000     1.791190 
59344.187437 0.000000 0.000000    -0.000000     1.791190 
59344.225047 0.000000 0.000000    -0.000000     1.791190 
59344.262657 0.000000 0.000000    -0.000000     1.791190 
59344.300267 0.000000 0.000000    -0.000000     1.791190 
59344.337877 0.000000 0.000000    -0.000000     1.791190 
59344.375487 0.000000 0.000000    -0.000000     1.791190 
59344.413098 0.000000 0.000000    -0.000000     1.791190 
59344.450708 0.000000 0.000000    -0.000000     1.791190 
59344.488318 0.000000 0.000000    -0.000000     1.791190 
59344.525928 0.000000 0.000000    -0.000000     1.791190 
59344.563538 0.000000 0.000000    -0.000000     1.791190 
59344.601148 0.000000 0.000000    -0.000000     1.791190 
59344.638758 0.000000 0.000000    -0.000000     1.791190 
59344.676369 0.000000 0.000000    -0.000000     1.791190 
59344.713979 0.000000 0.000000    -0.000000     1.791190 
59344.751589 0.000000 0.000000    -0.000000     1.791190 
59344.789199 0.000000 0.000000    -0.000000     1.791190 
59344.826809 0.000000 0.000000    -0.000001     1.791190 
59344.864419 0.000000 0.000000    -0.000004     1.791190 
59344.902030 0.000000 0.000000    -0.000022     1.791190 
59344.939640 0.000000 0.000000    -0.000099     1.791190 
59344.977250 0.000000 0.000000    -0.000379     1.791189 
59345.014860 0.000000 0.000000    -0.001183     1.791186 
59345.052470 0.000000 0.000000    -0.002889     1.791151 
59345.090080 0.000000 0.000000    -0.004897     1.790851 
59345.127691 0.000000 0.000000    -0.002665     1.788946 
59345.165301 0.000000 0.000000     0.016998     1.780023 
59345.202911 0.000000 0.000000     0.078150     1.748845 
59345.240521 0.000000 0.000000     0.207373     1.665685 
59345.278131 0.000000 0.000000     0.411408     1.489883 
59345.315741 0.000000 0.000000     0.653726     1.187821 
59345.353351 0.000000 0.000000     0.856190     0.907090 
59345.390962 0.000000 0.000000     0.937967     1.182399 
59345.428572 0.000000 0.000000     0.866908     1.486238 
59345.466182 0.000000 0.000000     0.679663     1.663709 
59345.503792 0.000000 0.000000     0.453684     1.747974 
59345.541402 0.000000 0.000000     0.258521     1.779725 
59345.579012 0.000000 0.000000     0.126000     1.788870 
59345.616623 0.000000 0.000000     0.052606     1.790836 
59345.654233 0.000000 0.000000     0.018840     1.791149 
59345.691843 0.000000 0.000000     0.005816     1.791186 
59345.729453 0.000000 0.000000     0.001683     1.791189 
59345.767063 0.000000 0.000000     0.001144     1.791190 
59345.804673 0.000000 0.000000     0.003621     1.791189 
59345.842283 0.000000 0.000000     0.013681     1.791185 
59345.879894 0.000000 0.000000     0.045364     1.791132 
59345.917504 0.000000 0.000000     0.129848     1.790705 
59345.955114 0.000000 0.000000     0.320557     1.788131 
59345.992724 0.000000 0.000000     0.682426     1.776665 
59346.030334 0.000000 0.000000     1.252688     1.738498 
59346.067944 0.000000 0.000000     1.982567     1.641029 
59346.105555 0.000000 0.000000     2.705057     1.442491 
59346.143165 0.000000 0.000000     3.181706     1.116770 
59346.180775 0.000000 0.000000     3.225929     0.923259 
59346.218385 0.000000 0.000000     2.819305     1.253135 
59346.255995 0.000000 0.000000     2.123771     1.531918 
59346.293605 0.000000 0.000000     1.378930     1.687358 
59346.331215 0.000000 0.000000     0.771687     1.757773 
59346.368826 0.000000 0.000000     0.372223     1.782839 
59346.406436 0.000000 0.000000     0.154750     1.789606 
59346.444046 0.000000 0.000000     0.055454     1.790964 
59346.481656 0.000000 0.000000     0.017128     1.791166 
59346.519266 0.000000 0.000000     0.004560     1.791188 
59346.556876 0.000000 0.000000     0.001047     1.791189 
59346.594487 0.000000 0.000000     0.000207     1.791190 
59346.632097 0.000000 0.000000     0.000035     1.791190 
59346.669707 0.000000 0.000000     0.000005     1.791190 
59346.707317 0.000000 0.000000     0.000001     1.791190 
59346.744927 0.000000 0.000000    -0.000000     1.791190 
59346.782537 0.000000 0.000000    -0.000003     1.791190 
59346.820148 0.000000 0.000000    -0.000017     1.791190 
59346.857758 0.000000 0.000000    -0.000092     1.791190 
59346.895368 0.000000 0.000000    -0.000425     1.791190 
59346.932978 0.000000 0.000000    -0.001657     1.791189 
59346.970588 0.000000 0.000000    -0.005417     1.791179 
59347.008198 0.000000 0.000000    -0.014660     1.791078 
59347.045808 0.000000 0.000000    -0.032036     1.790343 
59347.083419 0.000000 0.000000    -0.053386     1.786397 
59347.121029 0.000000 0.000000    -0.056132     1.770669 
59347.158639 0.000000 0.000000     0.008232     1.723376 
59347.196249 0.000000 0.000000     0.199064     1.612587 
59347.233859 0.000000 0.000000     0.540404     1.401994 
59347.271469 0.000000 0.000000     0.971239     1.078868 
59347.309080 0.000000 0.000000     1.346819     0.935191 
59347.346690 0.000000 0.000000     1.514579     1.255841 
59347.384300 0.000000 0.000000     1.412775     1.523100 
59347.421910 0.000000 0.000000     1.106467     1.677954 
59347.459520 0.000000 0.000000     0.732949     1.752149 
59347.497130 0.000000 0.000000     0.412625     1.780590 
59347.534740 0.000000 0.000000     0.198070     1.788984 
59347.572351 0.000000 0.000000     0.081265     1.790843 
59347.609961 0.000000 0.000000     0.028549     1.791149 
59347.647571 0.000000 0.000000     0.008600     1.791186 
59347.685181 0.000000 0.000000     0.002224     1.791189 
59347.722791 0.000000 0.000000     0.000494     1.791190 
59347.760401 0.000000 0.000000     0.000095     1.791190 
59347.798012 0.000000 0.000000     0.000019     1.791190 
59347.835622 0.000000 0.000000     0.000021     1.791190 
59347.873232 0.000000 0.000000     0.000096     1.791190 
59347.910842 0.000000 0.000000     0.000425     1.791189 
59347.948452 0.000000 0.000000     0.001625     1.791187 
59347.986062 0.000000 0.000000     0.005331     1.791161 
59348.023672 0.000000 0.000000     0.014989     1.790925 
59348.061283 0.000000 0.000000     0.036079     1.789361 
59348.098893 0.000000 0.000000     0.074214     1.781710 
59348.136503 0.000000 0.000000     0.130150     1.753924 
59348.174113 0.000000 0.000000     0.193982     1.677337 
59348.211723 0.000000 0.000000     0.244607     1.511131 
59348.249333 0.000000 0.000000     0.259156     1.218467 
59348.286944 0.000000 0.000000     0.228094     0.910332 
59348.324554 0.000000 0.000000     0.163364     1.156106 
59348.362164 0.000000 0.000000     0.091083     1.470536 
59348.399774 0.000000 0.000000     0.034770     1.656407 
59348.437384 0.000000 0.000000     0.003522     1.745278 
59348.474994 0.000000 0.000000    -0.007253     1.778969 
59348.512605 0.000000 0.000000    -0.007338     1.788714 
59348.550215 0.000000 0.000000    -0.004424     1.790813 
59348.587825 0.000000 0.000000    -0.002009     1.791147 
59348.625435 0.000000 0.000000    -0.000739     1.791186 
59348.663045 0.000000 0.000000    -0.000266     1.791189 
59348.700655 0.000000 0.000000    -0.000311     1.791190 
59348.738265 0.000000 0.000000    -0.001248     1.791190 
59348.775876 0.000000 0.000000    -0.005163     1.791188 
59348.813486 0.000000 0.000000    -0.018593     1.791171 
59348.851096 0.000000 0.000000    -0.057798     1.791011 
59348.888706 0.000000 0.000000    -0.155003     1.789895 
59348.926316 0.000000 0.000000    -0.358573     1.784160 
59348.963926 0.000000 0.000000    -0.715457     1.762263 
59349.001537 0.000000 0.000000    -1.231178     1.698999 
59349.039147 0.000000 0.000000    -1.827091     1.555914 
59349.076757 0.000000 0.000000    -2.338172     1.293258 
59349.114367 0.000000 0.000000    -2.580186     0.948726 
59349.151977 0.000000 0.000000    -2.455107     1.071556 
59349.189587 0.000000 0.000000    -2.014315     1.408858 
59349.227197 0.000000 0.000000    -1.425018     1.622455 
59349.264808 0.000000 0.000000    -0.869266     1.730196 
59349.302418 0.000000 0.000000    -0.457230     1.773783 
59349.340028 0.000000 0.000000    -0.207386     1.787382 
59349.377638 0.000000 0.000000    -0.081117     1.790562 
59349.415248 0.000000 0.000000    -0.027362     1.791112 
59349.452858 0.000000 0.000000    -0.007960     1.791182 
59349.490469 0.000000 0.000000    -0.001998     1.791189 
59349.528079 0.000000 0.000000    -0.000432     1.791190 
59349.565689 0.000000 0.000000    -0.000081     1.791190 
59349.603299 0.000000 0.000000    -0.000013     1.791190 
59349.640909 0.000000 0.000000    -0.000002     1.791190 
59349.678519 0.000000 0.000000    -0.000000     1.791190 
59349.716129 0.000000 0.000000     0.000000     1.791190 
59349.753740 0.000000 0.000000     0.000000     1.791190 
59349.791350 0.000000 0.000000     0.000002     1.791190 
59349.828960 0.000000 0.000000     0.000016     1.791190 
59349.866570 0.000000 0.000000     0.000102     1.791190 
59349.904180 0.000000 0.000000     0.000562     1.791190 
59349.941790 0.000000 0.000000     0.002678     1.791189 
59349.979401 0.000000 0.000000     0.010993     1.791183 
59350.017011 0.000000 0.000000     0.038870     1.791116 
59350.054621 0.000000 0.000000     0.118396     1.790591 
59350.092231 0.000000 0.000000     0.310689     1.787547 
59350.129841 0.000000 0.000000     0.702412     1.774468 
59350.167451 0.000000 0.000000     1.368210     1.732336 
59350.205062 0.000000 0.000000     2.296292     1.627681 
59350.242672 0.000000 0.000000     3.320741     1.419214 
59350.280282 0.000000 0.000000     4.138079     1.086551 
59350.317892 0.000000 0.000000     4.443682     0.938358 
59350.355502 0.000000 0.000000     4.112405     1.277404 
59350.393112 0.000000 0.000000     3.280114     1.545630 
59350.430722 0.000000 0.000000     2.255056     1.693608 
59350.468333 0.000000 0.000000     1.336413     1.760030 
59350.505943 0.000000 0.000000     0.682783     1.783459 
59350.543553 0.000000 0.000000     0.300768     1.789732 
59350.581163 0.000000 0.000000     0.114246     1.790983 
59350.618773 0.000000 0.000000     0.037426     1.791168 
59350.656383 0.000000 0.000000     0.010574     1.791188 
59350.693994 0.000000 0.000000     0.002572     1.791190 
59350.731604 0.000000 0.000000     0.000505     1.791190 
59350.769214 0.000000 0.000000    -0.000116     1.791190 
59350.806824 0.000000 0.000000    -0.001062     1.791190 
59350.844434 0.000000 0.000000    -0.004668     1.791189 
59350.882044 0.000000 0.000000    -0.017468     1.791181 
59350.919654 0.000000 0.000000    -0.056385     1.791100 
59350.957265 0.000000 0.000000    -0.157028     1.790486 
59350.994875 0.000000 0.000000    -0.377283     1.787045 
59351.032485 0.000000 0.000000    -0.781995     1.772720 
59351.070095 0.000000 0.000000    -1.398187     1.727807 
59351.107705 0.000000 0.000000    -2.156433     1.618636 
59351.145315 0.000000 0.000000    -2.868859     1.404755 
59351.182926 0.000000 0.000000    -3.292194     1.069971 
59351.220536 0.000000 0.000000    -3.258917     0.947644 
59351.258146 0.000000 0.000000    -2.782848     1.288348 
59351.295756 0.000000 0.000000    -2.050023     1.551091 
59351.333366 0.000000 0.000000    -1.302910     1.695791 
59351.370976 0.000000 0.000000    -0.714492     1.760716 
59351.408586 0.000000 0.000000    -0.338111     1.783622 
59351.446197 0.000000 0.000000    -0.138088     1.789761 
59351.483807 0.000000 0.000000    -0.048681     1.790987 
59351.521417 0.000000 0.000000    -0.014816     1.791168 
59351.559027 0.000000 0.000000    -0.003893     1.791188 
59351.596637 0.000000 0.000000    -0.000876     1.791190 
59351.634247 0.000000 0.000000    -0.000120     1.791190 
59351.671858 0.000000 0.000000     0.000284     1.791190 
59351.709468 0.000000 0.000000     0.001589     1.791190 
59351.747078 0.000000 0.000000     0.006996     1.791189 
59351.784688 0.000000 0.000000     0.026524     1.791177 
59351.822298 0.000000 0.000000     0.086828     1.791060 
59351.859908 0.000000 0.000000     0.245415     1.790220 
59351.897519 0.000000 0.000000     0.598840     1.785733 
59351.935129 0.000000 0.000000     1.261400     1.767931 
59351.972739 0.000000 0.000000     2.293493     1.714605 
59352.010349 0.000000 0.000000     3.599311     1.590071 
59352.047959 0.000000 0.000000     4.875278     1.354437 
59352.085569 0.000000 0.000000     5.699341     1.009537 
59352.123179 0.000000 0.000000     5.750264     0.996942 
59352.160790 0.000000 0.000000     5.007115     1.342455 
59352.198400 0.000000 0.000000     3.762954     1.582823 
59352.236010 0.000000 0.000000     2.440744     1.710967 
59352.273620 0.000000 0.000000     1.366420     1.766474 
59352.311230 0.000000 0.000000     0.660294     1.785288 
59352.348840 0.000000 0.000000     0.275430     1.790119 
59352.386451 0.000000 0.000000     0.099183     1.791044 
59352.424061 0.000000 0.000000     0.030836     1.791175 
59352.461671 0.000000 0.000000     0.008278     1.791188 
59352.499281 0.000000 0.000000     0.001919     1.791190 
59352.536891 0.000000 0.000000     0.000384     1.791190 
59352.574501 0.000000 0.000000     0.000066     1.791190 
59352.612111 0.000000 0.000000     0.000010     1.791190 
59352.649722 0.000000 0.000000     0.000001     1.791190 
59352.687332 0.000000 0.000000     0.000000     1.791190 
59352.724942 0.000000 0.000000    -0.000000     1.791190 
59352.762552 0.000000 0.000000    -0.000003     1.791190 
59352.800162 0.000000 0.000000    -0.000017     1.791190 
59352.837772 0.000000 0.000000    -0.000094     1.791190 
59352.875383 0.000000 0.000000    -0.000440     1.791189 
59352.912993 0.000000 0.000000    -0.001771     1.791187 
59352.950603 0.000000 0.000000    -0.006150     1.791163 
59352.988213 0.000000 0.000000    -0.018406     1.790946 
59353.025823 0.000000 0.000000    -0.047469     1.789535 
59353.063433 0.000000 0.000000    -0.105471     1.782720 
59353.101043 0.000000 0.000000    -0.201851     1.758182 
59353.138654 0.000000 0.000000    -0.332678     1.690807 
59353.176264 0.000000 0.000000    -0.472091     1.544512 
59353.213874 0.000000 0.000000    -0.576696     1.284212 
59353.251484 0.000000 0.000000    -0.606313     0.950542 
59353.289094 0.000000 0.000000    -0.548501     1.058595 
59353.326704 0.000000 0.000000    -0.426859     1.388892 
59353.364315 0.000000 0.000000    -0.285695     1.605992 
59353.401925 0.000000 0.000000    -0.164400     1.720406 
59353.439535 0.000000 0.000000    -0.081308     1.769526 
59353.477145 0.000000 0.000000    -0.034548     1.786046 
59353.514755 0.000000 0.000000    -0.012605     1.790262 
59353.552365 0.000000 0.000000    -0.003947     1.791064 
59353.589976 0.000000 0.000000    -0.001060     1.791177 
59353.627586 0.000000 0.000000    -0.000244     1.791189 
59353.665196 0.000000 0.000000    -0.000048     1.791190 
59353.702806 0.000000 0.000000    -0.000008     1.791190 
59353.740416 0.000000 0.000000    -0.000001     1.791190 
59353.778026 0.000000 0.000000    -0.000001     1.791190 
59353.815636 0.000000 0.000000    -0.000009     1.791190 
59353.853247 0.000000 0.000000    -0.000058     1.791190 
59353.890857 0.000000 0.000000    -0.000315     1.791190 
59353.928467 0.000000 0.000000    -0.001465     1.791189 
59353.966077 0.000000 0.000000    -0.005862     1.791176 
59354.003687 0.000000 0.000000    -0.020182     1.791058 
59354.041297 0.000000 0.000000    -0.059809     1.790221 
59354.078908 0.000000 0.000000    -0.152595     1.785823 
59354.116518 0.000000 0.000000    -0.335213     1.768595 
59354.154128 0.000000 0.000000    -0.634103     1.717455 
59354.191738 0.000000 0.000000    -1.032999     1.598647 
59354.229348 0.000000 0.000000    -1.449383     1.374078 
59354.266958 0.000000 0.000000    -1.751666     1.037964 
59354.304568 0.000000 0.000000    -1.823666     0.967561 
59354.342179 0.000000 0.000000    -1.635716     1.306906 
59354.379789 0.000000 0.000000    -1.264106     1.559170 
59354.417399 0.000000 0.000000    -0.841819     1.698414 
59354.455009 0.000000 0.000000    -0.483130     1.761289 
59354.492619 0.000000 0.000000    -0.238985     1.783681 
59354.530229 0.000000 0.000000    -0.101905     1.789754 
59354.567840 0.000000 0.000000    -0.037463     1.790983 
59354.605450 0.000000 0.000000    -0.011876     1.791167 
59354.643060 0.000000 0.000000    -0.003248     1.791188 
59354.680670 0.000000 0.000000    -0.000773     1.791189 
59354.718280 0.000000 0.000000    -0.000205     1.791190 
59354.755890 0.000000 0.000000    -0.000298     1.791190 
59354.793500 0.000000 0.000000    -0.001277     1.791189 
59354.831111 0.000000 0.000000    -0.005144     1.791179 
59354.868721 0.000000 0.000000    -0.017886     1.791081 
59354.906331 0.000000 0.000000    -0.053522     1.790352 
59354.943941 0.000000 0.000000    -0.137851     1.786347 
59354.981551 0.000000 0.000000    -0.305651     1.770034 
59355.019161 0.000000 0.000000    -0.583492     1.719990 
59355.056772 0.000000 0.000000    -0.959169     1.600792 
59355.094382 0.000000 0.000000    -1.357868     1.371596 
59355.131992 0.000000 0.000000    -1.655662     1.027102 
59355.169602 0.000000 0.000000    -1.738946     0.982374 
59355.207212 0.000000 0.000000    -1.573437     1.330011 
59355.244822 0.000000 0.000000    -1.226624     1.576646 
59355.282433 0.000000 0.000000    -0.823993     1.708520 
59355.320043 0.000000 0.000000    -0.477023     1.765727 
59355.357653 0.000000 0.000000    -0.238021     1.785119 
59355.395263 0.000000 0.000000    -0.102379     1.790092 
59355.432873 0.000000 0.000000    -0.037966     1.791040 
59355.470483 0.000000 0.000000    -0.012140     1.791174 
59355.508093 0.000000 0.000000    -0.003348     1.791188 
59355.545704 0.000000 0.000000    -0.000796     1.791190 
59355.583314 0.000000 0.000000    -0.000162     1.791190 
59355.620924 0.000000 0.000000    -0.000017     1.791190 
59355.658534 0.000000 0.000000     0.000070     1.791190 
59355.696144 0.000000 0.000000     0.000409     1.791190 
59355.733754 0.000000 0.000000     0.001926     1.791190 
59355.771365 0.000000 0.000000     0.007763     1.791188 
59355.808975 0.000000 0.000000     0.026743     1.791171 
59355.846585 0.000000 0.000000     0.078431     1.791001 
59355.884195 0.000000 0.000000     0.194768     1.789786 
59355.921805 0.000000 0.000000     0.405966     1.783435 
59355.959415 0.000000 0.000000     0.699519     1.759142 
59355.997025 0.000000 0.000000     0.967001     1.690192 
59356.034636 0.000000 0.000000     0.996751     1.541099 
59356.072246 0.000000 0.000000     0.575231     1.291269 
59356.109856 0.000000 0.000000    -0.329661     0.994809 
59356.147466 0.000000 0.000000    -1.456195     0.864039 
59356.185076 0.000000 0.000000    -2.356385     0.862680 
59356.222686 0.000000 0.000000    -2.677702     0.949622 
59356.260297 0.000000 0.000000    -2.382985     1.232806 
59356.297907 0.000000 0.000000    -1.724767     1.499605 
59356.335517 0.000000 0.000000    -1.031565     1.667766 
59356.373127 0.000000 0.000000    -0.512909     1.749806 
59356.410737 0.000000 0.000000    -0.211938     1.780528 
59356.448347 0.000000 0.000000    -0.072289     1.789125 
59356.485957 0.000000 0.000000    -0.020017     1.790892 
59356.523568 0.000000 0.000000    -0.004329     1.791158 
59356.561178 0.000000 0.000000    -0.000654     1.791187 
59356.598788 0.000000 0.000000    -0.000035     1.791189 
59356.636398 0.000000 0.000000     0.000016     1.791190 
59356.674008 0.000000 0.000000     0.000006     1.791190 
59356.711618 0.000000 0.000000    -0.000000     1.791190 
59356.749229 0.000000 0.000000    -0.000013     1.791190 
59356.786839 0.000000 0.000000    -0.000087     1.791190 
59356.824449 0.000000 0.000000    -0.000494     1.791190 
59356.862059 0.000000 0.000000    -0.002417     1.791190 
59356.899669 0.000000 0.000000    -0.010186     1.791189 
59356.937279 0.000000 0.000000    -0.036967     1.791177 
59356.974890 0.000000 0.000000    -0.115477     1.791063 
59357.012500 0.000000 0.000000    -0.310339     1.790257 
59357.050110 0.000000 0.000000    -0.717160     1.786029 
59357.087720 0.000000 0.000000    -1.424251     1.769541 
59357.125330 0.000000 0.000000    -2.429168     1.720898 
59357.162940 0.000000 0.000000    -3.555388     1.608625 
59357.200550 0.000000 0.000000    -4.461267     1.397469 
59357.238161 0.000000 0.000000    -4.793485     1.076086 
59357.275771 0.000000 0.000000    -4.403522     0.935632 
59357.313381 0.000000 0.000000    -3.451618     1.254431 
59357.350991 0.000000 0.000000    -2.302027     1.521485 
59357.388601 0.000000 0.000000    -1.301176     1.676975 
59357.426211 0.000000 0.000000    -0.619584     1.751758 
59357.463822 0.000000 0.000000    -0.246161     1.780488 
59357.501432 0.000000 0.000000    -0.080223     1.788968 
59357.539042 0.000000 0.000000    -0.020717     1.790842 
59357.576652 0.000000 0.000000    -0.003875     1.791149 
59357.614262 0.000000 0.000000    -0.000342     1.791186 
59357.651872 0.000000 0.000000     0.000106     1.791189 
59357.689482 0.000000 0.000000     0.000195     1.791190 
59357.727093 0.000000 0.000000     0.000774     1.791190 
59357.764703 0.000000 0.000000     0.003385     1.791188 
59357.802313 0.000000 0.000000     0.012861     1.791170 
59357.839923 0.000000 0.000000     0.041652     1.790998 
59357.877533 0.000000 0.000000     0.114514     1.789782 
59357.915143 0.000000 0.000000     0.265909     1.783564 
59357.952754 0.000000 0.000000     0.517359     1.760410 
59357.990364 0.000000 0.000000     0.832035     1.696717 
59358.027974 0.000000 0.000000     1.077676     1.563483 
59358.065584 0.000000 0.000000     1.058281     1.344437 
59358.103194 0.000000 0.000000     0.639899     1.055808 
59358.140804 0.000000 0.000000    -0.109575     0.799877 
59358.178414 0.000000 0.000000    -0.909824     0.917655 
59358.216025 0.000000 0.000000    -1.434719     1.224407 
59358.253635 0.000000 0.000000    -1.523783     1.482794 
59358.291245 0.000000 0.000000    -1.255018     1.652826 
59358.328855 0.000000 0.000000    -0.840357     1.741781 
59358.366465 0.000000 0.000000    -0.467525     1.777637 
59358.404075 0.000000 0.000000    -0.218684     1.788409 
59358.441686 0.000000 0.000000    -0.086623     1.790768 
59358.479296 0.000000 0.000000    -0.029195     1.791143 
59358.516906 0.000000 0.000000    -0.008400     1.791186 
59358.554516 0.000000 0.000000    -0.002068     1.791189 
59358.592126 0.000000 0.000000    -0.000436     1.791190 
59358.629736 0.000000 0.000000    -0.000079     1.791190 
59358.667347 0.000000 0.000000    -0.000011     1.791190 
59358.704957 0.000000 0.000000     0.000008     1.791190 
59358.742567 0.000000 0.000000     0.000067     1.791190 
59358.780177 0.000000 0.000000     0.000397     1.791190 
59358.817787 0.000000 0.000000     0.002020     1.791190 
59358.855397 0.000000 0.000000     0.008852     1.791189 
59358.893007 0.000000 0.000000     0.033438     1.791176 
59358.930618 0.000000 0.000000     0.108797     1.791047 
59358.968228 0.000000 0.000000     0.304761     1.790119 
59359.005838 0.000000 0.000000     0.734493     1.785277 
59359.043448 0.000000 0.000000     1.521848     1.766968 
59359.081058 0.000000 0.000000     2.708382     1.716144 
59359.118668 0.000000 0.000000     4.135251     1.609868 
59359.156279 0.000000 0.000000     5.408829     1.436171 
59359.193889 0.000000 0.000000     6.048741     1.200876 
59359.231499 0.000000 0.000000     5.768058     0.915765 
59359.269109 0.000000 0.000000     4.672577     0.810245 
59359.306719 0.000000 0.000000     3.197449     1.143332 
59359.344329 0.000000 0.000000     1.831889     1.445110 
59359.381939 0.000000 0.000000     0.865249     1.637186 
59359.419550 0.000000 0.000000     0.326825     1.736120 
59359.457160 0.000000 0.000000     0.091616     1.775955 
59359.494770 0.000000 0.000000     0.014149     1.788020 
59359.532380 0.000000 0.000000    -0.002433     1.790701 
59359.569990 0.000000 0.000000    -0.002785     1.791134 
59359.607600 0.000000 0.000000    -0.001216     1.791185 
59359.645211 0.000000 0.000000    -0.000363     1.791189 
59359.682821 0.000000 0.000000    -0.000014     1.791190 
59359.720431 0.000000 0.000000     0.000377     1.791190 
59359.758041 0.000000 0.000000     0.001729     1.791188 
59359.795651 0.000000 0.000000     0.006541     1.791173 
59359.833261 0.000000 0.000000     0.021285     1.791027 
59359.870871 0.000000 0.000000     0.059676     1.790000 
59359.908482 0.000000 0.000000     0.144156     1.784647 
59359.946092 0.000000 0.000000     0.300028     1.763948 
59359.983702 0.000000 0.000000     0.537995     1.703462 
59360.021312 0.000000 0.000000     0.831158     1.565364 
59360.058922 0.000000 0.000000     1.106316     1.309794 
59360.096532 0.000000 0.000000     1.268741     0.964170 
59360.134143 0.000000 0.000000     1.253645     1.054552 
59360.171753 0.000000 0.000000     1.067331     1.394321 
59360.209363 0.000000 0.000000     0.783007     1.613959 
59360.246973 0.000000 0.000000     0.494992     1.726188 
59360.284583 0.000000 0.000000     0.269665     1.772310 
59360.322193 0.000000 0.000000     0.126613     1.786975 
59360.359804 0.000000 0.000000     0.051239     1.790479 
59360.397414 0.000000 0.000000     0.017874     1.791100 
59360.435024 0.000000 0.000000     0.005375     1.791181 
59360.472634 0.000000 0.000000     0.001394     1.791189 
59360.510244 0.000000 0.000000     0.000312     1.791190 
59360.547854 0.000000 0.000000     0.000060     1.791190 
59360.585464 0.000000 0.000000     0.000010     1.791190 
59360.623075 0.000000 0.000000     0.000002     1.791190 
59360.660685 0.000000 0.000000     0.000005     1.791190 
59360.698295 0.000000 0.000000     0.000034     1.791190 
59360.735905 0.000000 0.000000     0.000196     1.791190 
59360.773515 0.000000 0.000000     0.000965     1.791190 
59360.811125 0.000000 0.000000     0.004085     1.791189 
59360.848736 0.000000 0.000000     0.014890     1.791179 
59360.886346 0.000000 0.000000     0.046726     1.791077 
59360.923956 0.000000 0.000000     0.126180     1.790329 
59360.961566 0.000000 0.000000     0.293091     1.786247 
59360.999176 0.000000 0.000000     0.585303     1.769727 
59361.036786 0.000000 0.000000     1.004340     1.719337 
59361.074396 0.000000 0.000000     1.479870     1.599869 
59361.112007 0.000000 0.000000     1.871006     1.371035 
59361.149617 0.000000 0.000000     2.027826     1.028690 
59361.187227 0.000000 0.000000     1.881851     0.983767 
59361.224837 0.000000 0.000000     1.493107     1.328839 
59361.262447 0.000000 0.000000     1.010862     1.575178 
59361.300057 0.000000 0.000000     0.582394     1.707496 
59361.337668 0.000000 0.000000     0.284444     1.765227 
59361.375278 0.000000 0.000000     0.117092     1.784946 
59361.412888 0.000000 0.000000     0.040254     1.790049 
59361.450498 0.000000 0.000000     0.011372     1.791033 
59361.488108 0.000000 0.000000     0.002556     1.791173 
59361.525718 0.000000 0.000000     0.000421     1.791188 
59361.563328 0.000000 0.000000     0.000036     1.791190 
59361.600939 0.000000 0.000000    -0.000006     1.791190 
59361.638549 0.000000 0.000000    -0.000009     1.791190 
59361.676159 0.000000 0.000000    -0.000036     1.791190 
59361.713769 0.000000 0.000000    -0.000183     1.791190 
59361.751379 0.000000 0.000000    -0.000821     1.791189 
59361.788989 0.000000 0.000000    -0.003170     1.791186 
59361.826600 0.000000 0.000000    -0.010539     1.791146 
59361.864210 0.000000 0.000000    -0.030144     1.790807 
59361.901820 0.000000 0.000000    -0.074134     1.788677 
59361.939430 0.000000 0.000000    -0.156699     1.778816 
