# Tc_folded model 
-1.500000 0.789793 
-1.499000 0.800917 
-1.498000 0.811984 
-1.497000 0.822994 
-1.496000 0.833948 
-1.495000 0.844844 
-1.494000 0.855683 
-1.493000 0.866465 
-1.492000 0.877189 
-1.491000 0.887856 
-1.490000 0.898465 
-1.489000 0.909016 
-1.488000 0.919509 
-1.487000 0.929944 
-1.486000 0.940321 
-1.485000 0.950639 
-1.484000 0.960900 
-1.483000 0.971101 
-1.482000 0.981244 
-1.481000 0.991329 
-1.480000 1.001355 
-1.479000 1.011322 
-1.478000 1.021230 
-1.477000 1.031079 
-1.476000 1.040870 
-1.475000 1.050601 
-1.474000 1.060273 
-1.473000 1.069886 
-1.472000 1.079439 
-1.471000 1.088934 
-1.470000 1.098369 
-1.469000 1.107744 
-1.468000 1.117060 
-1.467000 1.126317 
-1.466000 1.135514 
-1.465000 1.144651 
-1.464000 1.153729 
-1.463000 1.162747 
-1.462000 1.171706 
-1.461000 1.180605 
-1.460000 1.189444 
-1.459000 1.198224 
-1.458000 1.206943 
-1.457000 1.215603 
-1.456000 1.224204 
-1.455000 1.232744 
-1.454000 1.241224 
-1.453000 1.249645 
-1.452000 1.258006 
-1.451000 1.266307 
-1.450000 1.274548 
-1.449000 1.282730 
-1.448000 1.290851 
-1.447000 1.298913 
-1.446000 1.306915 
-1.445000 1.314857 
-1.444000 1.322740 
-1.443000 1.330562 
-1.442000 1.338325 
-1.441000 1.346028 
-1.440000 1.353671 
-1.439000 1.361255 
-1.438000 1.368778 
-1.437000 1.376242 
-1.436000 1.383647 
-1.435000 1.390992 
-1.434000 1.398277 
-1.433000 1.405502 
-1.432000 1.412668 
-1.431000 1.419775 
-1.430000 1.426822 
-1.429000 1.433809 
-1.428000 1.440737 
-1.427000 1.447606 
-1.426000 1.454415 
-1.425000 1.461165 
-1.424000 1.467856 
-1.423000 1.474487 
-1.422000 1.481059 
-1.421000 1.487572 
-1.420000 1.494026 
-1.419000 1.500421 
-1.418000 1.506757 
-1.417000 1.513034 
-1.416000 1.519251 
-1.415000 1.525410 
-1.414000 1.531510 
-1.413000 1.537552 
-1.412000 1.543534 
-1.411000 1.549458 
-1.410000 1.555323 
-1.409000 1.561130 
-1.408000 1.566878 
-1.407000 1.572568 
-1.406000 1.578199 
-1.405000 1.583772 
-1.404000 1.589286 
-1.403000 1.594743 
-1.402000 1.600141 
-1.401000 1.605481 
-1.400000 1.610762 
-1.399000 1.615986 
-1.398000 1.621152 
-1.397000 1.626260 
-1.396000 1.631310 
-1.395000 1.636303 
-1.394000 1.641237 
-1.393000 1.646115 
-1.392000 1.650934 
-1.391000 1.655696 
-1.390000 1.660400 
-1.389000 1.665048 
-1.388000 1.669637 
-1.387000 1.674170 
-1.386000 1.678645 
-1.385000 1.683064 
-1.384000 1.687425 
-1.383000 1.691729 
-1.382000 1.695977 
-1.381000 1.700167 
-1.380000 1.704301 
-1.379000 1.708378 
-1.378000 1.712398 
-1.377000 1.716362 
-1.376000 1.720269 
-1.375000 1.724120 
-1.374000 1.727915 
-1.373000 1.731653 
-1.372000 1.735335 
-1.371000 1.738961 
-1.370000 1.742530 
-1.369000 1.746044 
-1.368000 1.749502 
-1.367000 1.752904 
-1.366000 1.756250 
-1.365000 1.759540 
-1.364000 1.762775 
-1.363000 1.765954 
-1.362000 1.769078 
-1.361000 1.772146 
-1.360000 1.775159 
-1.359000 1.778117 
-1.358000 1.781019 
-1.357000 1.783866 
-1.356000 1.786659 
-1.355000 1.789396 
-1.354000 1.792078 
-1.353000 1.794705 
-1.352000 1.797278 
-1.351000 1.799796 
-1.350000 1.802259 
-1.349000 1.804667 
-1.348000 1.807021 
-1.347000 1.809321 
-1.346000 1.811566 
-1.345000 1.813757 
-1.344000 1.815894 
-1.343000 1.817977 
-1.342000 1.820005 
-1.341000 1.821980 
-1.340000 1.823900 
-1.339000 1.825767 
-1.338000 1.827580 
-1.337000 1.829339 
-1.336000 1.831045 
-1.335000 1.832697 
-1.334000 1.834295 
-1.333000 1.835840 
-1.332000 1.837332 
-1.331000 1.838770 
-1.330000 1.840155 
-1.329000 1.841487 
-1.328000 1.842766 
-1.327000 1.843991 
-1.326000 1.845164 
-1.325000 1.846284 
-1.324000 1.847351 
-1.323000 1.848365 
-1.322000 1.849327 
-1.321000 1.850236 
-1.320000 1.851092 
-1.319000 1.851896 
-1.318000 1.852648 
-1.317000 1.853347 
-1.316000 1.853993 
-1.315000 1.854588 
-1.314000 1.855131 
-1.313000 1.855621 
-1.312000 1.856059 
-1.311000 1.856445 
-1.310000 1.856780 
-1.309000 1.857063 
-1.308000 1.857293 
-1.307000 1.857472 
-1.306000 1.857600 
-1.305000 1.857676 
-1.304000 1.857700 
-1.303000 1.857673 
-1.302000 1.857595 
-1.301000 1.857465 
-1.300000 1.857284 
-1.299000 1.857051 
-1.298000 1.856768 
-1.297000 1.856433 
-1.296000 1.856048 
-1.295000 1.855611 
-1.294000 1.855124 
-1.293000 1.854585 
-1.292000 1.853996 
-1.291000 1.853357 
-1.290000 1.852666 
-1.289000 1.851925 
-1.288000 1.851133 
-1.287000 1.850291 
-1.286000 1.849399 
-1.285000 1.848456 
-1.284000 1.847463 
-1.283000 1.846419 
-1.282000 1.845325 
-1.281000 1.844181 
-1.280000 1.842987 
-1.279000 1.841743 
-1.278000 1.840449 
-1.277000 1.839105 
-1.276000 1.837712 
-1.275000 1.836268 
-1.274000 1.834775 
-1.273000 1.833232 
-1.272000 1.831639 
-1.271000 1.829996 
-1.270000 1.828305 
-1.269000 1.826563 
-1.268000 1.824772 
-1.267000 1.822932 
-1.266000 1.821043 
-1.265000 1.819104 
-1.264000 1.817116 
-1.263000 1.815078 
-1.262000 1.812992 
-1.261000 1.810856 
-1.260000 1.808672 
-1.259000 1.806438 
-1.258000 1.804156 
-1.257000 1.801824 
-1.256000 1.799444 
-1.255000 1.797015 
-1.254000 1.794537 
-1.253000 1.792011 
-1.252000 1.789436 
-1.251000 1.786812 
-1.250000 1.784140 
-1.249000 1.781419 
-1.248000 1.778650 
-1.247000 1.775833 
-1.246000 1.772967 
-1.245000 1.770052 
-1.244000 1.767090 
-1.243000 1.764079 
-1.242000 1.761020 
-1.241000 1.757913 
-1.240000 1.754758 
-1.239000 1.751555 
-1.238000 1.748304 
-1.237000 1.745004 
-1.236000 1.741657 
-1.235000 1.738262 
-1.234000 1.734820 
-1.233000 1.731329 
-1.232000 1.727791 
-1.231000 1.724205 
-1.230000 1.720571 
-1.229000 1.716890 
-1.228000 1.713161 
-1.227000 1.709385 
-1.226000 1.705561 
-1.225000 1.701690 
-1.224000 1.697772 
-1.223000 1.693806 
-1.222000 1.689792 
-1.221000 1.685732 
-1.220000 1.681624 
-1.219000 1.677469 
-1.218000 1.673267 
-1.217000 1.669018 
-1.216000 1.664722 
-1.215000 1.660378 
-1.214000 1.655988 
-1.213000 1.651551 
-1.212000 1.647067 
-1.211000 1.642536 
-1.210000 1.637958 
-1.209000 1.633334 
-1.208000 1.628662 
-1.207000 1.623944 
-1.206000 1.619180 
-1.205000 1.614368 
-1.204000 1.609510 
-1.203000 1.604606 
-1.202000 1.599655 
-1.201000 1.594658 
-1.200000 1.589614 
-1.199000 1.584524 
-1.198000 1.579387 
-1.197000 1.574204 
-1.196000 1.568975 
-1.195000 1.563700 
-1.194000 1.558378 
-1.193000 1.553011 
-1.192000 1.547597 
-1.191000 1.542137 
-1.190000 1.536631 
-1.189000 1.531079 
-1.188000 1.525481 
-1.187000 1.519838 
-1.186000 1.514148 
-1.185000 1.508413 
-1.184000 1.502631 
-1.183000 1.496805 
-1.182000 1.490932 
-1.181000 1.485013 
-1.180000 1.479050 
-1.179000 1.473040 
-1.178000 1.466985 
-1.177000 1.460884 
-1.176000 1.454738 
-1.175000 1.448547 
-1.174000 1.442310 
-1.173000 1.436028 
-1.172000 1.429700 
-1.171000 1.423327 
-1.170000 1.416909 
-1.169000 1.410446 
-1.168000 1.403938 
-1.167000 1.397385 
-1.166000 1.390786 
-1.165000 1.384143 
-1.164000 1.377454 
-1.163000 1.370721 
-1.162000 1.363943 
-1.161000 1.357120 
-1.160000 1.350252 
-1.159000 1.343340 
-1.158000 1.336383 
-1.157000 1.329381 
-1.156000 1.322334 
-1.155000 1.315244 
-1.154000 1.308108 
-1.153000 1.300928 
-1.152000 1.293704 
-1.151000 1.286435 
-1.150000 1.279122 
-1.149000 1.271765 
-1.148000 1.264364 
-1.147000 1.256918 
-1.146000 1.249429 
-1.145000 1.241895 
-1.144000 1.234317 
-1.143000 1.226696 
-1.142000 1.219030 
-1.141000 1.211321 
-1.140000 1.203568 
-1.139000 1.195771 
-1.138000 1.187930 
-1.137000 1.180046 
-1.136000 1.172118 
-1.135000 1.164147 
-1.134000 1.156132 
-1.133000 1.148074 
-1.132000 1.139973 
-1.131000 1.131828 
-1.130000 1.123640 
-1.129000 1.115409 
-1.128000 1.107135 
-1.127000 1.098818 
-1.126000 1.090458 
-1.125000 1.082055 
-1.124000 1.073609 
-1.123000 1.065120 
-1.122000 1.056589 
-1.121000 1.048015 
-1.120000 1.039399 
-1.119000 1.030740 
-1.118000 1.022038 
-1.117000 1.013295 
-1.116000 1.004509 
-1.115000 0.995681 
-1.114000 0.986810 
-1.113000 0.977898 
-1.112000 0.968944 
-1.111000 0.959948 
-1.110000 0.950910 
-1.109000 0.941830 
-1.108000 0.932709 
-1.107000 0.923546 
-1.106000 0.914341 
-1.105000 0.905095 
-1.104000 0.895808 
-1.103000 0.886480 
-1.102000 0.877111 
-1.101000 0.867700 
-1.100000 0.858249 
-1.099000 0.848757 
-1.098000 0.839223 
-1.097000 0.829650 
-1.096000 0.820035 
-1.095000 0.810381 
-1.094000 0.800686 
-1.093000 0.790950 
-1.092000 0.781175 
-1.091000 0.771359 
-1.090000 0.761503 
-1.089000 0.751608 
-1.088000 0.741673 
-1.087000 0.731698 
-1.086000 0.721684 
-1.085000 0.711630 
-1.084000 0.701537 
-1.083000 0.691405 
-1.082000 0.681234 
-1.081000 0.671023 
-1.080000 0.660774 
-1.079000 0.650487 
-1.078000 0.640161 
-1.077000 0.629796 
-1.076000 0.619393 
-1.075000 0.608952 
-1.074000 0.598473 
-1.073000 0.587955 
-1.072000 0.577401 
-1.071000 0.566808 
-1.070000 0.556178 
-1.069000 0.545511 
-1.068000 0.534806 
-1.067000 0.524065 
-1.066000 0.513286 
-1.065000 0.502471 
-1.064000 0.491619 
-1.063000 0.480731 
-1.062000 0.469807 
-1.061000 0.458846 
-1.060000 0.447850 
-1.059000 0.436817 
-1.058000 0.425750 
-1.057000 0.414646 
-1.056000 0.403508 
-1.055000 0.392334 
-1.054000 0.381125 
-1.053000 0.369882 
-1.052000 0.358604 
-1.051000 0.347292 
-1.050000 0.335945 
-1.049000 0.324565 
-1.048000 0.313151 
-1.047000 0.301703 
-1.046000 0.290222 
-1.045000 0.278708 
-1.044000 0.267160 
-1.043000 0.255580 
-1.042000 0.243968 
-1.041000 0.232323 
-1.040000 0.220646 
-1.039000 0.208937 
-1.038000 0.197196 
-1.037000 0.185424 
-1.036000 0.173621 
-1.035000 0.161787 
-1.034000 0.149922 
-1.033000 0.138026 
-1.032000 0.126100 
-1.031000 0.114144 
-1.030000 0.102159 
-1.029000 0.090144 
-1.028000 0.078099 
-1.027000 0.066026 
-1.026000 0.053924 
-1.025000 0.041793 
-1.024000 0.029635 
-1.023000 0.017448 
-1.022000 0.005234 
-1.021000 -0.007008 
-1.020000 -0.019276 
-1.019000 -0.031572 
-1.018000 -0.043894 
-1.017000 -0.056242 
-1.016000 -0.068616 
-1.015000 -0.081016 
-1.014000 -0.093440 
-1.013000 -0.105890 
-1.012000 -0.118365 
-1.011000 -0.130863 
-1.010000 -0.143386 
-1.009000 -0.155933 
-1.008000 -0.168502 
-1.007000 -0.181095 
-1.006000 -0.193710 
-1.005000 -0.206348 
-1.004000 -0.219008 
-1.003000 -0.231689 
-1.002000 -0.244391 
-1.001000 -0.257115 
-1.000000 -0.269858 
-0.999000 -0.282622 
-0.998000 -0.295406 
-0.997000 -0.308209 
-0.996000 -0.321031 
-0.995000 -0.333871 
-0.994000 -0.346730 
-0.993000 -0.359607 
-0.992000 -0.372500 
-0.991000 -0.385411 
-0.990000 -0.398339 
-0.989000 -0.411282 
-0.988000 -0.424241 
-0.987000 -0.437216 
-0.986000 -0.450205 
-0.985000 -0.463209 
-0.984000 -0.476226 
-0.983000 -0.489257 
-0.982000 -0.502301 
-0.981000 -0.515358 
-0.980000 -0.528426 
-0.979000 -0.541507 
-0.978000 -0.554598 
-0.977000 -0.567700 
-0.976000 -0.580813 
-0.975000 -0.593935 
-0.974000 -0.607066 
-0.973000 -0.620205 
-0.972000 -0.633353 
-0.971000 -0.646509 
-0.970000 -0.659672 
-0.969000 -0.672841 
-0.968000 -0.686016 
-0.967000 -0.699197 
-0.966000 -0.712383 
-0.965000 -0.725573 
-0.964000 -0.738767 
-0.963000 -0.751964 
-0.962000 -0.765164 
-0.961000 -0.778366 
-0.960000 -0.791570 
-0.959000 -0.804775 
-0.958000 -0.817980 
-0.957000 -0.831185 
-0.956000 -0.844389 
-0.955000 -0.857592 
-0.954000 -0.870793 
-0.953000 -0.883991 
-0.952000 -0.897185 
-0.951000 -0.910376 
-0.950000 -0.923563 
-0.949000 -0.936744 
-0.948000 -0.949919 
-0.947000 -0.963088 
-0.946000 -0.976249 
-0.945000 -0.989403 
-0.944000 -1.002548 
-0.943000 -1.015684 
-0.942000 -1.028810 
-0.941000 -1.041925 
-0.940000 -1.055030 
-0.939000 -1.068122 
-0.938000 -1.081201 
-0.937000 -1.094268 
-0.936000 -1.107319 
-0.935000 -1.120357 
-0.934000 -1.133378 
-0.933000 -1.146383 
-0.932000 -1.159371 
-0.931000 -1.172341 
-0.930000 -1.185293 
-0.929000 -1.198225 
-0.928000 -1.211137 
-0.927000 -1.224028 
-0.926000 -1.236897 
-0.925000 -1.249744 
-0.924000 -1.262567 
-0.923000 -1.275367 
-0.922000 -1.288141 
-0.921000 -1.300890 
-0.920000 -1.313612 
-0.919000 -1.326307 
-0.918000 -1.338973 
-0.917000 -1.351611 
-0.916000 -1.364219 
-0.915000 -1.376795 
-0.914000 -1.389341 
-0.913000 -1.401854 
-0.912000 -1.414333 
-0.911000 -1.426778 
-0.910000 -1.439189 
-0.909000 -1.451563 
-0.908000 -1.463900 
-0.907000 -1.476200 
-0.906000 -1.488461 
-0.905000 -1.500683 
-0.904000 -1.512864 
-0.903000 -1.525004 
-0.902000 -1.537102 
-0.901000 -1.549156 
-0.900000 -1.561167 
-0.899000 -1.573132 
-0.898000 -1.585052 
-0.897000 -1.596924 
-0.896000 -1.608749 
-0.895000 -1.620525 
-0.894000 -1.632251 
-0.893000 -1.643926 
-0.892000 -1.655550 
-0.891000 -1.667121 
-0.890000 -1.678639 
-0.889000 -1.690102 
-0.888000 -1.701510 
-0.887000 -1.712861 
-0.886000 -1.724154 
-0.885000 -1.735389 
-0.884000 -1.746565 
-0.883000 -1.757680 
-0.882000 -1.768734 
-0.881000 -1.779725 
-0.880000 -1.790653 
-0.879000 -1.801517 
-0.878000 -1.812315 
-0.877000 -1.823047 
-0.876000 -1.833711 
-0.875000 -1.844307 
-0.874000 -1.854833 
-0.873000 -1.865289 
-0.872000 -1.875673 
-0.871000 -1.885985 
-0.870000 -1.896224 
-0.869000 -1.906388 
-0.868000 -1.916476 
-0.867000 -1.926488 
-0.866000 -1.936422 
-0.865000 -1.946278 
-0.864000 -1.956054 
-0.863000 -1.965750 
-0.862000 -1.975363 
-0.861000 -1.984895 
-0.860000 -1.994342 
-0.859000 -2.003705 
-0.858000 -2.012982 
-0.857000 -2.022173 
-0.856000 -2.031276 
-0.855000 -2.040290 
-0.854000 -2.049214 
-0.853000 -2.058048 
-0.852000 -2.066790 
-0.851000 -2.075439 
-0.850000 -2.083995 
-0.849000 -2.092455 
-0.848000 -2.100821 
-0.847000 -2.109089 
-0.846000 -2.117260 
-0.845000 -2.125332 
-0.844000 -2.133304 
-0.843000 -2.141176 
-0.842000 -2.148947 
-0.841000 -2.156614 
-0.840000 -2.164179 
-0.839000 -2.171639 
-0.838000 -2.178993 
-0.837000 -2.186242 
-0.836000 -2.193383 
-0.835000 -2.200415 
-0.834000 -2.207339 
-0.833000 -2.214153 
-0.832000 -2.220856 
-0.831000 -2.227447 
-0.830000 -2.233925 
-0.829000 -2.240290 
-0.828000 -2.246540 
-0.827000 -2.252675 
-0.826000 -2.258694 
-0.825000 -2.264596 
-0.824000 -2.270380 
-0.823000 -2.276045 
-0.822000 -2.281591 
-0.821000 -2.287016 
-0.820000 -2.292320 
-0.819000 -2.297502 
-0.818000 -2.302561 
-0.817000 -2.307497 
-0.816000 -2.312309 
-0.815000 -2.316996 
-0.814000 -2.321556 
-0.813000 -2.325991 
-0.812000 -2.330298 
-0.811000 -2.334477 
-0.810000 -2.338527 
-0.809000 -2.342449 
-0.808000 -2.346240 
-0.807000 -2.349901 
-0.806000 -2.353430 
-0.805000 -2.356828 
-0.804000 -2.360093 
-0.803000 -2.363224 
-0.802000 -2.366223 
-0.801000 -2.369086 
-0.800000 -2.371816 
-0.799000 -2.374409 
-0.798000 -2.376867 
-0.797000 -2.379188 
-0.796000 -2.381373 
-0.795000 -2.383420 
-0.794000 -2.385329 
-0.793000 -2.387100 
-0.792000 -2.388732 
-0.791000 -2.390225 
-0.790000 -2.391578 
-0.789000 -2.392791 
-0.788000 -2.393864 
-0.787000 -2.394796 
-0.786000 -2.395587 
-0.785000 -2.396237 
-0.784000 -2.396745 
-0.783000 -2.397111 
-0.782000 -2.397335 
-0.781000 -2.397417 
-0.780000 -2.397355 
-0.779000 -2.397151 
-0.778000 -2.396804 
-0.777000 -2.396313 
-0.776000 -2.395679 
-0.775000 -2.394901 
-0.774000 -2.393979 
-0.773000 -2.392914 
-0.772000 -2.391705 
-0.771000 -2.390351 
-0.770000 -2.388854 
-0.769000 -2.387212 
-0.768000 -2.385427 
-0.767000 -2.383497 
-0.766000 -2.381423 
-0.765000 -2.379205 
-0.764000 -2.376843 
-0.763000 -2.374338 
-0.762000 -2.371688 
-0.761000 -2.368895 
-0.760000 -2.365958 
-0.759000 -2.362878 
-0.758000 -2.359655 
-0.757000 -2.356288 
-0.756000 -2.352779 
-0.755000 -2.349127 
-0.754000 -2.345333 
-0.753000 -2.341397 
-0.752000 -2.337320 
-0.751000 -2.333100 
-0.750000 -2.328740 
-0.749000 -2.324239 
-0.748000 -2.319597 
-0.747000 -2.314816 
-0.746000 -2.309894 
-0.745000 -2.304834 
-0.744000 -2.299635 
-0.743000 -2.294297 
-0.742000 -2.288822 
-0.741000 -2.283209 
-0.740000 -2.277460 
-0.739000 -2.271574 
-0.738000 -2.265553 
-0.737000 -2.259396 
-0.736000 -2.253105 
-0.735000 -2.246679 
-0.734000 -2.240121 
-0.733000 -2.233429 
-0.732000 -2.226606 
-0.731000 -2.219650 
-0.730000 -2.212565 
-0.729000 -2.205349 
-0.728000 -2.198004 
-0.727000 -2.190530 
-0.726000 -2.182928 
-0.725000 -2.175199 
-0.724000 -2.167344 
-0.723000 -2.159363 
-0.722000 -2.151258 
-0.721000 -2.143028 
-0.720000 -2.134676 
-0.719000 -2.126201 
-0.718000 -2.117605 
-0.717000 -2.108888 
-0.716000 -2.100052 
-0.715000 -2.091097 
-0.714000 -2.082025 
-0.713000 -2.072835 
-0.712000 -2.063530 
-0.711000 -2.054109 
-0.710000 -2.044575 
-0.709000 -2.034927 
-0.708000 -2.025168 
-0.707000 -2.015298 
-0.706000 -2.005317 
-0.705000 -1.995228 
-0.704000 -1.985031 
-0.703000 -1.974726 
-0.702000 -1.964316 
-0.701000 -1.953802 
-0.700000 -1.943183 
-0.699000 -1.932462 
-0.698000 -1.921639 
-0.697000 -1.910716 
-0.696000 -1.899694 
-0.695000 -1.888573 
-0.694000 -1.877356 
-0.693000 -1.866042 
-0.692000 -1.854634 
-0.691000 -1.843132 
-0.690000 -1.831537 
-0.689000 -1.819851 
-0.688000 -1.808075 
-0.687000 -1.796210 
-0.686000 -1.784257 
-0.685000 -1.772218 
-0.684000 -1.760093 
-0.683000 -1.747884 
-0.682000 -1.735591 
-0.681000 -1.723217 
-0.680000 -1.710763 
-0.679000 -1.698228 
-0.678000 -1.685616 
-0.677000 -1.672926 
-0.676000 -1.660161 
-0.675000 -1.647321 
-0.674000 -1.634408 
-0.673000 -1.621423 
-0.672000 -1.608367 
-0.671000 -1.595241 
-0.670000 -1.582047 
-0.669000 -1.568785 
-0.668000 -1.555458 
-0.667000 -1.542065 
-0.666000 -1.528610 
-0.665000 -1.515092 
-0.664000 -1.501513 
-0.663000 -1.487874 
-0.662000 -1.474176 
-0.661000 -1.460422 
-0.660000 -1.446611 
-0.659000 -1.432745 
-0.658000 -1.418826 
-0.657000 -1.404854 
-0.656000 -1.390831 
-0.655000 -1.376758 
-0.654000 -1.362636 
-0.653000 -1.348466 
-0.652000 -1.334251 
-0.651000 -1.319990 
-0.650000 -1.305685 
-0.649000 -1.291338 
-0.648000 -1.276949 
-0.647000 -1.262520 
-0.646000 -1.248051 
-0.645000 -1.233545 
-0.644000 -1.219002 
-0.643000 -1.204423 
-0.642000 -1.189810 
-0.641000 -1.175164 
-0.640000 -1.160485 
-0.639000 -1.145776 
-0.638000 -1.131037 
-0.637000 -1.116270 
-0.636000 -1.101475 
-0.635000 -1.086653 
-0.634000 -1.071807 
-0.633000 -1.056936 
-0.632000 -1.042043 
-0.631000 -1.027127 
-0.630000 -1.012191 
-0.629000 -0.997236 
-0.628000 -0.982261 
-0.627000 -0.967270 
-0.626000 -0.952262 
-0.625000 -0.937238 
-0.624000 -0.922201 
-0.623000 -0.907150 
-0.622000 -0.892088 
-0.621000 -0.877014 
-0.620000 -0.861930 
-0.619000 -0.846837 
-0.618000 -0.831736 
-0.617000 -0.816629 
-0.616000 -0.801515 
-0.615000 -0.786396 
-0.614000 -0.771274 
-0.613000 -0.756148 
-0.612000 -0.741021 
-0.611000 -0.725892 
-0.610000 -0.710763 
-0.609000 -0.695635 
-0.608000 -0.680509 
-0.607000 -0.665386 
-0.606000 -0.650266 
-0.605000 -0.635151 
-0.604000 -0.620042 
-0.603000 -0.604939 
-0.602000 -0.589843 
-0.601000 -0.574755 
-0.600000 -0.559676 
-0.599000 -0.544608 
-0.598000 -0.529550 
-0.597000 -0.514503 
-0.596000 -0.499469 
-0.595000 -0.484449 
-0.594000 -0.469442 
-0.593000 -0.454450 
-0.592000 -0.439474 
-0.591000 -0.424515 
-0.590000 -0.409573 
-0.589000 -0.394649 
-0.588000 -0.379743 
-0.587000 -0.364858 
-0.586000 -0.349992 
-0.585000 -0.335148 
-0.584000 -0.320326 
-0.583000 -0.305526 
-0.582000 -0.290750 
-0.581000 -0.275997 
-0.580000 -0.261269 
-0.579000 -0.246567 
-0.578000 -0.231890 
-0.577000 -0.217241 
-0.576000 -0.202618 
-0.575000 -0.188024 
-0.574000 -0.173458 
-0.573000 -0.158922 
-0.572000 -0.144416 
-0.571000 -0.129940 
-0.570000 -0.115496 
-0.569000 -0.101083 
-0.568000 -0.086703 
-0.567000 -0.072356 
-0.566000 -0.058042 
-0.565000 -0.043763 
-0.564000 -0.029518 
-0.563000 -0.015308 
-0.562000 -0.001135 
-0.561000 0.013003 
-0.560000 0.027103 
-0.559000 0.041166 
-0.558000 0.055191 
-0.557000 0.069178 
-0.556000 0.083125 
-0.555000 0.097033 
-0.554000 0.110902 
-0.553000 0.124730 
-0.552000 0.138517 
-0.551000 0.152262 
-0.550000 0.165966 
-0.549000 0.179628 
-0.548000 0.193247 
-0.547000 0.206822 
-0.546000 0.220355 
-0.545000 0.233843 
-0.544000 0.247287 
-0.543000 0.260686 
-0.542000 0.274040 
-0.541000 0.287348 
-0.540000 0.300610 
-0.539000 0.313827 
-0.538000 0.326996 
-0.537000 0.340118 
-0.536000 0.353193 
-0.535000 0.366220 
-0.534000 0.379199 
-0.533000 0.392129 
-0.532000 0.405011 
-0.531000 0.417844 
-0.530000 0.430627 
-0.529000 0.443360 
-0.528000 0.456044 
-0.527000 0.468677 
-0.526000 0.481259 
-0.525000 0.493790 
-0.524000 0.506270 
-0.523000 0.518699 
-0.522000 0.531076 
-0.521000 0.543401 
-0.520000 0.555674 
-0.519000 0.567894 
-0.518000 0.580061 
-0.517000 0.592175 
-0.516000 0.604236 
-0.515000 0.616244 
-0.514000 0.628197 
-0.513000 0.640097 
-0.512000 0.651943 
-0.511000 0.663734 
-0.510000 0.675470 
-0.509000 0.687152 
-0.508000 0.698779 
-0.507000 0.710351 
-0.506000 0.721867 
-0.505000 0.733328 
-0.504000 0.744733 
-0.503000 0.756082 
-0.502000 0.767375 
-0.501000 0.778612 
-0.500000 0.789793 
-0.499000 0.800917 
-0.498000 0.811984 
-0.497000 0.822994 
-0.496000 0.833948 
-0.495000 0.844844 
-0.494000 0.855683 
-0.493000 0.866465 
-0.492000 0.877189 
-0.491000 0.887856 
-0.490000 0.898465 
-0.489000 0.909016 
-0.488000 0.919509 
-0.487000 0.929944 
-0.486000 0.940321 
-0.485000 0.950639 
-0.484000 0.960900 
-0.483000 0.971101 
-0.482000 0.981244 
-0.481000 0.991329 
-0.480000 1.001355 
-0.479000 1.011322 
-0.478000 1.021230 
-0.477000 1.031079 
-0.476000 1.040870 
-0.475000 1.050601 
-0.474000 1.060273 
-0.473000 1.069886 
-0.472000 1.079439 
-0.471000 1.088934 
-0.470000 1.098369 
-0.469000 1.107744 
-0.468000 1.117060 
-0.467000 1.126317 
-0.466000 1.135514 
-0.465000 1.144651 
-0.464000 1.153729 
-0.463000 1.162747 
-0.462000 1.171706 
-0.461000 1.180605 
-0.460000 1.189444 
-0.459000 1.198224 
-0.458000 1.206943 
-0.457000 1.215603 
-0.456000 1.224204 
-0.455000 1.232744 
-0.454000 1.241224 
-0.453000 1.249645 
-0.452000 1.258006 
-0.451000 1.266307 
-0.450000 1.274548 
-0.449000 1.282730 
-0.448000 1.290851 
-0.447000 1.298913 
-0.446000 1.306915 
-0.445000 1.314857 
-0.444000 1.322740 
-0.443000 1.330562 
-0.442000 1.338325 
-0.441000 1.346028 
-0.440000 1.353671 
-0.439000 1.361255 
-0.438000 1.368778 
-0.437000 1.376242 
-0.436000 1.383647 
-0.435000 1.390992 
-0.434000 1.398277 
-0.433000 1.405502 
-0.432000 1.412668 
-0.431000 1.419775 
-0.430000 1.426822 
-0.429000 1.433809 
-0.428000 1.440737 
-0.427000 1.447606 
-0.426000 1.454415 
-0.425000 1.461165 
-0.424000 1.467856 
-0.423000 1.474487 
-0.422000 1.481059 
-0.421000 1.487572 
-0.420000 1.494026 
-0.419000 1.500421 
-0.418000 1.506757 
-0.417000 1.513034 
-0.416000 1.519251 
-0.415000 1.525410 
-0.414000 1.531510 
-0.413000 1.537552 
-0.412000 1.543534 
-0.411000 1.549458 
-0.410000 1.555323 
-0.409000 1.561130 
-0.408000 1.566878 
-0.407000 1.572568 
-0.406000 1.578199 
-0.405000 1.583772 
-0.404000 1.589286 
-0.403000 1.594743 
-0.402000 1.600141 
-0.401000 1.605481 
-0.400000 1.610762 
-0.399000 1.615986 
-0.398000 1.621152 
-0.397000 1.626260 
-0.396000 1.631310 
-0.395000 1.636303 
-0.394000 1.641237 
-0.393000 1.646115 
-0.392000 1.650934 
-0.391000 1.655696 
-0.390000 1.660400 
-0.389000 1.665048 
-0.388000 1.669637 
-0.387000 1.674170 
-0.386000 1.678645 
-0.385000 1.683064 
-0.384000 1.687425 
-0.383000 1.691729 
-0.382000 1.695977 
-0.381000 1.700167 
-0.380000 1.704301 
-0.379000 1.708378 
-0.378000 1.712398 
-0.377000 1.716362 
-0.376000 1.720269 
-0.375000 1.724120 
-0.374000 1.727915 
-0.373000 1.731653 
-0.372000 1.735335 
-0.371000 1.738961 
-0.370000 1.742530 
-0.369000 1.746044 
-0.368000 1.749502 
-0.367000 1.752904 
-0.366000 1.756250 
-0.365000 1.759540 
-0.364000 1.762775 
-0.363000 1.765954 
-0.362000 1.769078 
-0.361000 1.772146 
-0.360000 1.775159 
-0.359000 1.778117 
-0.358000 1.781019 
-0.357000 1.783866 
-0.356000 1.786659 
-0.355000 1.789396 
-0.354000 1.792078 
-0.353000 1.794705 
-0.352000 1.797278 
-0.351000 1.799796 
-0.350000 1.802259 
-0.349000 1.804667 
-0.348000 1.807021 
-0.347000 1.809321 
-0.346000 1.811566 
-0.345000 1.813757 
-0.344000 1.815894 
-0.343000 1.817977 
-0.342000 1.820005 
-0.341000 1.821980 
-0.340000 1.823900 
-0.339000 1.825767 
-0.338000 1.827580 
-0.337000 1.829339 
-0.336000 1.831045 
-0.335000 1.832697 
-0.334000 1.834295 
-0.333000 1.835840 
-0.332000 1.837332 
-0.331000 1.838770 
-0.330000 1.840155 
-0.329000 1.841487 
-0.328000 1.842766 
-0.327000 1.843991 
-0.326000 1.845164 
-0.325000 1.846284 
-0.324000 1.847351 
-0.323000 1.848365 
-0.322000 1.849327 
-0.321000 1.850236 
-0.320000 1.851092 
-0.319000 1.851896 
-0.318000 1.852648 
-0.317000 1.853347 
-0.316000 1.853993 
-0.315000 1.854588 
-0.314000 1.855131 
-0.313000 1.855621 
-0.312000 1.856059 
-0.311000 1.856445 
-0.310000 1.856780 
-0.309000 1.857063 
-0.308000 1.857293 
-0.307000 1.857472 
-0.306000 1.857600 
-0.305000 1.857676 
-0.304000 1.857700 
-0.303000 1.857673 
-0.302000 1.857595 
-0.301000 1.857465 
-0.300000 1.857284 
-0.299000 1.857051 
-0.298000 1.856768 
-0.297000 1.856433 
-0.296000 1.856048 
-0.295000 1.855611 
-0.294000 1.855124 
-0.293000 1.854585 
-0.292000 1.853996 
-0.291000 1.853357 
-0.290000 1.852666 
-0.289000 1.851925 
-0.288000 1.851133 
-0.287000 1.850291 
-0.286000 1.849399 
-0.285000 1.848456 
-0.284000 1.847463 
-0.283000 1.846419 
-0.282000 1.845325 
-0.281000 1.844181 
-0.280000 1.842987 
-0.279000 1.841743 
-0.278000 1.840449 
-0.277000 1.839105 
-0.276000 1.837712 
-0.275000 1.836268 
-0.274000 1.834775 
-0.273000 1.833232 
-0.272000 1.831639 
-0.271000 1.829996 
-0.270000 1.828305 
-0.269000 1.826563 
-0.268000 1.824772 
-0.267000 1.822932 
-0.266000 1.821043 
-0.265000 1.819104 
-0.264000 1.817116 
-0.263000 1.815078 
-0.262000 1.812992 
-0.261000 1.810856 
-0.260000 1.808672 
-0.259000 1.806438 
-0.258000 1.804156 
-0.257000 1.801824 
-0.256000 1.799444 
-0.255000 1.797015 
-0.254000 1.794537 
-0.253000 1.792011 
-0.252000 1.789436 
-0.251000 1.786812 
-0.250000 1.784140 
-0.249000 1.781419 
-0.248000 1.778650 
-0.247000 1.775833 
-0.246000 1.772967 
-0.245000 1.770052 
-0.244000 1.767090 
-0.243000 1.764079 
-0.242000 1.761020 
-0.241000 1.757913 
-0.240000 1.754758 
-0.239000 1.751555 
-0.238000 1.748304 
-0.237000 1.745004 
-0.236000 1.741657 
-0.235000 1.738262 
-0.234000 1.734820 
-0.233000 1.731329 
-0.232000 1.727791 
-0.231000 1.724205 
-0.230000 1.720571 
-0.229000 1.716890 
-0.228000 1.713161 
-0.227000 1.709385 
-0.226000 1.705561 
-0.225000 1.701690 
-0.224000 1.697772 
-0.223000 1.693806 
-0.222000 1.689792 
-0.221000 1.685732 
-0.220000 1.681624 
-0.219000 1.677469 
-0.218000 1.673267 
-0.217000 1.669018 
-0.216000 1.664722 
-0.215000 1.660378 
-0.214000 1.655988 
-0.213000 1.651551 
-0.212000 1.647067 
-0.211000 1.642536 
-0.210000 1.637958 
-0.209000 1.633334 
-0.208000 1.628662 
-0.207000 1.623944 
-0.206000 1.619180 
-0.205000 1.614368 
-0.204000 1.609510 
-0.203000 1.604606 
-0.202000 1.599655 
-0.201000 1.594658 
-0.200000 1.589614 
-0.199000 1.584524 
-0.198000 1.579387 
-0.197000 1.574204 
-0.196000 1.568975 
-0.195000 1.563700 
-0.194000 1.558378 
-0.193000 1.553011 
-0.192000 1.547597 
-0.191000 1.542137 
-0.190000 1.536631 
-0.189000 1.531079 
-0.188000 1.525481 
-0.187000 1.519838 
-0.186000 1.514148 
-0.185000 1.508413 
-0.184000 1.502631 
-0.183000 1.496805 
-0.182000 1.490932 
-0.181000 1.485013 
-0.180000 1.479050 
-0.179000 1.473040 
-0.178000 1.466985 
-0.177000 1.460884 
-0.176000 1.454738 
-0.175000 1.448547 
-0.174000 1.442310 
-0.173000 1.436028 
-0.172000 1.429700 
-0.171000 1.423327 
-0.170000 1.416909 
-0.169000 1.410446 
-0.168000 1.403938 
-0.167000 1.397385 
-0.166000 1.390786 
-0.165000 1.384143 
-0.164000 1.377454 
-0.163000 1.370721 
-0.162000 1.363943 
-0.161000 1.357120 
-0.160000 1.350252 
-0.159000 1.343340 
-0.158000 1.336383 
-0.157000 1.329381 
-0.156000 1.322334 
-0.155000 1.315244 
-0.154000 1.308108 
-0.153000 1.300928 
-0.152000 1.293704 
-0.151000 1.286435 
-0.150000 1.279122 
-0.149000 1.271765 
-0.148000 1.264364 
-0.147000 1.256918 
-0.146000 1.249429 
-0.145000 1.241895 
-0.144000 1.234317 
-0.143000 1.226696 
-0.142000 1.219030 
-0.141000 1.211321 
-0.140000 1.203568 
-0.139000 1.195771 
-0.138000 1.187930 
-0.137000 1.180046 
-0.136000 1.172118 
-0.135000 1.164147 
-0.134000 1.156132 
-0.133000 1.148074 
-0.132000 1.139973 
-0.131000 1.131828 
-0.130000 1.123640 
-0.129000 1.115409 
-0.128000 1.107135 
-0.127000 1.098818 
-0.126000 1.090458 
-0.125000 1.082055 
-0.124000 1.073609 
-0.123000 1.065120 
-0.122000 1.056589 
-0.121000 1.048015 
-0.120000 1.039399 
-0.119000 1.030740 
-0.118000 1.022038 
-0.117000 1.013295 
-0.116000 1.004509 
-0.115000 0.995681 
-0.114000 0.986810 
-0.113000 0.977898 
-0.112000 0.968944 
-0.111000 0.959948 
-0.110000 0.950910 
-0.109000 0.941830 
-0.108000 0.932709 
-0.107000 0.923546 
-0.106000 0.914341 
-0.105000 0.905095 
-0.104000 0.895808 
-0.103000 0.886480 
-0.102000 0.877111 
-0.101000 0.867700 
-0.100000 0.858249 
-0.099000 0.848757 
-0.098000 0.839223 
-0.097000 0.829650 
-0.096000 0.820035 
-0.095000 0.810381 
-0.094000 0.800686 
-0.093000 0.790950 
-0.092000 0.781175 
-0.091000 0.771359 
-0.090000 0.761503 
-0.089000 0.751608 
-0.088000 0.741673 
-0.087000 0.731698 
-0.086000 0.721684 
-0.085000 0.711630 
-0.084000 0.701537 
-0.083000 0.691405 
-0.082000 0.681234 
-0.081000 0.671023 
-0.080000 0.660774 
-0.079000 0.650487 
-0.078000 0.640161 
-0.077000 0.629796 
-0.076000 0.619393 
-0.075000 0.608952 
-0.074000 0.598473 
-0.073000 0.587955 
-0.072000 0.577401 
-0.071000 0.566808 
-0.070000 0.556178 
-0.069000 0.545511 
-0.068000 0.534806 
-0.067000 0.524065 
-0.066000 0.513286 
-0.065000 0.502471 
-0.064000 0.491619 
-0.063000 0.480731 
-0.062000 0.469807 
-0.061000 0.458846 
-0.060000 0.447850 
-0.059000 0.436817 
-0.058000 0.425750 
-0.057000 0.414646 
-0.056000 0.403508 
-0.055000 0.392334 
-0.054000 0.381125 
-0.053000 0.369882 
-0.052000 0.358604 
-0.051000 0.347292 
-0.050000 0.335945 
-0.049000 0.324565 
-0.048000 0.313151 
-0.047000 0.301703 
-0.046000 0.290222 
-0.045000 0.278708 
-0.044000 0.267160 
-0.043000 0.255580 
-0.042000 0.243968 
-0.041000 0.232323 
-0.040000 0.220646 
-0.039000 0.208937 
-0.038000 0.197196 
-0.037000 0.185424 
-0.036000 0.173621 
-0.035000 0.161787 
-0.034000 0.149922 
-0.033000 0.138026 
-0.032000 0.126100 
-0.031000 0.114144 
-0.030000 0.102159 
-0.029000 0.090144 
-0.028000 0.078099 
-0.027000 0.066026 
-0.026000 0.053924 
-0.025000 0.041793 
-0.024000 0.029635 
-0.023000 0.017448 
-0.022000 0.005234 
-0.021000 -0.007008 
-0.020000 -0.019276 
-0.019000 -0.031572 
-0.018000 -0.043894 
-0.017000 -0.056242 
-0.016000 -0.068616 
-0.015000 -0.081016 
-0.014000 -0.093440 
-0.013000 -0.105890 
-0.012000 -0.118365 
-0.011000 -0.130863 
-0.010000 -0.143386 
-0.009000 -0.155933 
-0.008000 -0.168502 
-0.007000 -0.181095 
-0.006000 -0.193710 
-0.005000 -0.206348 
-0.004000 -0.219008 
-0.003000 -0.231689 
-0.002000 -0.244391 
-0.001000 -0.257115 
-0.000000 -0.269858 
0.001000 -0.282622 
0.002000 -0.295406 
0.003000 -0.308209 
0.004000 -0.321031 
0.005000 -0.333871 
0.006000 -0.346730 
0.007000 -0.359607 
0.008000 -0.372500 
0.009000 -0.385411 
0.010000 -0.398339 
0.011000 -0.411282 
0.012000 -0.424241 
0.013000 -0.437216 
0.014000 -0.450205 
0.015000 -0.463209 
0.016000 -0.476226 
0.017000 -0.489257 
0.018000 -0.502301 
0.019000 -0.515358 
0.020000 -0.528426 
0.021000 -0.541507 
0.022000 -0.554598 
0.023000 -0.567700 
0.024000 -0.580813 
0.025000 -0.593935 
0.026000 -0.607066 
0.027000 -0.620205 
0.028000 -0.633353 
0.029000 -0.646509 
0.030000 -0.659672 
0.031000 -0.672841 
0.032000 -0.686016 
0.033000 -0.699197 
0.034000 -0.712383 
0.035000 -0.725573 
0.036000 -0.738767 
0.037000 -0.751964 
0.038000 -0.765164 
0.039000 -0.778366 
0.040000 -0.791570 
0.041000 -0.804775 
0.042000 -0.817980 
0.043000 -0.831185 
0.044000 -0.844389 
0.045000 -0.857592 
0.046000 -0.870793 
0.047000 -0.883991 
0.048000 -0.897185 
0.049000 -0.910376 
0.050000 -0.923563 
0.051000 -0.936744 
0.052000 -0.949919 
0.053000 -0.963088 
0.054000 -0.976249 
0.055000 -0.989403 
0.056000 -1.002548 
0.057000 -1.015684 
0.058000 -1.028810 
0.059000 -1.041925 
0.060000 -1.055030 
0.061000 -1.068122 
0.062000 -1.081201 
0.063000 -1.094268 
0.064000 -1.107319 
0.065000 -1.120357 
0.066000 -1.133378 
0.067000 -1.146383 
0.068000 -1.159371 
0.069000 -1.172341 
0.070000 -1.185293 
0.071000 -1.198225 
0.072000 -1.211137 
0.073000 -1.224028 
0.074000 -1.236897 
0.075000 -1.249744 
0.076000 -1.262567 
0.077000 -1.275367 
0.078000 -1.288141 
0.079000 -1.300890 
0.080000 -1.313612 
0.081000 -1.326307 
0.082000 -1.338973 
0.083000 -1.351611 
0.084000 -1.364219 
0.085000 -1.376795 
0.086000 -1.389341 
0.087000 -1.401854 
0.088000 -1.414333 
0.089000 -1.426778 
0.090000 -1.439189 
0.091000 -1.451563 
0.092000 -1.463900 
0.093000 -1.476200 
0.094000 -1.488461 
0.095000 -1.500683 
0.096000 -1.512864 
0.097000 -1.525004 
0.098000 -1.537102 
0.099000 -1.549156 
0.100000 -1.561167 
0.101000 -1.573132 
0.102000 -1.585052 
0.103000 -1.596924 
0.104000 -1.608749 
0.105000 -1.620525 
0.106000 -1.632251 
0.107000 -1.643926 
0.108000 -1.655550 
0.109000 -1.667121 
0.110000 -1.678639 
0.111000 -1.690102 
0.112000 -1.701510 
0.113000 -1.712861 
0.114000 -1.724154 
0.115000 -1.735389 
0.116000 -1.746565 
0.117000 -1.757680 
0.118000 -1.768734 
0.119000 -1.779725 
0.120000 -1.790653 
0.121000 -1.801517 
0.122000 -1.812315 
0.123000 -1.823047 
0.124000 -1.833711 
0.125000 -1.844307 
0.126000 -1.854833 
0.127000 -1.865289 
0.128000 -1.875673 
0.129000 -1.885985 
0.130000 -1.896224 
0.131000 -1.906388 
0.132000 -1.916476 
0.133000 -1.926488 
0.134000 -1.936422 
0.135000 -1.946278 
0.136000 -1.956054 
0.137000 -1.965750 
0.138000 -1.975363 
0.139000 -1.984895 
0.140000 -1.994342 
0.141000 -2.003705 
0.142000 -2.012982 
0.143000 -2.022173 
0.144000 -2.031276 
0.145000 -2.040290 
0.146000 -2.049214 
0.147000 -2.058048 
0.148000 -2.066790 
0.149000 -2.075439 
0.150000 -2.083995 
0.151000 -2.092455 
0.152000 -2.100821 
0.153000 -2.109089 
0.154000 -2.117260 
0.155000 -2.125332 
0.156000 -2.133304 
0.157000 -2.141176 
0.158000 -2.148947 
0.159000 -2.156614 
0.160000 -2.164179 
0.161000 -2.171639 
0.162000 -2.178993 
0.163000 -2.186242 
0.164000 -2.193383 
0.165000 -2.200415 
0.166000 -2.207339 
0.167000 -2.214153 
0.168000 -2.220856 
0.169000 -2.227447 
0.170000 -2.233925 
0.171000 -2.240290 
0.172000 -2.246540 
0.173000 -2.252675 
0.174000 -2.258694 
0.175000 -2.264596 
0.176000 -2.270380 
0.177000 -2.276045 
0.178000 -2.281591 
0.179000 -2.287016 
0.180000 -2.292320 
0.181000 -2.297502 
0.182000 -2.302561 
0.183000 -2.307497 
0.184000 -2.312309 
0.185000 -2.316996 
0.186000 -2.321556 
0.187000 -2.325991 
0.188000 -2.330298 
0.189000 -2.334477 
0.190000 -2.338527 
0.191000 -2.342449 
0.192000 -2.346240 
0.193000 -2.349901 
0.194000 -2.353430 
0.195000 -2.356828 
0.196000 -2.360093 
0.197000 -2.363224 
0.198000 -2.366223 
0.199000 -2.369086 
0.200000 -2.371816 
0.201000 -2.374409 
0.202000 -2.376867 
0.203000 -2.379188 
0.204000 -2.381373 
0.205000 -2.383420 
0.206000 -2.385329 
0.207000 -2.387100 
0.208000 -2.388732 
0.209000 -2.390225 
0.210000 -2.391578 
0.211000 -2.392791 
0.212000 -2.393864 
0.213000 -2.394796 
0.214000 -2.395587 
0.215000 -2.396237 
0.216000 -2.396745 
0.217000 -2.397111 
0.218000 -2.397335 
0.219000 -2.397417 
0.220000 -2.397355 
0.221000 -2.397151 
0.222000 -2.396804 
0.223000 -2.396313 
0.224000 -2.395679 
0.225000 -2.394901 
0.226000 -2.393979 
0.227000 -2.392914 
0.228000 -2.391705 
0.229000 -2.390351 
0.230000 -2.388854 
0.231000 -2.387212 
0.232000 -2.385427 
0.233000 -2.383497 
0.234000 -2.381423 
0.235000 -2.379205 
0.236000 -2.376843 
0.237000 -2.374338 
0.238000 -2.371688 
0.239000 -2.368895 
0.240000 -2.365958 
0.241000 -2.362878 
0.242000 -2.359655 
0.243000 -2.356288 
0.244000 -2.352779 
0.245000 -2.349127 
0.246000 -2.345333 
0.247000 -2.341397 
0.248000 -2.337320 
0.249000 -2.333100 
0.250000 -2.328740 
0.251000 -2.324239 
0.252000 -2.319597 
0.253000 -2.314816 
0.254000 -2.309894 
0.255000 -2.304834 
0.256000 -2.299635 
0.257000 -2.294297 
0.258000 -2.288822 
0.259000 -2.283209 
0.260000 -2.277460 
0.261000 -2.271574 
0.262000 -2.265553 
0.263000 -2.259396 
0.264000 -2.253105 
0.265000 -2.246679 
0.266000 -2.240121 
0.267000 -2.233429 
0.268000 -2.226606 
0.269000 -2.219650 
0.270000 -2.212565 
0.271000 -2.205349 
0.272000 -2.198004 
0.273000 -2.190530 
0.274000 -2.182928 
0.275000 -2.175199 
0.276000 -2.167344 
0.277000 -2.159363 
0.278000 -2.151258 
0.279000 -2.143028 
0.280000 -2.134676 
0.281000 -2.126201 
0.282000 -2.117605 
0.283000 -2.108888 
0.284000 -2.100052 
0.285000 -2.091097 
0.286000 -2.082025 
0.287000 -2.072835 
0.288000 -2.063530 
0.289000 -2.054109 
0.290000 -2.044575 
0.291000 -2.034927 
0.292000 -2.025168 
0.293000 -2.015298 
0.294000 -2.005317 
0.295000 -1.995228 
0.296000 -1.985031 
0.297000 -1.974726 
0.298000 -1.964316 
0.299000 -1.953802 
0.300000 -1.943183 
0.301000 -1.932462 
0.302000 -1.921639 
0.303000 -1.910716 
0.304000 -1.899694 
0.305000 -1.888573 
0.306000 -1.877356 
0.307000 -1.866042 
0.308000 -1.854634 
0.309000 -1.843132 
0.310000 -1.831537 
0.311000 -1.819851 
0.312000 -1.808075 
0.313000 -1.796210 
0.314000 -1.784257 
0.315000 -1.772218 
0.316000 -1.760093 
0.317000 -1.747884 
0.318000 -1.735591 
0.319000 -1.723217 
0.320000 -1.710763 
0.321000 -1.698228 
0.322000 -1.685616 
0.323000 -1.672926 
0.324000 -1.660161 
0.325000 -1.647321 
0.326000 -1.634408 
0.327000 -1.621423 
0.328000 -1.608367 
0.329000 -1.595241 
0.330000 -1.582047 
0.331000 -1.568785 
0.332000 -1.555458 
0.333000 -1.542065 
0.334000 -1.528610 
0.335000 -1.515092 
0.336000 -1.501513 
0.337000 -1.487874 
0.338000 -1.474176 
0.339000 -1.460422 
0.340000 -1.446611 
0.341000 -1.432745 
0.342000 -1.418826 
0.343000 -1.404854 
0.344000 -1.390831 
0.345000 -1.376758 
0.346000 -1.362636 
0.347000 -1.348466 
0.348000 -1.334251 
0.349000 -1.319990 
0.350000 -1.305685 
0.351000 -1.291338 
0.352000 -1.276949 
0.353000 -1.262520 
0.354000 -1.248051 
0.355000 -1.233545 
0.356000 -1.219002 
0.357000 -1.204423 
0.358000 -1.189810 
0.359000 -1.175164 
0.360000 -1.160485 
0.361000 -1.145776 
0.362000 -1.131037 
0.363000 -1.116270 
0.364000 -1.101475 
0.365000 -1.086653 
0.366000 -1.071807 
0.367000 -1.056936 
0.368000 -1.042043 
0.369000 -1.027127 
0.370000 -1.012191 
0.371000 -0.997236 
0.372000 -0.982261 
0.373000 -0.967270 
0.374000 -0.952262 
0.375000 -0.937238 
0.376000 -0.922201 
0.377000 -0.907150 
0.378000 -0.892088 
0.379000 -0.877014 
0.380000 -0.861930 
0.381000 -0.846837 
0.382000 -0.831736 
0.383000 -0.816629 
0.384000 -0.801515 
0.385000 -0.786396 
0.386000 -0.771274 
0.387000 -0.756148 
0.388000 -0.741021 
0.389000 -0.725892 
0.390000 -0.710763 
0.391000 -0.695635 
0.392000 -0.680509 
0.393000 -0.665386 
0.394000 -0.650266 
0.395000 -0.635151 
0.396000 -0.620042 
0.397000 -0.604939 
0.398000 -0.589843 
0.399000 -0.574755 
0.400000 -0.559676 
0.401000 -0.544608 
0.402000 -0.529550 
0.403000 -0.514503 
0.404000 -0.499469 
0.405000 -0.484449 
0.406000 -0.469442 
0.407000 -0.454450 
0.408000 -0.439474 
0.409000 -0.424515 
0.410000 -0.409573 
0.411000 -0.394649 
0.412000 -0.379743 
0.413000 -0.364858 
0.414000 -0.349992 
0.415000 -0.335148 
0.416000 -0.320326 
0.417000 -0.305526 
0.418000 -0.290750 
0.419000 -0.275997 
0.420000 -0.261269 
0.421000 -0.246567 
0.422000 -0.231890 
0.423000 -0.217241 
0.424000 -0.202618 
0.425000 -0.188024 
0.426000 -0.173458 
0.427000 -0.158922 
0.428000 -0.144416 
0.429000 -0.129940 
0.430000 -0.115496 
0.431000 -0.101083 
0.432000 -0.086703 
0.433000 -0.072356 
0.434000 -0.058042 
0.435000 -0.043763 
0.436000 -0.029518 
0.437000 -0.015308 
0.438000 -0.001135 
0.439000 0.013003 
0.440000 0.027103 
0.441000 0.041166 
0.442000 0.055191 
0.443000 0.069178 
0.444000 0.083125 
0.445000 0.097033 
0.446000 0.110902 
0.447000 0.124730 
0.448000 0.138517 
0.449000 0.152262 
0.450000 0.165966 
0.451000 0.179628 
0.452000 0.193247 
0.453000 0.206822 
0.454000 0.220355 
0.455000 0.233843 
0.456000 0.247287 
0.457000 0.260686 
0.458000 0.274040 
0.459000 0.287348 
0.460000 0.300610 
0.461000 0.313827 
0.462000 0.326996 
0.463000 0.340118 
0.464000 0.353193 
0.465000 0.366220 
0.466000 0.379199 
0.467000 0.392129 
0.468000 0.405011 
0.469000 0.417844 
0.470000 0.430627 
0.471000 0.443360 
0.472000 0.456044 
0.473000 0.468677 
0.474000 0.481259 
0.475000 0.493790 
0.476000 0.506270 
0.477000 0.518699 
0.478000 0.531076 
0.479000 0.543401 
0.480000 0.555674 
0.481000 0.567894 
0.482000 0.580061 
0.483000 0.592175 
0.484000 0.604236 
0.485000 0.616244 
0.486000 0.628197 
0.487000 0.640097 
0.488000 0.651943 
0.489000 0.663734 
0.490000 0.675470 
0.491000 0.687152 
0.492000 0.698779 
0.493000 0.710351 
0.494000 0.721867 
0.495000 0.733328 
0.496000 0.744733 
0.497000 0.756082 
0.498000 0.767375 
0.499000 0.778612 
0.500000 0.789793 
0.501000 0.800917 
0.502000 0.811984 
0.503000 0.822994 
0.504000 0.833948 
0.505000 0.844844 
0.506000 0.855683 
0.507000 0.866465 
0.508000 0.877189 
0.509000 0.887856 
0.510000 0.898465 
0.511000 0.909016 
0.512000 0.919509 
0.513000 0.929944 
0.514000 0.940321 
0.515000 0.950639 
0.516000 0.960900 
0.517000 0.971101 
0.518000 0.981244 
0.519000 0.991329 
0.520000 1.001355 
0.521000 1.011322 
0.522000 1.021230 
0.523000 1.031079 
0.524000 1.040870 
0.525000 1.050601 
0.526000 1.060273 
0.527000 1.069886 
0.528000 1.079439 
0.529000 1.088934 
0.530000 1.098369 
0.531000 1.107744 
0.532000 1.117060 
0.533000 1.126317 
0.534000 1.135514 
0.535000 1.144651 
0.536000 1.153729 
0.537000 1.162747 
0.538000 1.171706 
0.539000 1.180605 
0.540000 1.189444 
0.541000 1.198224 
0.542000 1.206943 
0.543000 1.215603 
0.544000 1.224204 
0.545000 1.232744 
0.546000 1.241224 
0.547000 1.249645 
0.548000 1.258006 
0.549000 1.266307 
0.550000 1.274548 
0.551000 1.282730 
0.552000 1.290851 
0.553000 1.298913 
0.554000 1.306915 
0.555000 1.314857 
0.556000 1.322740 
0.557000 1.330562 
0.558000 1.338325 
0.559000 1.346028 
0.560000 1.353671 
0.561000 1.361255 
0.562000 1.368778 
0.563000 1.376242 
0.564000 1.383647 
0.565000 1.390992 
0.566000 1.398277 
0.567000 1.405502 
0.568000 1.412668 
0.569000 1.419775 
0.570000 1.426822 
0.571000 1.433809 
0.572000 1.440737 
0.573000 1.447606 
0.574000 1.454415 
0.575000 1.461165 
0.576000 1.467856 
0.577000 1.474487 
0.578000 1.481059 
0.579000 1.487572 
0.580000 1.494026 
0.581000 1.500421 
0.582000 1.506757 
0.583000 1.513034 
0.584000 1.519251 
0.585000 1.525410 
0.586000 1.531510 
0.587000 1.537552 
0.588000 1.543534 
0.589000 1.549458 
0.590000 1.555323 
0.591000 1.561130 
0.592000 1.566878 
0.593000 1.572568 
0.594000 1.578199 
0.595000 1.583772 
0.596000 1.589286 
0.597000 1.594743 
0.598000 1.600141 
0.599000 1.605481 
0.600000 1.610762 
0.601000 1.615986 
0.602000 1.621152 
0.603000 1.626260 
0.604000 1.631310 
0.605000 1.636303 
0.606000 1.641237 
0.607000 1.646115 
0.608000 1.650934 
0.609000 1.655696 
0.610000 1.660400 
0.611000 1.665048 
0.612000 1.669637 
0.613000 1.674170 
0.614000 1.678645 
0.615000 1.683064 
0.616000 1.687425 
0.617000 1.691729 
0.618000 1.695977 
0.619000 1.700167 
0.620000 1.704301 
0.621000 1.708378 
0.622000 1.712398 
0.623000 1.716362 
0.624000 1.720269 
0.625000 1.724120 
0.626000 1.727915 
0.627000 1.731653 
0.628000 1.735335 
0.629000 1.738961 
0.630000 1.742530 
0.631000 1.746044 
0.632000 1.749502 
0.633000 1.752904 
0.634000 1.756250 
0.635000 1.759540 
0.636000 1.762775 
0.637000 1.765954 
0.638000 1.769078 
0.639000 1.772146 
0.640000 1.775159 
0.641000 1.778117 
0.642000 1.781019 
0.643000 1.783866 
0.644000 1.786659 
0.645000 1.789396 
0.646000 1.792078 
0.647000 1.794705 
0.648000 1.797278 
0.649000 1.799796 
0.650000 1.802259 
0.651000 1.804667 
0.652000 1.807021 
0.653000 1.809321 
0.654000 1.811566 
0.655000 1.813757 
0.656000 1.815894 
0.657000 1.817977 
0.658000 1.820005 
0.659000 1.821980 
0.660000 1.823900 
0.661000 1.825767 
0.662000 1.827580 
0.663000 1.829339 
0.664000 1.831045 
0.665000 1.832697 
0.666000 1.834295 
0.667000 1.835840 
0.668000 1.837332 
0.669000 1.838770 
0.670000 1.840155 
0.671000 1.841487 
0.672000 1.842766 
0.673000 1.843991 
0.674000 1.845164 
0.675000 1.846284 
0.676000 1.847351 
0.677000 1.848365 
0.678000 1.849327 
0.679000 1.850236 
0.680000 1.851092 
0.681000 1.851896 
0.682000 1.852648 
0.683000 1.853347 
0.684000 1.853993 
0.685000 1.854588 
0.686000 1.855131 
0.687000 1.855621 
0.688000 1.856059 
0.689000 1.856445 
0.690000 1.856780 
0.691000 1.857063 
0.692000 1.857293 
0.693000 1.857472 
0.694000 1.857600 
0.695000 1.857676 
0.696000 1.857700 
0.697000 1.857673 
0.698000 1.857595 
0.699000 1.857465 
0.700000 1.857284 
0.701000 1.857051 
0.702000 1.856768 
0.703000 1.856433 
0.704000 1.856048 
0.705000 1.855611 
0.706000 1.855124 
0.707000 1.854585 
0.708000 1.853996 
0.709000 1.853357 
0.710000 1.852666 
0.711000 1.851925 
0.712000 1.851133 
0.713000 1.850291 
0.714000 1.849399 
0.715000 1.848456 
0.716000 1.847463 
0.717000 1.846419 
0.718000 1.845325 
0.719000 1.844181 
0.720000 1.842987 
0.721000 1.841743 
0.722000 1.840449 
0.723000 1.839105 
0.724000 1.837712 
0.725000 1.836268 
0.726000 1.834775 
0.727000 1.833232 
0.728000 1.831639 
0.729000 1.829996 
0.730000 1.828305 
0.731000 1.826563 
0.732000 1.824772 
0.733000 1.822932 
0.734000 1.821043 
0.735000 1.819104 
0.736000 1.817116 
0.737000 1.815078 
0.738000 1.812992 
0.739000 1.810856 
0.740000 1.808672 
0.741000 1.806438 
0.742000 1.804156 
0.743000 1.801824 
0.744000 1.799444 
0.745000 1.797015 
0.746000 1.794537 
0.747000 1.792011 
0.748000 1.789436 
0.749000 1.786812 
0.750000 1.784140 
0.751000 1.781419 
0.752000 1.778650 
0.753000 1.775833 
0.754000 1.772967 
0.755000 1.770052 
0.756000 1.767090 
0.757000 1.764079 
0.758000 1.761020 
0.759000 1.757913 
0.760000 1.754758 
0.761000 1.751555 
0.762000 1.748304 
0.763000 1.745004 
0.764000 1.741657 
0.765000 1.738262 
0.766000 1.734820 
0.767000 1.731329 
0.768000 1.727791 
0.769000 1.724205 
0.770000 1.720571 
0.771000 1.716890 
0.772000 1.713161 
0.773000 1.709385 
0.774000 1.705561 
0.775000 1.701690 
0.776000 1.697772 
0.777000 1.693806 
0.778000 1.689792 
0.779000 1.685732 
0.780000 1.681624 
0.781000 1.677469 
0.782000 1.673267 
0.783000 1.669018 
0.784000 1.664722 
0.785000 1.660378 
0.786000 1.655988 
0.787000 1.651551 
0.788000 1.647067 
0.789000 1.642536 
0.790000 1.637958 
0.791000 1.633334 
0.792000 1.628662 
0.793000 1.623944 
0.794000 1.619180 
0.795000 1.614368 
0.796000 1.609510 
0.797000 1.604606 
0.798000 1.599655 
0.799000 1.594658 
0.800000 1.589614 
0.801000 1.584524 
0.802000 1.579387 
0.803000 1.574204 
0.804000 1.568975 
0.805000 1.563700 
0.806000 1.558378 
0.807000 1.553011 
0.808000 1.547597 
0.809000 1.542137 
0.810000 1.536631 
0.811000 1.531079 
0.812000 1.525481 
0.813000 1.519838 
0.814000 1.514148 
0.815000 1.508413 
0.816000 1.502631 
0.817000 1.496805 
0.818000 1.490932 
0.819000 1.485013 
0.820000 1.479050 
0.821000 1.473040 
0.822000 1.466985 
0.823000 1.460884 
0.824000 1.454738 
0.825000 1.448547 
0.826000 1.442310 
0.827000 1.436028 
0.828000 1.429700 
0.829000 1.423327 
0.830000 1.416909 
0.831000 1.410446 
0.832000 1.403938 
0.833000 1.397385 
0.834000 1.390786 
0.835000 1.384143 
0.836000 1.377454 
0.837000 1.370721 
0.838000 1.363943 
0.839000 1.357120 
0.840000 1.350252 
0.841000 1.343340 
0.842000 1.336383 
0.843000 1.329381 
0.844000 1.322334 
0.845000 1.315244 
0.846000 1.308108 
0.847000 1.300928 
0.848000 1.293704 
0.849000 1.286435 
0.850000 1.279122 
0.851000 1.271765 
0.852000 1.264364 
0.853000 1.256918 
0.854000 1.249429 
0.855000 1.241895 
0.856000 1.234317 
0.857000 1.226696 
0.858000 1.219030 
0.859000 1.211321 
0.860000 1.203568 
0.861000 1.195771 
0.862000 1.187930 
0.863000 1.180046 
0.864000 1.172118 
0.865000 1.164147 
0.866000 1.156132 
0.867000 1.148074 
0.868000 1.139973 
0.869000 1.131828 
0.870000 1.123640 
0.871000 1.115409 
0.872000 1.107135 
0.873000 1.098818 
0.874000 1.090458 
0.875000 1.082055 
0.876000 1.073609 
0.877000 1.065120 
0.878000 1.056589 
0.879000 1.048015 
0.880000 1.039399 
0.881000 1.030740 
0.882000 1.022038 
0.883000 1.013295 
0.884000 1.004509 
0.885000 0.995681 
0.886000 0.986810 
0.887000 0.977898 
0.888000 0.968944 
0.889000 0.959948 
0.890000 0.950910 
0.891000 0.941830 
0.892000 0.932709 
0.893000 0.923546 
0.894000 0.914341 
0.895000 0.905095 
0.896000 0.895808 
0.897000 0.886480 
0.898000 0.877111 
0.899000 0.867700 
0.900000 0.858249 
0.901000 0.848757 
0.902000 0.839223 
0.903000 0.829650 
0.904000 0.820035 
0.905000 0.810381 
0.906000 0.800686 
0.907000 0.790950 
0.908000 0.781175 
0.909000 0.771359 
0.910000 0.761503 
0.911000 0.751608 
0.912000 0.741673 
0.913000 0.731698 
0.914000 0.721684 
0.915000 0.711630 
0.916000 0.701537 
0.917000 0.691405 
0.918000 0.681234 
0.919000 0.671023 
0.920000 0.660774 
0.921000 0.650487 
0.922000 0.640161 
0.923000 0.629796 
0.924000 0.619393 
0.925000 0.608952 
0.926000 0.598473 
0.927000 0.587955 
0.928000 0.577401 
0.929000 0.566808 
0.930000 0.556178 
0.931000 0.545511 
0.932000 0.534806 
0.933000 0.524065 
0.934000 0.513286 
0.935000 0.502471 
0.936000 0.491619 
0.937000 0.480731 
0.938000 0.469807 
0.939000 0.458846 
0.940000 0.447850 
0.941000 0.436817 
0.942000 0.425750 
0.943000 0.414646 
0.944000 0.403508 
0.945000 0.392334 
0.946000 0.381125 
0.947000 0.369882 
0.948000 0.358604 
0.949000 0.347292 
0.950000 0.335945 
0.951000 0.324565 
0.952000 0.313151 
0.953000 0.301703 
0.954000 0.290222 
0.955000 0.278708 
0.956000 0.267160 
0.957000 0.255580 
0.958000 0.243968 
0.959000 0.232323 
0.960000 0.220646 
0.961000 0.208937 
0.962000 0.197196 
0.963000 0.185424 
0.964000 0.173621 
0.965000 0.161787 
0.966000 0.149922 
0.967000 0.138026 
0.968000 0.126100 
0.969000 0.114144 
0.970000 0.102159 
0.971000 0.090144 
0.972000 0.078099 
0.973000 0.066026 
0.974000 0.053924 
0.975000 0.041793 
0.976000 0.029635 
0.977000 0.017448 
0.978000 0.005234 
0.979000 -0.007008 
0.980000 -0.019276 
0.981000 -0.031572 
0.982000 -0.043894 
0.983000 -0.056242 
0.984000 -0.068616 
0.985000 -0.081016 
0.986000 -0.093440 
0.987000 -0.105890 
0.988000 -0.118365 
0.989000 -0.130863 
0.990000 -0.143386 
0.991000 -0.155933 
0.992000 -0.168502 
0.993000 -0.181095 
0.994000 -0.193710 
0.995000 -0.206348 
0.996000 -0.219008 
0.997000 -0.231689 
0.998000 -0.244391 
0.999000 -0.257115 
1.000000 -0.269858 
1.001000 -0.282622 
1.002000 -0.295406 
1.003000 -0.308209 
1.004000 -0.321031 
1.005000 -0.333871 
1.006000 -0.346730 
1.007000 -0.359607 
1.008000 -0.372500 
1.009000 -0.385411 
1.010000 -0.398339 
1.011000 -0.411282 
1.012000 -0.424241 
1.013000 -0.437216 
1.014000 -0.450205 
1.015000 -0.463209 
1.016000 -0.476226 
1.017000 -0.489257 
1.018000 -0.502301 
1.019000 -0.515358 
1.020000 -0.528426 
1.021000 -0.541507 
1.022000 -0.554598 
1.023000 -0.567700 
1.024000 -0.580813 
1.025000 -0.593935 
1.026000 -0.607066 
1.027000 -0.620205 
1.028000 -0.633353 
1.029000 -0.646509 
1.030000 -0.659672 
1.031000 -0.672841 
1.032000 -0.686016 
1.033000 -0.699197 
1.034000 -0.712383 
1.035000 -0.725573 
1.036000 -0.738767 
1.037000 -0.751964 
1.038000 -0.765164 
1.039000 -0.778366 
1.040000 -0.791570 
1.041000 -0.804775 
1.042000 -0.817980 
1.043000 -0.831185 
1.044000 -0.844389 
1.045000 -0.857592 
1.046000 -0.870793 
1.047000 -0.883991 
1.048000 -0.897185 
1.049000 -0.910376 
1.050000 -0.923563 
1.051000 -0.936744 
1.052000 -0.949919 
1.053000 -0.963088 
1.054000 -0.976249 
1.055000 -0.989403 
1.056000 -1.002548 
1.057000 -1.015684 
1.058000 -1.028810 
1.059000 -1.041925 
1.060000 -1.055030 
1.061000 -1.068122 
1.062000 -1.081201 
1.063000 -1.094268 
1.064000 -1.107319 
1.065000 -1.120357 
1.066000 -1.133378 
1.067000 -1.146383 
1.068000 -1.159371 
1.069000 -1.172341 
1.070000 -1.185293 
1.071000 -1.198225 
1.072000 -1.211137 
1.073000 -1.224028 
1.074000 -1.236897 
1.075000 -1.249744 
1.076000 -1.262567 
1.077000 -1.275367 
1.078000 -1.288141 
1.079000 -1.300890 
1.080000 -1.313612 
1.081000 -1.326307 
1.082000 -1.338973 
1.083000 -1.351611 
1.084000 -1.364219 
1.085000 -1.376795 
1.086000 -1.389341 
1.087000 -1.401854 
1.088000 -1.414333 
1.089000 -1.426778 
1.090000 -1.439189 
1.091000 -1.451563 
1.092000 -1.463900 
1.093000 -1.476200 
1.094000 -1.488461 
1.095000 -1.500683 
1.096000 -1.512864 
1.097000 -1.525004 
1.098000 -1.537102 
1.099000 -1.549156 
1.100000 -1.561167 
1.101000 -1.573132 
1.102000 -1.585052 
1.103000 -1.596924 
1.104000 -1.608749 
1.105000 -1.620525 
1.106000 -1.632251 
1.107000 -1.643926 
1.108000 -1.655550 
1.109000 -1.667121 
1.110000 -1.678639 
1.111000 -1.690102 
1.112000 -1.701510 
1.113000 -1.712861 
1.114000 -1.724154 
1.115000 -1.735389 
1.116000 -1.746565 
1.117000 -1.757680 
1.118000 -1.768734 
1.119000 -1.779725 
1.120000 -1.790653 
1.121000 -1.801517 
1.122000 -1.812315 
1.123000 -1.823047 
1.124000 -1.833711 
1.125000 -1.844307 
1.126000 -1.854833 
1.127000 -1.865289 
1.128000 -1.875673 
1.129000 -1.885985 
1.130000 -1.896224 
1.131000 -1.906388 
1.132000 -1.916476 
1.133000 -1.926488 
1.134000 -1.936422 
1.135000 -1.946278 
1.136000 -1.956054 
1.137000 -1.965750 
1.138000 -1.975363 
1.139000 -1.984895 
1.140000 -1.994342 
1.141000 -2.003705 
1.142000 -2.012982 
1.143000 -2.022173 
1.144000 -2.031276 
1.145000 -2.040290 
1.146000 -2.049214 
1.147000 -2.058048 
1.148000 -2.066790 
1.149000 -2.075439 
1.150000 -2.083995 
1.151000 -2.092455 
1.152000 -2.100821 
1.153000 -2.109089 
1.154000 -2.117260 
1.155000 -2.125332 
1.156000 -2.133304 
1.157000 -2.141176 
1.158000 -2.148947 
1.159000 -2.156614 
1.160000 -2.164179 
1.161000 -2.171639 
1.162000 -2.178993 
1.163000 -2.186242 
1.164000 -2.193383 
1.165000 -2.200415 
1.166000 -2.207339 
1.167000 -2.214153 
1.168000 -2.220856 
1.169000 -2.227447 
1.170000 -2.233925 
1.171000 -2.240290 
1.172000 -2.246540 
1.173000 -2.252675 
1.174000 -2.258694 
1.175000 -2.264596 
1.176000 -2.270380 
1.177000 -2.276045 
1.178000 -2.281591 
1.179000 -2.287016 
1.180000 -2.292320 
1.181000 -2.297502 
1.182000 -2.302561 
1.183000 -2.307497 
1.184000 -2.312309 
1.185000 -2.316996 
1.186000 -2.321556 
1.187000 -2.325991 
1.188000 -2.330298 
1.189000 -2.334477 
1.190000 -2.338527 
1.191000 -2.342449 
1.192000 -2.346240 
1.193000 -2.349901 
1.194000 -2.353430 
1.195000 -2.356828 
1.196000 -2.360093 
1.197000 -2.363224 
1.198000 -2.366223 
1.199000 -2.369086 
1.200000 -2.371816 
1.201000 -2.374409 
1.202000 -2.376867 
1.203000 -2.379188 
1.204000 -2.381373 
1.205000 -2.383420 
1.206000 -2.385329 
1.207000 -2.387100 
1.208000 -2.388732 
1.209000 -2.390225 
1.210000 -2.391578 
1.211000 -2.392791 
1.212000 -2.393864 
1.213000 -2.394796 
1.214000 -2.395587 
1.215000 -2.396237 
1.216000 -2.396745 
1.217000 -2.397111 
1.218000 -2.397335 
1.219000 -2.397417 
1.220000 -2.397355 
1.221000 -2.397151 
1.222000 -2.396804 
1.223000 -2.396313 
1.224000 -2.395679 
1.225000 -2.394901 
1.226000 -2.393979 
1.227000 -2.392914 
1.228000 -2.391705 
1.229000 -2.390351 
1.230000 -2.388854 
1.231000 -2.387212 
1.232000 -2.385427 
1.233000 -2.383497 
1.234000 -2.381423 
1.235000 -2.379205 
1.236000 -2.376843 
1.237000 -2.374338 
1.238000 -2.371688 
1.239000 -2.368895 
1.240000 -2.365958 
1.241000 -2.362878 
1.242000 -2.359655 
1.243000 -2.356288 
1.244000 -2.352779 
1.245000 -2.349127 
1.246000 -2.345333 
1.247000 -2.341397 
1.248000 -2.337320 
1.249000 -2.333100 
1.250000 -2.328740 
1.251000 -2.324239 
1.252000 -2.319597 
1.253000 -2.314816 
1.254000 -2.309894 
1.255000 -2.304834 
1.256000 -2.299635 
1.257000 -2.294297 
1.258000 -2.288822 
1.259000 -2.283209 
1.260000 -2.277460 
1.261000 -2.271574 
1.262000 -2.265553 
1.263000 -2.259396 
1.264000 -2.253105 
1.265000 -2.246679 
1.266000 -2.240121 
1.267000 -2.233429 
1.268000 -2.226606 
1.269000 -2.219650 
1.270000 -2.212565 
1.271000 -2.205349 
1.272000 -2.198004 
1.273000 -2.190530 
1.274000 -2.182928 
1.275000 -2.175199 
1.276000 -2.167344 
1.277000 -2.159363 
1.278000 -2.151258 
1.279000 -2.143028 
1.280000 -2.134676 
1.281000 -2.126201 
1.282000 -2.117605 
1.283000 -2.108888 
1.284000 -2.100052 
1.285000 -2.091097 
1.286000 -2.082025 
1.287000 -2.072835 
1.288000 -2.063530 
1.289000 -2.054109 
1.290000 -2.044575 
1.291000 -2.034927 
1.292000 -2.025168 
1.293000 -2.015298 
1.294000 -2.005317 
1.295000 -1.995228 
1.296000 -1.985031 
1.297000 -1.974726 
1.298000 -1.964316 
1.299000 -1.953802 
1.300000 -1.943183 
1.301000 -1.932462 
1.302000 -1.921639 
1.303000 -1.910716 
1.304000 -1.899694 
1.305000 -1.888573 
1.306000 -1.877356 
1.307000 -1.866042 
1.308000 -1.854634 
1.309000 -1.843132 
1.310000 -1.831537 
1.311000 -1.819851 
1.312000 -1.808075 
1.313000 -1.796210 
1.314000 -1.784257 
1.315000 -1.772218 
1.316000 -1.760093 
1.317000 -1.747884 
1.318000 -1.735591 
1.319000 -1.723217 
1.320000 -1.710763 
1.321000 -1.698228 
1.322000 -1.685616 
1.323000 -1.672926 
1.324000 -1.660161 
1.325000 -1.647321 
1.326000 -1.634408 
1.327000 -1.621423 
1.328000 -1.608367 
1.329000 -1.595241 
1.330000 -1.582047 
1.331000 -1.568785 
1.332000 -1.555458 
1.333000 -1.542065 
1.334000 -1.528610 
1.335000 -1.515092 
1.336000 -1.501513 
1.337000 -1.487874 
1.338000 -1.474176 
1.339000 -1.460422 
1.340000 -1.446611 
1.341000 -1.432745 
1.342000 -1.418826 
1.343000 -1.404854 
1.344000 -1.390831 
1.345000 -1.376758 
1.346000 -1.362636 
1.347000 -1.348466 
1.348000 -1.334251 
1.349000 -1.319990 
1.350000 -1.305685 
1.351000 -1.291338 
1.352000 -1.276949 
1.353000 -1.262520 
1.354000 -1.248051 
1.355000 -1.233545 
1.356000 -1.219002 
1.357000 -1.204423 
1.358000 -1.189810 
1.359000 -1.175164 
1.360000 -1.160485 
1.361000 -1.145776 
1.362000 -1.131037 
1.363000 -1.116270 
1.364000 -1.101475 
1.365000 -1.086653 
1.366000 -1.071807 
1.367000 -1.056936 
1.368000 -1.042043 
1.369000 -1.027127 
1.370000 -1.012191 
1.371000 -0.997236 
1.372000 -0.982261 
1.373000 -0.967270 
1.374000 -0.952262 
1.375000 -0.937238 
1.376000 -0.922201 
1.377000 -0.907150 
1.378000 -0.892088 
1.379000 -0.877014 
1.380000 -0.861930 
1.381000 -0.846837 
1.382000 -0.831736 
1.383000 -0.816629 
1.384000 -0.801515 
1.385000 -0.786396 
1.386000 -0.771274 
1.387000 -0.756148 
1.388000 -0.741021 
1.389000 -0.725892 
1.390000 -0.710763 
1.391000 -0.695635 
1.392000 -0.680509 
1.393000 -0.665386 
1.394000 -0.650266 
1.395000 -0.635151 
1.396000 -0.620042 
1.397000 -0.604939 
1.398000 -0.589843 
1.399000 -0.574755 
1.400000 -0.559676 
1.401000 -0.544608 
1.402000 -0.529550 
1.403000 -0.514503 
1.404000 -0.499469 
1.405000 -0.484449 
1.406000 -0.469442 
1.407000 -0.454450 
1.408000 -0.439474 
1.409000 -0.424515 
1.410000 -0.409573 
1.411000 -0.394649 
1.412000 -0.379743 
1.413000 -0.364858 
1.414000 -0.349992 
1.415000 -0.335148 
1.416000 -0.320326 
1.417000 -0.305526 
1.418000 -0.290750 
1.419000 -0.275997 
1.420000 -0.261269 
1.421000 -0.246567 
1.422000 -0.231890 
1.423000 -0.217241 
1.424000 -0.202618 
1.425000 -0.188024 
1.426000 -0.173458 
1.427000 -0.158922 
1.428000 -0.144416 
1.429000 -0.129940 
1.430000 -0.115496 
1.431000 -0.101083 
1.432000 -0.086703 
1.433000 -0.072356 
1.434000 -0.058042 
1.435000 -0.043763 
1.436000 -0.029518 
1.437000 -0.015308 
1.438000 -0.001135 
1.439000 0.013003 
1.440000 0.027103 
1.441000 0.041166 
1.442000 0.055191 
1.443000 0.069178 
1.444000 0.083125 
1.445000 0.097033 
1.446000 0.110902 
1.447000 0.124730 
1.448000 0.138517 
1.449000 0.152262 
1.450000 0.165966 
1.451000 0.179628 
1.452000 0.193247 
1.453000 0.206822 
1.454000 0.220355 
1.455000 0.233843 
1.456000 0.247287 
1.457000 0.260686 
1.458000 0.274040 
1.459000 0.287348 
1.460000 0.300610 
1.461000 0.313827 
1.462000 0.326996 
1.463000 0.340118 
1.464000 0.353193 
1.465000 0.366220 
1.466000 0.379199 
1.467000 0.392129 
1.468000 0.405011 
1.469000 0.417844 
1.470000 0.430627 
1.471000 0.443360 
1.472000 0.456044 
1.473000 0.468677 
1.474000 0.481259 
1.475000 0.493790 
1.476000 0.506270 
1.477000 0.518699 
1.478000 0.531076 
1.479000 0.543401 
1.480000 0.555674 
1.481000 0.567894 
1.482000 0.580061 
1.483000 0.592175 
1.484000 0.604236 
1.485000 0.616244 
1.486000 0.628197 
1.487000 0.640097 
1.488000 0.651943 
1.489000 0.663734 
1.490000 0.675470 
1.491000 0.687152 
1.492000 0.698779 
1.493000 0.710351 
1.494000 0.721867 
1.495000 0.733328 
1.496000 0.744733 
1.497000 0.756082 
1.498000 0.767375 
1.499000 0.778612 
