# time Tc_folded Tref_folded model model_err 
59329.481866 0.000000 0.000000     0.172866     0.519172 
59329.519476 0.000000 0.000000     0.182693     0.518432 
59329.557086 0.000000 0.000000     0.192426     0.517684 
59329.594696 0.000000 0.000000     0.202057     0.516929 
59329.632306 0.000000 0.000000     0.211579     0.516165 
59329.669917 0.000000 0.000000     0.220985     0.515394 
59329.707527 0.000000 0.000000     0.230266     0.514615 
59329.745137 0.000000 0.000000     0.239416     0.513829 
59329.782747 0.000000 0.000000     0.248427     0.513035 
59329.820357 0.000000 0.000000     0.257291     0.512234 
59329.857967 0.000000 0.000000     0.266002     0.511425 
59329.895578 0.000000 0.000000     0.274551     0.510609 
59329.933188 0.000000 0.000000     0.282932     0.509786 
59329.970798 0.000000 0.000000     0.291138     0.508956 
59330.008408 0.000000 0.000000     0.299160     0.508119 
59330.046018 0.000000 0.000000     0.306993     0.507275 
59330.083628 0.000000 0.000000     0.314629     0.506424 
59330.121238 0.000000 0.000000     0.322061     0.505567 
59330.158849 0.000000 0.000000     0.329282     0.504703 
59330.196459 0.000000 0.000000     0.336286     0.503832 
59330.234069 0.000000 0.000000     0.343066     0.502955 
59330.271679 0.000000 0.000000     0.349615     0.502071 
59330.309289 0.000000 0.000000     0.355927     0.501182 
59330.346899 0.000000 0.000000     0.361995     0.500286 
59330.384510 0.000000 0.000000     0.367814     0.499384 
59330.422120 0.000000 0.000000     0.373377     0.498476 
59330.459730 0.000000 0.000000     0.378679     0.497562 
59330.497340 0.000000 0.000000     0.383714     0.496642 
59330.534950 0.000000 0.000000     0.388475     0.495717 
59330.572560 0.000000 0.000000     0.392958     0.494786 
59330.610170 0.000000 0.000000     0.397157     0.493850 
59330.647781 0.000000 0.000000     0.401067     0.492908 
59330.685391 0.000000 0.000000     0.404684     0.491961 
59330.723001 0.000000 0.000000     0.408001     0.491009 
59330.760611 0.000000 0.000000     0.411015     0.490052 
59330.798221 0.000000 0.000000     0.413722     0.489089 
59330.835831 0.000000 0.000000     0.416116     0.488122 
59330.873442 0.000000 0.000000     0.418194     0.487150 
59330.911052 0.000000 0.000000     0.419951     0.486173 
59330.948662 0.000000 0.000000     0.421386     0.485192 
59330.986272 0.000000 0.000000     0.422492     0.484206 
59331.023882 0.000000 0.000000     0.423269     0.483215 
59331.061492 0.000000 0.000000     0.423711     0.482220 
59331.099102 0.000000 0.000000     0.423818     0.481221 
59331.136713 0.000000 0.000000     0.423585     0.480218 
59331.174323 0.000000 0.000000     0.423011     0.479211 
59331.211933 0.000000 0.000000     0.422093     0.478199 
59331.249543 0.000000 0.000000     0.420829     0.477184 
59331.287153 0.000000 0.000000     0.419219     0.476165 
59331.324763 0.000000 0.000000     0.417259     0.475142 
59331.362374 0.000000 0.000000     0.414949     0.474116 
59331.399984 0.000000 0.000000     0.412288     0.473086 
59331.437594 0.000000 0.000000     0.409276     0.472052 
59331.475204 0.000000 0.000000     0.405910     0.471015 
59331.512814 0.000000 0.000000     0.402192     0.469975 
59331.550424 0.000000 0.000000     0.398122     0.468932 
59331.588035 0.000000 0.000000     0.393698     0.467886 
59331.625645 0.000000 0.000000     0.388922     0.466836 
59331.663255 0.000000 0.000000     0.383795     0.465784 
59331.700865 0.000000 0.000000     0.378316     0.464729 
59331.738475 0.000000 0.000000     0.372489     0.463672 
59331.776085 0.000000 0.000000     0.366313     0.462612 
59331.813695 0.000000 0.000000     0.359790     0.461549 
59331.851306 0.000000 0.000000     0.352923     0.460484 
59331.888916 0.000000 0.000000     0.345713     0.459417 
59331.926526 0.000000 0.000000     0.338163     0.458348 
59331.964136 0.000000 0.000000     0.330276     0.457277 
59332.001746 0.000000 0.000000     0.322053     0.456204 
59332.039356 0.000000 0.000000     0.313499     0.455129 
59332.076967 0.000000 0.000000     0.304617     0.454053 
59332.114577 0.000000 0.000000     0.295410     0.452975 
59332.152187 0.000000 0.000000     0.285881     0.451896 
59332.189797 0.000000 0.000000     0.276036     0.450815 
59332.227407 0.000000 0.000000     0.265878     0.449734 
59332.265017 0.000000 0.000000     0.255411     0.448652 
59332.302627 0.000000 0.000000     0.244641     0.447569 
59332.340238 0.000000 0.000000     0.233573     0.446485 
59332.377848 0.000000 0.000000     0.222210     0.445401 
59332.415458 0.000000 0.000000     0.210559     0.444317 
59332.453068 0.000000 0.000000     0.198626     0.443233 
59332.490678 0.000000 0.000000     0.186416     0.442150 
59332.528288 0.000000 0.000000     0.173934     0.441066 
59332.565899 0.000000 0.000000     0.161188     0.439983 
59332.603509 0.000000 0.000000     0.148184     0.438901 
59332.641119 0.000000 0.000000     0.134927     0.437821 
59332.678729 0.000000 0.000000     0.121425     0.436741 
59332.716339 0.000000 0.000000     0.107685     0.435663 
59332.753949 0.000000 0.000000     0.093713     0.434586 
59332.791559 0.000000 0.000000     0.079518     0.433512 
59332.829170 0.000000 0.000000     0.065106     0.432439 
59332.866780 0.000000 0.000000     0.050485     0.431370 
59332.904390 0.000000 0.000000     0.035663     0.430303 
59332.942000 0.000000 0.000000     0.020647     0.429239 
59332.979610 0.000000 0.000000     0.005446     0.428178 
59333.017220 0.000000 0.000000    -0.009932     0.427121 
59333.054831 0.000000 0.000000    -0.025479     0.426068 
59333.092441 0.000000 0.000000    -0.041187     0.425019 
59333.130051 0.000000 0.000000    -0.057046     0.423975 
59333.167661 0.000000 0.000000    -0.073049     0.422935 
59333.205271 0.000000 0.000000    -0.089186     0.421901 
59333.242881 0.000000 0.000000    -0.105448     0.420872 
59333.280492 0.000000 0.000000    -0.121828     0.419849 
59333.318102 0.000000 0.000000    -0.138314     0.418832 
59333.355712 0.000000 0.000000    -0.154900     0.417822 
59333.393322 0.000000 0.000000    -0.171574     0.416818 
59333.430932 0.000000 0.000000    -0.188329     0.415822 
59333.468542 0.000000 0.000000    -0.205153     0.414833 
59333.506152 0.000000 0.000000    -0.222039     0.413852 
59333.543763 0.000000 0.000000    -0.238977     0.412880 
59333.581373 0.000000 0.000000    -0.255957     0.411916 
59333.618983 0.000000 0.000000    -0.272970     0.410961 
59333.656593 0.000000 0.000000    -0.290005     0.410016 
59333.694203 0.000000 0.000000    -0.307054     0.409080 
59333.731813 0.000000 0.000000    -0.324107     0.408155 
59333.769424 0.000000 0.000000    -0.341155     0.407240 
59333.807034 0.000000 0.000000    -0.358187     0.406336 
59333.844644 0.000000 0.000000    -0.375194     0.405443 
59333.882254 0.000000 0.000000    -0.392166     0.404561 
59333.919864 0.000000 0.000000    -0.409094     0.403692 
59333.957474 0.000000 0.000000    -0.425969     0.402834 
59333.995084 0.000000 0.000000    -0.442780     0.401990 
59334.032695 0.000000 0.000000    -0.459519     0.401158 
59334.070305 0.000000 0.000000    -0.476175     0.400340 
59334.107915 0.000000 0.000000    -0.492740     0.399535 
59334.145525 0.000000 0.000000    -0.509205     0.398745 
59334.183135 0.000000 0.000000    -0.525559     0.397968 
59334.220745 0.000000 0.000000    -0.541794     0.397206 
59334.258356 0.000000 0.000000    -0.557900     0.396459 
59334.295966 0.000000 0.000000    -0.573869     0.395728 
59334.333576 0.000000 0.000000    -0.589692     0.395011 
59334.371186 0.000000 0.000000    -0.605360     0.394311 
59334.408796 0.000000 0.000000    -0.620863     0.393626 
59334.446406 0.000000 0.000000    -0.636195     0.392957 
59334.484016 0.000000 0.000000    -0.651345     0.392305 
59334.521627 0.000000 0.000000    -0.666306     0.391670 
59334.559237 0.000000 0.000000    -0.681070     0.391051 
59334.596847 0.000000 0.000000    -0.695627     0.390450 
59334.634457 0.000000 0.000000    -0.709972     0.389865 
59334.672067 0.000000 0.000000    -0.724094     0.389298 
59334.709677 0.000000 0.000000    -0.737988     0.388749 
59334.747288 0.000000 0.000000    -0.751644     0.388217 
59334.784898 0.000000 0.000000    -0.765057     0.387703 
59334.822508 0.000000 0.000000    -0.778219     0.387207 
59334.860118 0.000000 0.000000    -0.791122     0.386729 
59334.897728 0.000000 0.000000    -0.803761     0.386269 
59334.935338 0.000000 0.000000    -0.816127     0.385827 
59334.972949 0.000000 0.000000    -0.828215     0.385403 
59335.010559 0.000000 0.000000    -0.840019     0.384998 
59335.048169 0.000000 0.000000    -0.851532     0.384611 
59335.085779 0.000000 0.000000    -0.862749     0.384242 
59335.123389 0.000000 0.000000    -0.873664     0.383891 
59335.160999 0.000000 0.000000    -0.884270     0.383559 
59335.198609 0.000000 0.000000    -0.894564     0.383245 
59335.236220 0.000000 0.000000    -0.904540     0.382949 
59335.273830 0.000000 0.000000    -0.914193     0.382671 
59335.311440 0.000000 0.000000    -0.923518     0.382412 
59335.349050 0.000000 0.000000    -0.932511     0.382170 
59335.386660 0.000000 0.000000    -0.941168     0.381947 
59335.424270 0.000000 0.000000    -0.949485     0.381741 
59335.461881 0.000000 0.000000    -0.957458     0.381553 
59335.499491 0.000000 0.000000    -0.965084     0.381383 
59335.537101 0.000000 0.000000    -0.972359     0.381231 
59335.574711 0.000000 0.000000    -0.979280     0.381096 
59335.612321 0.000000 0.000000    -0.985844     0.380979 
59335.649931 0.000000 0.000000    -0.992050     0.380878 
59335.687541 0.000000 0.000000    -0.997894     0.380795 
59335.725152 0.000000 0.000000    -1.003374     0.380729 
59335.762762 0.000000 0.000000    -1.008489     0.380680 
59335.800372 0.000000 0.000000    -1.013237     0.380647 
59335.837982 0.000000 0.000000    -1.017616     0.380631 
59335.875592 0.000000 0.000000    -1.021626     0.380632 
59335.913202 0.000000 0.000000    -1.025265     0.380649 
59335.950813 0.000000 0.000000    -1.028533     0.380682 
59335.988423 0.000000 0.000000    -1.031429     0.380731 
59336.026033 0.000000 0.000000    -1.033954     0.380795 
59336.063643 0.000000 0.000000    -1.036107     0.380876 
59336.101253 0.000000 0.000000    -1.037889     0.380972 
59336.138863 0.000000 0.000000    -1.039300     0.381083 
59336.176473 0.000000 0.000000    -1.040342     0.381209 
59336.214084 0.000000 0.000000    -1.041014     0.381350 
59336.251694 0.000000 0.000000    -1.041318     0.381506 
59336.289304 0.000000 0.000000    -1.041257     0.381677 
59336.326914 0.000000 0.000000    -1.040831     0.381862 
59336.364524 0.000000 0.000000    -1.040042     0.382062 
59336.402134 0.000000 0.000000    -1.038893     0.382275 
59336.439745 0.000000 0.000000    -1.037386     0.382502 
59336.477355 0.000000 0.000000    -1.035524     0.382743 
59336.514965 0.000000 0.000000    -1.033310     0.382998 
59336.552575 0.000000 0.000000    -1.030747     0.383266 
59336.590185 0.000000 0.000000    -1.027837     0.383546 
59336.627795 0.000000 0.000000    -1.024586     0.383840 
59336.665406 0.000000 0.000000    -1.020995     0.384146 
59336.703016 0.000000 0.000000    -1.017070     0.384465 
59336.740626 0.000000 0.000000    -1.012814     0.384796 
59336.778236 0.000000 0.000000    -1.008232     0.385139 
59336.815846 0.000000 0.000000    -1.003328     0.385493 
59336.853456 0.000000 0.000000    -0.998108     0.385859 
59336.891066 0.000000 0.000000    -0.992575     0.386236 
59336.928677 0.000000 0.000000    -0.986735     0.386624 
59336.966287 0.000000 0.000000    -0.980594     0.387023 
59337.003897 0.000000 0.000000    -0.974157     0.387431 
59337.041507 0.000000 0.000000    -0.967429     0.387850 
59337.079117 0.000000 0.000000    -0.960417     0.388279 
59337.116727 0.000000 0.000000    -0.953126     0.388717 
59337.154338 0.000000 0.000000    -0.945563     0.389164 
59337.191948 0.000000 0.000000    -0.937733     0.389620 
59337.229558 0.000000 0.000000    -0.929644     0.390084 
59337.267168 0.000000 0.000000    -0.921301     0.390557 
59337.304778 0.000000 0.000000    -0.912712     0.391037 
59337.342388 0.000000 0.000000    -0.903884     0.391524 
59337.379998 0.000000 0.000000    -0.894823     0.392019 
59337.417609 0.000000 0.000000    -0.885537     0.392519 
59337.455219 0.000000 0.000000    -0.876032     0.393027 
59337.492829 0.000000 0.000000    -0.866317     0.393539 
59337.530439 0.000000 0.000000    -0.856399     0.394057 
59337.568049 0.000000 0.000000    -0.846285     0.394580 
59337.605659 0.000000 0.000000    -0.835983     0.395108 
59337.643270 0.000000 0.000000    -0.825501     0.395639 
59337.680880 0.000000 0.000000    -0.814847     0.396174 
59337.718490 0.000000 0.000000    -0.804028     0.396712 
59337.756100 0.000000 0.000000    -0.793053     0.397253 
59337.793710 0.000000 0.000000    -0.781930     0.397796 
59337.831320 0.000000 0.000000    -0.770667     0.398341 
59337.868930 0.000000 0.000000    -0.759272     0.398887 
59337.906541 0.000000 0.000000    -0.747754     0.399434 
59337.944151 0.000000 0.000000    -0.736120     0.399981 
59337.981761 0.000000 0.000000    -0.724380     0.400528 
59338.019371 0.000000 0.000000    -0.712541     0.401075 
59338.056981 0.000000 0.000000    -0.700613     0.401620 
59338.094591 0.000000 0.000000    -0.688603     0.402164 
59338.132202 0.000000 0.000000    -0.676520     0.402705 
59338.169812 0.000000 0.000000    -0.664372     0.403245 
59338.207422 0.000000 0.000000    -0.652169     0.403781 
59338.245032 0.000000 0.000000    -0.639918     0.404314 
59338.282642 0.000000 0.000000    -0.627629     0.404843 
59338.320252 0.000000 0.000000    -0.615309     0.405368 
59338.357863 0.000000 0.000000    -0.602967     0.405888 
59338.395473 0.000000 0.000000    -0.590612     0.406403 
59338.433083 0.000000 0.000000    -0.578252     0.406912 
59338.470693 0.000000 0.000000    -0.565896     0.407416 
59338.508303 0.000000 0.000000    -0.553552     0.407913 
59338.545913 0.000000 0.000000    -0.541228     0.408404 
59338.583523 0.000000 0.000000    -0.528932     0.408887 
59338.621134 0.000000 0.000000    -0.516673     0.409363 
59338.658744 0.000000 0.000000    -0.504460     0.409832 
59338.696354 0.000000 0.000000    -0.492299     0.410293 
59338.733964 0.000000 0.000000    -0.480200     0.410745 
59338.771574 0.000000 0.000000    -0.468170     0.411189 
59338.809184 0.000000 0.000000    -0.456218     0.411624 
59338.846795 0.000000 0.000000    -0.444350     0.412051 
59338.884405 0.000000 0.000000    -0.432575     0.412468 
59338.922015 0.000000 0.000000    -0.420901     0.412876 
59338.959625 0.000000 0.000000    -0.409334     0.413275 
59338.997235 0.000000 0.000000    -0.397883     0.413664 
59339.034845 0.000000 0.000000    -0.386555     0.414043 
59339.072455 0.000000 0.000000    -0.375357     0.414413 
59339.110066 0.000000 0.000000    -0.364296     0.414774 
59339.147676 0.000000 0.000000    -0.353379     0.415124 
59339.185286 0.000000 0.000000    -0.342614     0.415465 
59339.222896 0.000000 0.000000    -0.332006     0.415796 
59339.260506 0.000000 0.000000    -0.321564     0.416118 
59339.298116 0.000000 0.000000    -0.311292     0.416430 
59339.335727 0.000000 0.000000    -0.301197     0.416733 
59339.373337 0.000000 0.000000    -0.291286     0.417027 
59339.410947 0.000000 0.000000    -0.281566     0.417312 
59339.448557 0.000000 0.000000    -0.272040     0.417589 
59339.486167 0.000000 0.000000    -0.262716     0.417857 
59339.523777 0.000000 0.000000    -0.253600     0.418117 
59339.561387 0.000000 0.000000    -0.244696     0.418369 
59339.598998 0.000000 0.000000    -0.236010     0.418614 
59339.636608 0.000000 0.000000    -0.227547     0.418852 
59339.674218 0.000000 0.000000    -0.219312     0.419084 
59339.711828 0.000000 0.000000    -0.211309     0.419309 
59339.749438 0.000000 0.000000    -0.203545     0.419529 
59339.787048 0.000000 0.000000    -0.196022     0.419743 
59339.824659 0.000000 0.000000    -0.188746     0.419953 
59339.862269 0.000000 0.000000    -0.181720     0.420159 
59339.899879 0.000000 0.000000    -0.174948     0.420362 
59339.937489 0.000000 0.000000    -0.168435     0.420562 
59339.975099 0.000000 0.000000    -0.162183     0.420759 
59340.012709 0.000000 0.000000    -0.156197     0.420956 
59340.050320 0.000000 0.000000    -0.150478     0.421151 
59340.087930 0.000000 0.000000    -0.145031     0.421346 
59340.125540 0.000000 0.000000    -0.139858     0.421541 
59340.163150 0.000000 0.000000    -0.134962     0.421738 
59340.200760 0.000000 0.000000    -0.130345     0.421937 
59340.238370 0.000000 0.000000    -0.126010     0.422139 
59340.275980 0.000000 0.000000    -0.121958     0.422344 
59340.313591 0.000000 0.000000    -0.118192     0.422553 
59340.351201 0.000000 0.000000    -0.114713     0.422767 
59340.388811 0.000000 0.000000    -0.111522     0.422987 
59340.426421 0.000000 0.000000    -0.108621     0.423213 
59340.464031 0.000000 0.000000    -0.106012     0.423447 
59340.501641 0.000000 0.000000    -0.103694     0.423689 
59340.539252 0.000000 0.000000    -0.101669     0.423939 
59340.576862 0.000000 0.000000    -0.099937     0.424198 
59340.614472 0.000000 0.000000    -0.098498     0.424468 
59340.652082 0.000000 0.000000    -0.097353     0.424748 
59340.689692 0.000000 0.000000    -0.096502     0.425040 
59340.727302 0.000000 0.000000    -0.095944     0.425344 
59340.764912 0.000000 0.000000    -0.095679     0.425660 
59340.802523 0.000000 0.000000    -0.095706     0.425990 
59340.840133 0.000000 0.000000    -0.096025     0.426333 
59340.877743 0.000000 0.000000    -0.096634     0.426691 
59340.915353 0.000000 0.000000    -0.097532     0.427063 
59340.952963 0.000000 0.000000    -0.098719     0.427450 
59340.990573 0.000000 0.000000    -0.100191     0.427852 
59341.028184 0.000000 0.000000    -0.101949     0.428270 
59341.065794 0.000000 0.000000    -0.103989     0.428705 
59341.103404 0.000000 0.000000    -0.106309     0.429155 
59341.141014 0.000000 0.000000    -0.108908     0.429622 
59341.178624 0.000000 0.000000    -0.111784     0.430105 
59341.216234 0.000000 0.000000    -0.114932     0.430605 
59341.253844 0.000000 0.000000    -0.118351     0.431121 
59341.291455 0.000000 0.000000    -0.122038     0.431654 
59341.329065 0.000000 0.000000    -0.125990     0.432203 
59341.366675 0.000000 0.000000    -0.130203     0.432768 
59341.404285 0.000000 0.000000    -0.134674     0.433349 
59341.441895 0.000000 0.000000    -0.139399     0.433946 
59341.479505 0.000000 0.000000    -0.144375     0.434559 
59341.517116 0.000000 0.000000    -0.149598     0.435186 
59341.554726 0.000000 0.000000    -0.155064     0.435828 
59341.592336 0.000000 0.000000    -0.160768     0.436483 
59341.629946 0.000000 0.000000    -0.166708     0.437153 
59341.667556 0.000000 0.000000    -0.172877     0.437835 
59341.705166 0.000000 0.000000    -0.179271     0.438529 
59341.742777 0.000000 0.000000    -0.185887     0.439235 
59341.780387 0.000000 0.000000    -0.192718     0.439952 
59341.817997 0.000000 0.000000    -0.199761     0.440678 
59341.855607 0.000000 0.000000    -0.207010     0.441414 
59341.893217 0.000000 0.000000    -0.214460     0.442158 
59341.930827 0.000000 0.000000    -0.222106     0.442910 
59341.968437 0.000000 0.000000    -0.229942     0.443668 
59342.006048 0.000000 0.000000    -0.237963     0.444431 
59342.043658 0.000000 0.000000    -0.246163     0.445199 
59342.081268 0.000000 0.000000    -0.254538     0.445970 
59342.118878 0.000000 0.000000    -0.263080     0.446744 
59342.156488 0.000000 0.000000    -0.271784     0.447519 
59342.194098 0.000000 0.000000    -0.280645     0.448295 
59342.231709 0.000000 0.000000    -0.289657     0.449069 
59342.269319 0.000000 0.000000    -0.298812     0.449842 
59342.306929 0.000000 0.000000    -0.308106     0.450612 
59342.344539 0.000000 0.000000    -0.317532     0.451377 
59342.382149 0.000000 0.000000    -0.327084     0.452137 
59342.419759 0.000000 0.000000    -0.336756     0.452891 
59342.457369 0.000000 0.000000    -0.346540     0.453638 
59342.494980 0.000000 0.000000    -0.356432     0.454376 
59342.532590 0.000000 0.000000    -0.366424     0.455104 
59342.570200 0.000000 0.000000    -0.376510     0.455821 
59342.607810 0.000000 0.000000    -0.386684     0.456526 
59342.645420 0.000000 0.000000    -0.396939     0.457218 
59342.683030 0.000000 0.000000    -0.407269     0.457896 
59342.720641 0.000000 0.000000    -0.417667     0.458559 
59342.758251 0.000000 0.000000    -0.428126     0.459206 
59342.795861 0.000000 0.000000    -0.438640     0.459836 
59342.833471 0.000000 0.000000    -0.449202     0.460447 
59342.871081 0.000000 0.000000    -0.459807     0.461039 
59342.908691 0.000000 0.000000    -0.470446     0.461611 
59342.946301 0.000000 0.000000    -0.481115     0.462161 
59342.983912 0.000000 0.000000    -0.491806     0.462690 
59343.021522 0.000000 0.000000    -0.502512     0.463196 
59343.059132 0.000000 0.000000    -0.513228     0.463677 
59343.096742 0.000000 0.000000    -0.523947     0.464135 
59343.134352 0.000000 0.000000    -0.534662     0.464567 
59343.171962 0.000000 0.000000    -0.545367     0.464972 
59343.209573 0.000000 0.000000    -0.556056     0.465351 
59343.247183 0.000000 0.000000    -0.566722     0.465702 
59343.284793 0.000000 0.000000    -0.577360     0.466025 
59343.322403 0.000000 0.000000    -0.587962     0.466319 
59343.360013 0.000000 0.000000    -0.598524     0.466583 
59343.397623 0.000000 0.000000    -0.609038     0.466817 
59343.435234 0.000000 0.000000    -0.619499     0.467020 
59343.472844 0.000000 0.000000    -0.629901     0.467192 
59343.510454 0.000000 0.000000    -0.640239     0.467332 
59343.548064 0.000000 0.000000    -0.650505     0.467440 
59343.585674 0.000000 0.000000    -0.660696     0.467516 
59343.623284 0.000000 0.000000    -0.670804     0.467558 
59343.660894 0.000000 0.000000    -0.680825     0.467568 
59343.698505 0.000000 0.000000    -0.690753     0.467543 
59343.736115 0.000000 0.000000    -0.700583     0.467485 
59343.773725 0.000000 0.000000    -0.710309     0.467393 
59343.811335 0.000000 0.000000    -0.719927     0.467266 
59343.848945 0.000000 0.000000    -0.729432     0.467105 
59343.886555 0.000000 0.000000    -0.738818     0.466910 
59343.924166 0.000000 0.000000    -0.748081     0.466680 
59343.961776 0.000000 0.000000    -0.757216     0.466415 
59343.999386 0.000000 0.000000    -0.766219     0.466115 
59344.036996 0.000000 0.000000    -0.775085     0.465781 
59344.074606 0.000000 0.000000    -0.783810     0.465412 
59344.112216 0.000000 0.000000    -0.792390     0.465009 
59344.149826 0.000000 0.000000    -0.800821     0.464572 
59344.187437 0.000000 0.000000    -0.809099     0.464100 
59344.225047 0.000000 0.000000    -0.817220     0.463595 
59344.262657 0.000000 0.000000    -0.825180     0.463056 
59344.300267 0.000000 0.000000    -0.832977     0.462483 
59344.337877 0.000000 0.000000    -0.840606     0.461878 
59344.375487 0.000000 0.000000    -0.848065     0.461240 
59344.413098 0.000000 0.000000    -0.855350     0.460570 
59344.450708 0.000000 0.000000    -0.862459     0.459868 
59344.488318 0.000000 0.000000    -0.869389     0.459135 
59344.525928 0.000000 0.000000    -0.876137     0.458371 
59344.563538 0.000000 0.000000    -0.882700     0.457577 
59344.601148 0.000000 0.000000    -0.889077     0.456754 
59344.638758 0.000000 0.000000    -0.895266     0.455902 
59344.676369 0.000000 0.000000    -0.901264     0.455022 
59344.713979 0.000000 0.000000    -0.907069     0.454114 
59344.751589 0.000000 0.000000    -0.912681     0.453180 
59344.789199 0.000000 0.000000    -0.918096     0.452220 
59344.826809 0.000000 0.000000    -0.923315     0.451235 
59344.864419 0.000000 0.000000    -0.928335     0.450226 
59344.902030 0.000000 0.000000    -0.933157     0.449194 
59344.939640 0.000000 0.000000    -0.937778     0.448140 
59344.977250 0.000000 0.000000    -0.942198     0.447064 
59345.014860 0.000000 0.000000    -0.946417     0.445969 
59345.052470 0.000000 0.000000    -0.950434     0.444854 
59345.090080 0.000000 0.000000    -0.954248     0.443722 
59345.127691 0.000000 0.000000    -0.957861     0.442572 
59345.165301 0.000000 0.000000    -0.961272     0.441408 
59345.202911 0.000000 0.000000    -0.964480     0.440228 
59345.240521 0.000000 0.000000    -0.967487     0.439036 
59345.278131 0.000000 0.000000    -0.970294     0.437832 
59345.315741 0.000000 0.000000    -0.972899     0.436617 
59345.353351 0.000000 0.000000    -0.975306     0.435393 
59345.390962 0.000000 0.000000    -0.977513     0.434161 
59345.428572 0.000000 0.000000    -0.979524     0.432922 
59345.466182 0.000000 0.000000    -0.981338     0.431679 
59345.503792 0.000000 0.000000    -0.982957     0.430431 
59345.541402 0.000000 0.000000    -0.984383     0.429182 
59345.579012 0.000000 0.000000    -0.985618     0.427931 
59345.616623 0.000000 0.000000    -0.986663     0.426682 
59345.654233 0.000000 0.000000    -0.987521     0.425434 
59345.691843 0.000000 0.000000    -0.988192     0.424190 
59345.729453 0.000000 0.000000    -0.988681     0.422951 
59345.767063 0.000000 0.000000    -0.988988     0.421719 
59345.804673 0.000000 0.000000    -0.989117     0.420495 
59345.842283 0.000000 0.000000    -0.989070     0.419280 
59345.879894 0.000000 0.000000    -0.988850     0.418076 
59345.917504 0.000000 0.000000    -0.988460     0.416885 
59345.955114 0.000000 0.000000    -0.987902     0.415707 
59345.992724 0.000000 0.000000    -0.987180     0.414545 
59346.030334 0.000000 0.000000    -0.986297     0.413399 
59346.067944 0.000000 0.000000    -0.985256     0.412271 
59346.105555 0.000000 0.000000    -0.984060     0.411163 
59346.143165 0.000000 0.000000    -0.982714     0.410075 
59346.180775 0.000000 0.000000    -0.981220     0.409009 
59346.218385 0.000000 0.000000    -0.979582     0.407966 
59346.255995 0.000000 0.000000    -0.977805     0.406947 
59346.293605 0.000000 0.000000    -0.975891     0.405952 
59346.331215 0.000000 0.000000    -0.973845     0.404984 
59346.368826 0.000000 0.000000    -0.971670     0.404043 
59346.406436 0.000000 0.000000    -0.969372     0.403130 
59346.444046 0.000000 0.000000    -0.966953     0.402246 
59346.481656 0.000000 0.000000    -0.964418     0.401391 
59346.519266 0.000000 0.000000    -0.961772     0.400566 
59346.556876 0.000000 0.000000    -0.959018     0.399771 
59346.594487 0.000000 0.000000    -0.956161     0.399008 
59346.632097 0.000000 0.000000    -0.953205     0.398276 
59346.669707 0.000000 0.000000    -0.950155     0.397576 
59346.707317 0.000000 0.000000    -0.947015     0.396908 
59346.744927 0.000000 0.000000    -0.943789     0.396272 
59346.782537 0.000000 0.000000    -0.940483     0.395669 
59346.820148 0.000000 0.000000    -0.937100     0.395097 
59346.857758 0.000000 0.000000    -0.933646     0.394558 
59346.895368 0.000000 0.000000    -0.930124     0.394050 
59346.932978 0.000000 0.000000    -0.926539     0.393574 
59346.970588 0.000000 0.000000    -0.922897     0.393129 
59347.008198 0.000000 0.000000    -0.919200     0.392715 
59347.045808 0.000000 0.000000    -0.915455     0.392332 
59347.083419 0.000000 0.000000    -0.911666     0.391977 
59347.121029 0.000000 0.000000    -0.907836     0.391652 
59347.158639 0.000000 0.000000    -0.903971     0.391356 
59347.196249 0.000000 0.000000    -0.900075     0.391087 
59347.233859 0.000000 0.000000    -0.896153     0.390844 
59347.271469 0.000000 0.000000    -0.892208     0.390628 
59347.309080 0.000000 0.000000    -0.888246     0.390436 
59347.346690 0.000000 0.000000    -0.884271     0.390269 
59347.384300 0.000000 0.000000    -0.880286     0.390125 
59347.421910 0.000000 0.000000    -0.876297     0.390002 
59347.459520 0.000000 0.000000    -0.872308     0.389901 
59347.497130 0.000000 0.000000    -0.868322     0.389819 
59347.534740 0.000000 0.000000    -0.864343     0.389757 
59347.572351 0.000000 0.000000    -0.860377     0.389712 
59347.609961 0.000000 0.000000    -0.856426     0.389683 
59347.647571 0.000000 0.000000    -0.852494     0.389671 
59347.685181 0.000000 0.000000    -0.848586     0.389672 
59347.722791 0.000000 0.000000    -0.844704     0.389687 
59347.760401 0.000000 0.000000    -0.840854     0.389714 
59347.798012 0.000000 0.000000    -0.837037     0.389753 
59347.835622 0.000000 0.000000    -0.833258     0.389801 
59347.873232 0.000000 0.000000    -0.829520     0.389858 
59347.910842 0.000000 0.000000    -0.825826     0.389924 
59347.948452 0.000000 0.000000    -0.822179     0.389996 
59347.986062 0.000000 0.000000    -0.818582     0.390075 
59348.023672 0.000000 0.000000    -0.815038     0.390158 
59348.061283 0.000000 0.000000    -0.811551     0.390246 
59348.098893 0.000000 0.000000    -0.808122     0.390337 
59348.136503 0.000000 0.000000    -0.804754     0.390430 
59348.174113 0.000000 0.000000    -0.801450     0.390526 
59348.211723 0.000000 0.000000    -0.798211     0.390622 
59348.249333 0.000000 0.000000    -0.795041     0.390718 
59348.286944 0.000000 0.000000    -0.791941     0.390813 
59348.324554 0.000000 0.000000    -0.788913     0.390908 
59348.362164 0.000000 0.000000    -0.785960     0.391000 
59348.399774 0.000000 0.000000    -0.783081     0.391090 
59348.437384 0.000000 0.000000    -0.780280     0.391177 
59348.474994 0.000000 0.000000    -0.777557     0.391261 
59348.512605 0.000000 0.000000    -0.774914     0.391341 
59348.550215 0.000000 0.000000    -0.772352     0.391416 
59348.587825 0.000000 0.000000    -0.769872     0.391487 
59348.625435 0.000000 0.000000    -0.767475     0.391552 
59348.663045 0.000000 0.000000    -0.765161     0.391612 
59348.700655 0.000000 0.000000    -0.762930     0.391667 
59348.738265 0.000000 0.000000    -0.760785     0.391715 
59348.775876 0.000000 0.000000    -0.758723     0.391758 
59348.813486 0.000000 0.000000    -0.756747     0.391794 
59348.851096 0.000000 0.000000    -0.754855     0.391824 
59348.888706 0.000000 0.000000    -0.753047     0.391848 
59348.926316 0.000000 0.000000    -0.751324     0.391865 
59348.963926 0.000000 0.000000    -0.749684     0.391876 
59349.001537 0.000000 0.000000    -0.748127     0.391880 
59349.039147 0.000000 0.000000    -0.746653     0.391877 
59349.076757 0.000000 0.000000    -0.745260     0.391868 
59349.114367 0.000000 0.000000    -0.743948     0.391853 
59349.151977 0.000000 0.000000    -0.742714     0.391832 
59349.189587 0.000000 0.000000    -0.741559     0.391804 
59349.227197 0.000000 0.000000    -0.740480     0.391771 
59349.264808 0.000000 0.000000    -0.739476     0.391732 
59349.302418 0.000000 0.000000    -0.738545     0.391687 
59349.340028 0.000000 0.000000    -0.737685     0.391637 
59349.377638 0.000000 0.000000    -0.736895     0.391582 
59349.415248 0.000000 0.000000    -0.736171     0.391523 
59349.452858 0.000000 0.000000    -0.735513     0.391458 
59349.490469 0.000000 0.000000    -0.734917     0.391390 
59349.528079 0.000000 0.000000    -0.734382     0.391318 
59349.565689 0.000000 0.000000    -0.733903     0.391242 
59349.603299 0.000000 0.000000    -0.733480     0.391162 
59349.640909 0.000000 0.000000    -0.733109     0.391080 
59349.678519 0.000000 0.000000    -0.732786     0.390995 
59349.716129 0.000000 0.000000    -0.732510     0.390908 
59349.753740 0.000000 0.000000    -0.732277     0.390818 
59349.791350 0.000000 0.000000    -0.732083     0.390728 
59349.828960 0.000000 0.000000    -0.731925     0.390635 
59349.866570 0.000000 0.000000    -0.731800     0.390542 
59349.904180 0.000000 0.000000    -0.731705     0.390449 
59349.941790 0.000000 0.000000    -0.731635     0.390355 
59349.979401 0.000000 0.000000    -0.731588     0.390261 
59350.017011 0.000000 0.000000    -0.731559     0.390168 
59350.054621 0.000000 0.000000    -0.731544     0.390076 
59350.092231 0.000000 0.000000    -0.731540     0.389984 
59350.129841 0.000000 0.000000    -0.731542     0.389894 
59350.167451 0.000000 0.000000    -0.731548     0.389806 
59350.205062 0.000000 0.000000    -0.731552     0.389720 
59350.242672 0.000000 0.000000    -0.731550     0.389636 
59350.280282 0.000000 0.000000    -0.731539     0.389555 
59350.317892 0.000000 0.000000    -0.731514     0.389476 
59350.355502 0.000000 0.000000    -0.731471     0.389401 
59350.393112 0.000000 0.000000    -0.731406     0.389329 
59350.430722 0.000000 0.000000    -0.731314     0.389260 
59350.468333 0.000000 0.000000    -0.731191     0.389196 
59350.505943 0.000000 0.000000    -0.731033     0.389135 
59350.543553 0.000000 0.000000    -0.730836     0.389078 
59350.581163 0.000000 0.000000    -0.730595     0.389026 
59350.618773 0.000000 0.000000    -0.730306     0.388978 
59350.656383 0.000000 0.000000    -0.729965     0.388935 
59350.693994 0.000000 0.000000    -0.729566     0.388896 
59350.731604 0.000000 0.000000    -0.729107     0.388863 
59350.769214 0.000000 0.000000    -0.728583     0.388834 
59350.806824 0.000000 0.000000    -0.727989     0.388809 
59350.844434 0.000000 0.000000    -0.727322     0.388790 
59350.882044 0.000000 0.000000    -0.726576     0.388776 
59350.919654 0.000000 0.000000    -0.725749     0.388767 
59350.957265 0.000000 0.000000    -0.724836     0.388762 
59350.994875 0.000000 0.000000    -0.723833     0.388763 
59351.032485 0.000000 0.000000    -0.722736     0.388768 
59351.070095 0.000000 0.000000    -0.721541     0.388778 
59351.107705 0.000000 0.000000    -0.720245     0.388793 
59351.145315 0.000000 0.000000    -0.718843     0.388813 
59351.182926 0.000000 0.000000    -0.717333     0.388837 
59351.220536 0.000000 0.000000    -0.715709     0.388866 
59351.258146 0.000000 0.000000    -0.713970     0.388898 
59351.295756 0.000000 0.000000    -0.712111     0.388935 
59351.333366 0.000000 0.000000    -0.710130     0.388976 
59351.370976 0.000000 0.000000    -0.708022     0.389021 
59351.408586 0.000000 0.000000    -0.705786     0.389069 
59351.446197 0.000000 0.000000    -0.703417     0.389121 
59351.483807 0.000000 0.000000    -0.700914     0.389176 
59351.521417 0.000000 0.000000    -0.698273     0.389234 
59351.559027 0.000000 0.000000    -0.695492     0.389294 
59351.596637 0.000000 0.000000    -0.692569     0.389358 
59351.634247 0.000000 0.000000    -0.689500     0.389423 
59351.671858 0.000000 0.000000    -0.686284     0.389491 
59351.709468 0.000000 0.000000    -0.682919     0.389560 
59351.747078 0.000000 0.000000    -0.679403     0.389631 
59351.784688 0.000000 0.000000    -0.675733     0.389704 
59351.822298 0.000000 0.000000    -0.671910     0.389777 
59351.859908 0.000000 0.000000    -0.667930     0.389851 
59351.897519 0.000000 0.000000    -0.663792     0.389926 
59351.935129 0.000000 0.000000    -0.659497     0.390001 
59351.972739 0.000000 0.000000    -0.655041     0.390076 
59352.010349 0.000000 0.000000    -0.650426     0.390151 
59352.047959 0.000000 0.000000    -0.645649     0.390225 
59352.085569 0.000000 0.000000    -0.640711     0.390299 
59352.123179 0.000000 0.000000    -0.635611     0.390371 
59352.160790 0.000000 0.000000    -0.630349     0.390442 
59352.198400 0.000000 0.000000    -0.624926     0.390512 
59352.236010 0.000000 0.000000    -0.619340     0.390580 
59352.273620 0.000000 0.000000    -0.613594     0.390646 
59352.311230 0.000000 0.000000    -0.607686     0.390709 
59352.348840 0.000000 0.000000    -0.601619     0.390770 
59352.386451 0.000000 0.000000    -0.595393     0.390828 
59352.424061 0.000000 0.000000    -0.589009     0.390883 
59352.461671 0.000000 0.000000    -0.582468     0.390935 
59352.499281 0.000000 0.000000    -0.575772     0.390984 
59352.536891 0.000000 0.000000    -0.568923     0.391029 
59352.574501 0.000000 0.000000    -0.561922     0.391070 
59352.612111 0.000000 0.000000    -0.554772     0.391107 
59352.649722 0.000000 0.000000    -0.547475     0.391140 
59352.687332 0.000000 0.000000    -0.540033     0.391168 
59352.724942 0.000000 0.000000    -0.532448     0.391192 
59352.762552 0.000000 0.000000    -0.524724     0.391211 
59352.800162 0.000000 0.000000    -0.516863     0.391225 
59352.837772 0.000000 0.000000    -0.508870     0.391234 
59352.875383 0.000000 0.000000    -0.500746     0.391238 
59352.912993 0.000000 0.000000    -0.492495     0.391237 
59352.950603 0.000000 0.000000    -0.484122     0.391230 
59352.988213 0.000000 0.000000    -0.475630     0.391217 
59353.025823 0.000000 0.000000    -0.467022     0.391199 
59353.063433 0.000000 0.000000    -0.458304     0.391176 
59353.101043 0.000000 0.000000    -0.449479     0.391146 
59353.138654 0.000000 0.000000    -0.440553     0.391110 
59353.176264 0.000000 0.000000    -0.431529     0.391069 
59353.213874 0.000000 0.000000    -0.422412     0.391021 
59353.251484 0.000000 0.000000    -0.413209     0.390968 
59353.289094 0.000000 0.000000    -0.403923     0.390908 
59353.326704 0.000000 0.000000    -0.394559     0.390842 
59353.364315 0.000000 0.000000    -0.385125     0.390769 
59353.401925 0.000000 0.000000    -0.375624     0.390691 
59353.439535 0.000000 0.000000    -0.366063     0.390606 
59353.477145 0.000000 0.000000    -0.356447     0.390515 
59353.514755 0.000000 0.000000    -0.346783     0.390418 
59353.552365 0.000000 0.000000    -0.337077     0.390315 
59353.589976 0.000000 0.000000    -0.327334     0.390205 
59353.627586 0.000000 0.000000    -0.317562     0.390089 
59353.665196 0.000000 0.000000    -0.307766     0.389968 
59353.702806 0.000000 0.000000    -0.297953     0.389840 
59353.740416 0.000000 0.000000    -0.288130     0.389706 
59353.778026 0.000000 0.000000    -0.278304     0.389566 
59353.815636 0.000000 0.000000    -0.268480     0.389420 
59353.853247 0.000000 0.000000    -0.258667     0.389268 
59353.890857 0.000000 0.000000    -0.248871     0.389110 
59353.928467 0.000000 0.000000    -0.239100     0.388947 
59353.966077 0.000000 0.000000    -0.229360     0.388778 
59354.003687 0.000000 0.000000    -0.219658     0.388604 
59354.041297 0.000000 0.000000    -0.210002     0.388425 
59354.078908 0.000000 0.000000    -0.200399     0.388240 
59354.116518 0.000000 0.000000    -0.190857     0.388050 
59354.154128 0.000000 0.000000    -0.181382     0.387855 
59354.191738 0.000000 0.000000    -0.171983     0.387655 
59354.229348 0.000000 0.000000    -0.162666     0.387450 
59354.266958 0.000000 0.000000    -0.153439     0.387241 
59354.304568 0.000000 0.000000    -0.144310     0.387027 
59354.342179 0.000000 0.000000    -0.135286     0.386809 
59354.379789 0.000000 0.000000    -0.126374     0.386587 
59354.417399 0.000000 0.000000    -0.117581     0.386360 
59354.455009 0.000000 0.000000    -0.108917     0.386130 
59354.492619 0.000000 0.000000    -0.100387     0.385896 
59354.530229 0.000000 0.000000    -0.091998     0.385659 
59354.567840 0.000000 0.000000    -0.083760     0.385418 
59354.605450 0.000000 0.000000    -0.075678     0.385174 
59354.643060 0.000000 0.000000    -0.067760     0.384927 
59354.680670 0.000000 0.000000    -0.060013     0.384677 
59354.718280 0.000000 0.000000    -0.052445     0.384425 
59354.755890 0.000000 0.000000    -0.045062     0.384170 
59354.793500 0.000000 0.000000    -0.037872     0.383914 
59354.831111 0.000000 0.000000    -0.030881     0.383655 
59354.868721 0.000000 0.000000    -0.024097     0.383394 
59354.906331 0.000000 0.000000    -0.017525     0.383132 
59354.943941 0.000000 0.000000    -0.011173     0.382868 
59354.981551 0.000000 0.000000    -0.005047     0.382603 
59355.019161 0.000000 0.000000     0.000846     0.382337 
59355.056772 0.000000 0.000000     0.006500     0.382071 
59355.094382 0.000000 0.000000     0.011908     0.381804 
59355.131992 0.000000 0.000000     0.017066     0.381536 
59355.169602 0.000000 0.000000     0.021966     0.381269 
59355.207212 0.000000 0.000000     0.026603     0.381002 
59355.244822 0.000000 0.000000     0.030971     0.380735 
59355.282433 0.000000 0.000000     0.035065     0.380470 
59355.320043 0.000000 0.000000     0.038880     0.380205 
59355.357653 0.000000 0.000000     0.042409     0.379941 
59355.395263 0.000000 0.000000     0.045649     0.379679 
59355.432873 0.000000 0.000000     0.048594     0.379418 
59355.470483 0.000000 0.000000     0.051240     0.379160 
59355.508093 0.000000 0.000000     0.053581     0.378904 
59355.545704 0.000000 0.000000     0.055615     0.378650 
59355.583314 0.000000 0.000000     0.057336     0.378400 
59355.620924 0.000000 0.000000     0.058741     0.378152 
59355.658534 0.000000 0.000000     0.059825     0.377909 
59355.696144 0.000000 0.000000     0.060586     0.377668 
59355.733754 0.000000 0.000000     0.061020     0.377432 
59355.771365 0.000000 0.000000     0.061124     0.377201 
59355.808975 0.000000 0.000000     0.060896     0.376974 
59355.846585 0.000000 0.000000     0.060331     0.376752 
59355.884195 0.000000 0.000000     0.059428     0.376535 
59355.921805 0.000000 0.000000     0.058185     0.376324 
59355.959415 0.000000 0.000000     0.056599     0.376120 
59355.997025 0.000000 0.000000     0.054670     0.375921 
59356.034636 0.000000 0.000000     0.052394     0.375730 
59356.072246 0.000000 0.000000     0.049771     0.375546 
59356.109856 0.000000 0.000000     0.046800     0.375369 
59356.147466 0.000000 0.000000     0.043480     0.375200 
59356.185076 0.000000 0.000000     0.039810     0.375040 
59356.222686 0.000000 0.000000     0.035790     0.374888 
59356.260297 0.000000 0.000000     0.031419     0.374746 
59356.297907 0.000000 0.000000     0.026699     0.374613 
59356.335517 0.000000 0.000000     0.021628     0.374490 
59356.373127 0.000000 0.000000     0.016208     0.374377 
59356.410737 0.000000 0.000000     0.010440     0.374275 
59356.448347 0.000000 0.000000     0.004324     0.374185 
59356.485957 0.000000 0.000000    -0.002138     0.374106 
59356.523568 0.000000 0.000000    -0.008944     0.374040 
59356.561178 0.000000 0.000000    -0.016094     0.373986 
59356.598788 0.000000 0.000000    -0.023584     0.373945 
59356.636398 0.000000 0.000000    -0.031412     0.373918 
59356.674008 0.000000 0.000000    -0.039577     0.373905 
59356.711618 0.000000 0.000000    -0.048074     0.373907 
59356.749229 0.000000 0.000000    -0.056902     0.373923 
59356.786839 0.000000 0.000000    -0.066057     0.373955 
59356.824449 0.000000 0.000000    -0.075535     0.374003 
59356.862059 0.000000 0.000000    -0.085333     0.374068 
59356.899669 0.000000 0.000000    -0.095447     0.374149 
59356.937279 0.000000 0.000000    -0.105872     0.374248 
59356.974890 0.000000 0.000000    -0.116605     0.374365 
59357.012500 0.000000 0.000000    -0.127640     0.374500 
59357.050110 0.000000 0.000000    -0.138973     0.374654 
59357.087720 0.000000 0.000000    -0.150599     0.374828 
59357.125330 0.000000 0.000000    -0.162512     0.375021 
59357.162940 0.000000 0.000000    -0.174708     0.375235 
59357.200550 0.000000 0.000000    -0.187179     0.375469 
59357.238161 0.000000 0.000000    -0.199921     0.375725 
59357.275771 0.000000 0.000000    -0.212928     0.376002 
59357.313381 0.000000 0.000000    -0.226192     0.376301 
59357.350991 0.000000 0.000000    -0.239708     0.376622 
59357.388601 0.000000 0.000000    -0.253468     0.376966 
59357.426211 0.000000 0.000000    -0.267467     0.377334 
59357.463822 0.000000 0.000000    -0.281696     0.377725 
59357.501432 0.000000 0.000000    -0.296149     0.378139 
59357.539042 0.000000 0.000000    -0.310819     0.378578 
59357.576652 0.000000 0.000000    -0.325697     0.379041 
59357.614262 0.000000 0.000000    -0.340777     0.379529 
59357.651872 0.000000 0.000000    -0.356050     0.380042 
59357.689482 0.000000 0.000000    -0.371508     0.380580 
59357.727093 0.000000 0.000000    -0.387143     0.381144 
59357.764703 0.000000 0.000000    -0.402947     0.381733 
59357.802313 0.000000 0.000000    -0.418911     0.382347 
59357.839923 0.000000 0.000000    -0.435027     0.382988 
59357.877533 0.000000 0.000000    -0.451287     0.383654 
59357.915143 0.000000 0.000000    -0.467681     0.384346 
59357.952754 0.000000 0.000000    -0.484200     0.385064 
59357.990364 0.000000 0.000000    -0.500837     0.385808 
59358.027974 0.000000 0.000000    -0.517581     0.386578 
59358.065584 0.000000 0.000000    -0.534423     0.387374 
59358.103194 0.000000 0.000000    -0.551355     0.388195 
59358.140804 0.000000 0.000000    -0.568366     0.389042 
59358.178414 0.000000 0.000000    -0.585448     0.389915 
59358.216025 0.000000 0.000000    -0.602592     0.390813 
59358.253635 0.000000 0.000000    -0.619786     0.391735 
59358.291245 0.000000 0.000000    -0.637024     0.392683 
59358.328855 0.000000 0.000000    -0.654293     0.393655 
59358.366465 0.000000 0.000000    -0.671586     0.394651 
59358.404075 0.000000 0.000000    -0.688892     0.395672 
59358.441686 0.000000 0.000000    -0.706202     0.396715 
59358.479296 0.000000 0.000000    -0.723506     0.397782 
59358.516906 0.000000 0.000000    -0.740794     0.398871 
59358.554516 0.000000 0.000000    -0.758057     0.399983 
59358.592126 0.000000 0.000000    -0.775286     0.401117 
59358.629736 0.000000 0.000000    -0.792470     0.402271 
59358.667347 0.000000 0.000000    -0.809599     0.403447 
59358.704957 0.000000 0.000000    -0.826665     0.404643 
59358.742567 0.000000 0.000000    -0.843658     0.405858 
59358.780177 0.000000 0.000000    -0.860568     0.407093 
59358.817787 0.000000 0.000000    -0.877386     0.408346 
59358.855397 0.000000 0.000000    -0.894103     0.409618 
59358.893007 0.000000 0.000000    -0.910709     0.410906 
59358.930618 0.000000 0.000000    -0.927194     0.412212 
59358.968228 0.000000 0.000000    -0.943550     0.413534 
59359.005838 0.000000 0.000000    -0.959768     0.414871 
59359.043448 0.000000 0.000000    -0.975839     0.416223 
59359.081058 0.000000 0.000000    -0.991753     0.417589 
59359.118668 0.000000 0.000000    -1.007502     0.418969 
59359.156279 0.000000 0.000000    -1.023078     0.420361 
59359.193889 0.000000 0.000000    -1.038470     0.421766 
59359.231499 0.000000 0.000000    -1.053673     0.423182 
59359.269109 0.000000 0.000000    -1.068675     0.424609 
59359.306719 0.000000 0.000000    -1.083471     0.426047 
59359.344329 0.000000 0.000000    -1.098051     0.427494 
59359.381939 0.000000 0.000000    -1.112408     0.428949 
59359.419550 0.000000 0.000000    -1.126533     0.430413 
59359.457160 0.000000 0.000000    -1.140420     0.431885 
59359.494770 0.000000 0.000000    -1.154060     0.433363 
59359.532380 0.000000 0.000000    -1.167447     0.434848 
59359.569990 0.000000 0.000000    -1.180573     0.436338 
59359.607600 0.000000 0.000000    -1.193431     0.437834 
59359.645211 0.000000 0.000000    -1.206015     0.439333 
59359.682821 0.000000 0.000000    -1.218318     0.440836 
59359.720431 0.000000 0.000000    -1.230334     0.442343 
59359.758041 0.000000 0.000000    -1.242056     0.443852 
59359.795651 0.000000 0.000000    -1.253478     0.445363 
59359.833261 0.000000 0.000000    -1.264595     0.446875 
59359.870871 0.000000 0.000000    -1.275400     0.448388 
59359.908482 0.000000 0.000000    -1.285889     0.449902 
59359.946092 0.000000 0.000000    -1.296057     0.451415 
59359.983702 0.000000 0.000000    -1.305897     0.452927 
59360.021312 0.000000 0.000000    -1.315407     0.454438 
59360.058922 0.000000 0.000000    -1.324580     0.455947 
59360.096532 0.000000 0.000000    -1.333412     0.457454 
59360.134143 0.000000 0.000000    -1.341900     0.458958 
59360.171753 0.000000 0.000000    -1.350040     0.460459 
59360.209363 0.000000 0.000000    -1.357828     0.461957 
59360.246973 0.000000 0.000000    -1.365261     0.463450 
59360.284583 0.000000 0.000000    -1.372334     0.464939 
59360.322193 0.000000 0.000000    -1.379047     0.466423 
59360.359804 0.000000 0.000000    -1.385395     0.467901 
59360.397414 0.000000 0.000000    -1.391376     0.469374 
59360.435024 0.000000 0.000000    -1.396989     0.470841 
59360.472634 0.000000 0.000000    -1.402230     0.472302 
59360.510244 0.000000 0.000000    -1.407099     0.473756 
59360.547854 0.000000 0.000000    -1.411593     0.475203 
59360.585464 0.000000 0.000000    -1.415712     0.476643 
59360.623075 0.000000 0.000000    -1.419455     0.478075 
59360.660685 0.000000 0.000000    -1.422820     0.479499 
59360.698295 0.000000 0.000000    -1.425808     0.480915 
59360.735905 0.000000 0.000000    -1.428417     0.482323 
59360.773515 0.000000 0.000000    -1.430649     0.483722 
59360.811125 0.000000 0.000000    -1.432502     0.485112 
59360.848736 0.000000 0.000000    -1.433978     0.486493 
59360.886346 0.000000 0.000000    -1.435077     0.487864 
59360.923956 0.000000 0.000000    -1.435800     0.489227 
59360.961566 0.000000 0.000000    -1.436149     0.490579 
59360.999176 0.000000 0.000000    -1.436124     0.491922 
59361.036786 0.000000 0.000000    -1.435727     0.493255 
59361.074396 0.000000 0.000000    -1.434961     0.494577 
59361.112007 0.000000 0.000000    -1.433826     0.495889 
59361.149617 0.000000 0.000000    -1.432326     0.497191 
59361.187227 0.000000 0.000000    -1.430464     0.498482 
59361.224837 0.000000 0.000000    -1.428241     0.499762 
59361.262447 0.000000 0.000000    -1.425661     0.501032 
59361.300057 0.000000 0.000000    -1.422727     0.502291 
59361.337668 0.000000 0.000000    -1.419442     0.503538 
59361.375278 0.000000 0.000000    -1.415811     0.504774 
59361.412888 0.000000 0.000000    -1.411836     0.505999 
59361.450498 0.000000 0.000000    -1.407523     0.507213 
59361.488108 0.000000 0.000000    -1.402875     0.508415 
59361.525718 0.000000 0.000000    -1.397896     0.509606 
59361.563328 0.000000 0.000000    -1.392592     0.510785 
59361.600939 0.000000 0.000000    -1.386967     0.511953 
59361.638549 0.000000 0.000000    -1.381027     0.513109 
59361.676159 0.000000 0.000000    -1.374776     0.514253 
59361.713769 0.000000 0.000000    -1.368221     0.515385 
59361.751379 0.000000 0.000000    -1.361365     0.516506 
59361.788989 0.000000 0.000000    -1.354217     0.517614 
59361.826600 0.000000 0.000000    -1.346780     0.518711 
59361.864210 0.000000 0.000000    -1.339062     0.519796 
59361.901820 0.000000 0.000000    -1.331068     0.520868 
59361.939430 0.000000 0.000000    -1.322805     0.521929 
