# time Tc_folded Tref_folded model model_err 
59329.481866 0.000000 0.000000    -0.695983     1.041732 
59329.519476 0.000000 0.000000    -0.735548     1.040247 
59329.557086 0.000000 0.000000    -0.774734     1.038746 
59329.594696 0.000000 0.000000    -0.813510     1.037230 
59329.632306 0.000000 0.000000    -0.851848     1.035698 
59329.669917 0.000000 0.000000    -0.889715     1.034150 
59329.707527 0.000000 0.000000    -0.927084     1.032588 
59329.745137 0.000000 0.000000    -0.963922     1.031010 
59329.782747 0.000000 0.000000    -1.000201     1.029417 
59329.820357 0.000000 0.000000    -1.035890     1.027809 
59329.857967 0.000000 0.000000    -1.070960     1.026187 
59329.895578 0.000000 0.000000    -1.105382     1.024549 
59329.933188 0.000000 0.000000    -1.139125     1.022898 
59329.970798 0.000000 0.000000    -1.172161     1.021232 
59330.008408 0.000000 0.000000    -1.204461     1.019553 
59330.046018 0.000000 0.000000    -1.235997     1.017859 
59330.083628 0.000000 0.000000    -1.266740     1.016152 
59330.121238 0.000000 0.000000    -1.296662     1.014432 
59330.158849 0.000000 0.000000    -1.325735     1.012698 
59330.196459 0.000000 0.000000    -1.353934     1.010951 
59330.234069 0.000000 0.000000    -1.381230     1.009191 
59330.271679 0.000000 0.000000    -1.407597     1.007418 
59330.309289 0.000000 0.000000    -1.433010     1.005633 
59330.346899 0.000000 0.000000    -1.457443     1.003835 
59330.384510 0.000000 0.000000    -1.480870     1.002025 
59330.422120 0.000000 0.000000    -1.503269     1.000203 
59330.459730 0.000000 0.000000    -1.524615     0.998370 
59330.497340 0.000000 0.000000    -1.544884     0.996525 
59330.534950 0.000000 0.000000    -1.564054     0.994668 
59330.572560 0.000000 0.000000    -1.582103     0.992800 
59330.610170 0.000000 0.000000    -1.599009     0.990922 
59330.647781 0.000000 0.000000    -1.614752     0.989032 
59330.685391 0.000000 0.000000    -1.629312     0.987132 
59330.723001 0.000000 0.000000    -1.642669     0.985221 
59330.760611 0.000000 0.000000    -1.654804     0.983300 
59330.798221 0.000000 0.000000    -1.665700     0.981369 
59330.835831 0.000000 0.000000    -1.675339     0.979428 
59330.873442 0.000000 0.000000    -1.683705     0.977478 
59330.911052 0.000000 0.000000    -1.690782     0.975518 
59330.948662 0.000000 0.000000    -1.696556     0.973549 
59330.986272 0.000000 0.000000    -1.701013     0.971570 
59331.023882 0.000000 0.000000    -1.704138     0.969583 
59331.061492 0.000000 0.000000    -1.705921     0.967587 
59331.099102 0.000000 0.000000    -1.706349     0.965582 
59331.136713 0.000000 0.000000    -1.705412     0.963569 
59331.174323 0.000000 0.000000    -1.703100     0.961547 
59331.211933 0.000000 0.000000    -1.699404     0.959518 
59331.249543 0.000000 0.000000    -1.694317     0.957481 
59331.287153 0.000000 0.000000    -1.687832     0.955436 
59331.324763 0.000000 0.000000    -1.679942     0.953384 
59331.362374 0.000000 0.000000    -1.670643     0.951324 
59331.399984 0.000000 0.000000    -1.659930     0.949257 
59331.437594 0.000000 0.000000    -1.647800     0.947184 
59331.475204 0.000000 0.000000    -1.634251     0.945103 
59331.512814 0.000000 0.000000    -1.619282     0.943016 
59331.550424 0.000000 0.000000    -1.602892     0.940923 
59331.588035 0.000000 0.000000    -1.585082     0.938824 
59331.625645 0.000000 0.000000    -1.565854     0.936718 
59331.663255 0.000000 0.000000    -1.545210     0.934607 
59331.700865 0.000000 0.000000    -1.523154     0.932491 
59331.738475 0.000000 0.000000    -1.499691     0.930369 
59331.776085 0.000000 0.000000    -1.474825     0.928241 
59331.813695 0.000000 0.000000    -1.448565     0.926109 
59331.851306 0.000000 0.000000    -1.420917     0.923973 
59331.888916 0.000000 0.000000    -1.391889     0.921832 
59331.926526 0.000000 0.000000    -1.361492     0.919686 
59331.964136 0.000000 0.000000    -1.329735     0.917537 
59332.001746 0.000000 0.000000    -1.296631     0.915384 
59332.039356 0.000000 0.000000    -1.262191     0.913227 
59332.076967 0.000000 0.000000    -1.226429     0.911067 
59332.114577 0.000000 0.000000    -1.189360     0.908905 
59332.152187 0.000000 0.000000    -1.150997     0.906739 
59332.189797 0.000000 0.000000    -1.111359     0.904571 
59332.227407 0.000000 0.000000    -1.070461     0.902402 
59332.265017 0.000000 0.000000    -1.028321     0.900230 
59332.302627 0.000000 0.000000    -0.984960     0.898057 
59332.340238 0.000000 0.000000    -0.940395     0.895883 
59332.377848 0.000000 0.000000    -0.894649     0.893709 
59332.415458 0.000000 0.000000    -0.847741     0.891534 
59332.453068 0.000000 0.000000    -0.799696     0.889358 
59332.490678 0.000000 0.000000    -0.750536     0.887184 
59332.528288 0.000000 0.000000    -0.700284     0.885010 
59332.565899 0.000000 0.000000    -0.648966     0.882837 
59332.603509 0.000000 0.000000    -0.596608     0.880666 
59332.641119 0.000000 0.000000    -0.543235     0.878497 
59332.678729 0.000000 0.000000    -0.488874     0.876331 
59332.716339 0.000000 0.000000    -0.433554     0.874167 
59332.753949 0.000000 0.000000    -0.377303     0.872007 
59332.791559 0.000000 0.000000    -0.320151     0.869851 
59332.829170 0.000000 0.000000    -0.262126     0.867700 
59332.866780 0.000000 0.000000    -0.203260     0.865553 
59332.904390 0.000000 0.000000    -0.143583     0.863412 
59332.942000 0.000000 0.000000    -0.083128     0.861277 
59332.979610 0.000000 0.000000    -0.021927     0.859149 
59333.017220 0.000000 0.000000     0.039988     0.857028 
59333.054831 0.000000 0.000000     0.102582     0.854915 
59333.092441 0.000000 0.000000     0.165823     0.852811 
59333.130051 0.000000 0.000000     0.229675     0.850715 
59333.167661 0.000000 0.000000     0.294103     0.848629 
59333.205271 0.000000 0.000000     0.359073     0.846554 
59333.242881 0.000000 0.000000     0.424549     0.844489 
59333.280492 0.000000 0.000000     0.490495     0.842437 
59333.318102 0.000000 0.000000     0.556873     0.840396 
59333.355712 0.000000 0.000000     0.623647     0.838369 
59333.393322 0.000000 0.000000     0.690781     0.836356 
59333.430932 0.000000 0.000000     0.758237     0.834357 
59333.468542 0.000000 0.000000     0.825976     0.832373 
59333.506152 0.000000 0.000000     0.893962     0.830405 
59333.543763 0.000000 0.000000     0.962155     0.828454 
59333.581373 0.000000 0.000000     1.030519     0.826520 
59333.618983 0.000000 0.000000     1.099014     0.824604 
59333.656593 0.000000 0.000000     1.167602     0.822707 
59333.694203 0.000000 0.000000     1.236244     0.820829 
59333.731813 0.000000 0.000000     1.304901     0.818972 
59333.769424 0.000000 0.000000     1.373536     0.817136 
59333.807034 0.000000 0.000000     1.442109     0.815322 
59333.844644 0.000000 0.000000     1.510581     0.813530 
59333.882254 0.000000 0.000000     1.578914     0.811762 
59333.919864 0.000000 0.000000     1.647070     0.810017 
59333.957474 0.000000 0.000000     1.715009     0.808297 
59333.995084 0.000000 0.000000     1.782694     0.806602 
59334.032695 0.000000 0.000000     1.850086     0.804934 
59334.070305 0.000000 0.000000     1.917148     0.803292 
59334.107915 0.000000 0.000000     1.983841     0.801677 
59334.145525 0.000000 0.000000     2.050128     0.800091 
59334.183135 0.000000 0.000000     2.115972     0.798533 
59334.220745 0.000000 0.000000     2.181336     0.797004 
59334.258356 0.000000 0.000000     2.246183     0.795505 
59334.295966 0.000000 0.000000     2.310476     0.794037 
59334.333576 0.000000 0.000000     2.374181     0.792599 
59334.371186 0.000000 0.000000     2.437261     0.791193 
59334.408796 0.000000 0.000000     2.499682     0.789820 
59334.446406 0.000000 0.000000     2.561408     0.788478 
59334.484016 0.000000 0.000000     2.622405     0.787170 
59334.521627 0.000000 0.000000     2.682640     0.785895 
59334.559237 0.000000 0.000000     2.742080     0.784653 
59334.596847 0.000000 0.000000     2.800692     0.783446 
59334.634457 0.000000 0.000000     2.858443     0.782274 
59334.672067 0.000000 0.000000     2.915303     0.781136 
59334.709677 0.000000 0.000000     2.971240     0.780034 
59334.747288 0.000000 0.000000     3.026224     0.778967 
59334.784898 0.000000 0.000000     3.080226     0.777935 
59334.822508 0.000000 0.000000     3.133216     0.776940 
59334.860118 0.000000 0.000000     3.185167     0.775981 
59334.897728 0.000000 0.000000     3.236050     0.775058 
59334.935338 0.000000 0.000000     3.285840     0.774171 
59334.972949 0.000000 0.000000     3.334509     0.773321 
59335.010559 0.000000 0.000000     3.382033     0.772507 
59335.048169 0.000000 0.000000     3.428387     0.771731 
59335.085779 0.000000 0.000000     3.473547     0.770990 
59335.123389 0.000000 0.000000     3.517490     0.770287 
59335.160999 0.000000 0.000000     3.560194     0.769620 
59335.198609 0.000000 0.000000     3.601639     0.768990 
59335.236220 0.000000 0.000000     3.641802     0.768396 
59335.273830 0.000000 0.000000     3.680666     0.767839 
59335.311440 0.000000 0.000000     3.718211     0.767318 
59335.349050 0.000000 0.000000     3.754419     0.766834 
59335.386660 0.000000 0.000000     3.789274     0.766385 
59335.424270 0.000000 0.000000     3.822759     0.765973 
59335.461881 0.000000 0.000000     3.854859     0.765596 
59335.499491 0.000000 0.000000     3.885561     0.765255 
59335.537101 0.000000 0.000000     3.914850     0.764949 
59335.574711 0.000000 0.000000     3.942716     0.764678 
59335.612321 0.000000 0.000000     3.969146     0.764443 
59335.649931 0.000000 0.000000     3.994129     0.764241 
59335.687541 0.000000 0.000000     4.017658     0.764075 
59335.725152 0.000000 0.000000     4.039722     0.763942 
59335.762762 0.000000 0.000000     4.060315     0.763843 
59335.800372 0.000000 0.000000     4.079430     0.763778 
59335.837982 0.000000 0.000000     4.097062     0.763746 
59335.875592 0.000000 0.000000     4.113205     0.763747 
59335.913202 0.000000 0.000000     4.127857     0.763781 
59335.950813 0.000000 0.000000     4.141015     0.763847 
59335.988423 0.000000 0.000000     4.152677     0.763945 
59336.026033 0.000000 0.000000     4.162842     0.764075 
59336.063643 0.000000 0.000000     4.171511     0.764236 
59336.101253 0.000000 0.000000     4.178685     0.764429 
59336.138863 0.000000 0.000000     4.184367     0.764652 
59336.176473 0.000000 0.000000     4.188558     0.764905 
59336.214084 0.000000 0.000000     4.191265     0.765189 
59336.251694 0.000000 0.000000     4.192491     0.765502 
59336.289304 0.000000 0.000000     4.192242     0.765844 
59336.326914 0.000000 0.000000     4.190527     0.766216 
59336.364524 0.000000 0.000000     4.187352     0.766616 
59336.402134 0.000000 0.000000     4.182727     0.767044 
59336.439745 0.000000 0.000000     4.176660     0.767500 
59336.477355 0.000000 0.000000     4.169164     0.767984 
59336.514965 0.000000 0.000000     4.160249     0.768494 
59336.552575 0.000000 0.000000     4.149928     0.769032 
59336.590185 0.000000 0.000000     4.138215     0.769595 
59336.627795 0.000000 0.000000     4.125122     0.770184 
59336.665406 0.000000 0.000000     4.110667     0.770799 
59336.703016 0.000000 0.000000     4.094863     0.771438 
59336.740626 0.000000 0.000000     4.077729     0.772102 
59336.778236 0.000000 0.000000     4.059281     0.772790 
59336.815846 0.000000 0.000000     4.039538     0.773501 
59336.853456 0.000000 0.000000     4.018519     0.774235 
59336.891066 0.000000 0.000000     3.996244     0.774992 
59336.928677 0.000000 0.000000     3.972733     0.775770 
59336.966287 0.000000 0.000000     3.948008     0.776570 
59337.003897 0.000000 0.000000     3.922091     0.777390 
59337.041507 0.000000 0.000000     3.895004     0.778231 
59337.079117 0.000000 0.000000     3.866771     0.779091 
59337.116727 0.000000 0.000000     3.837417     0.779970 
59337.154338 0.000000 0.000000     3.806965     0.780867 
59337.191948 0.000000 0.000000     3.775442     0.781782 
59337.229558 0.000000 0.000000     3.742873     0.782714 
59337.267168 0.000000 0.000000     3.709285     0.783662 
59337.304778 0.000000 0.000000     3.674705     0.784625 
59337.342388 0.000000 0.000000     3.639160     0.785603 
59337.379998 0.000000 0.000000     3.602680     0.786595 
59337.417609 0.000000 0.000000     3.565292     0.787600 
59337.455219 0.000000 0.000000     3.527027     0.788617 
59337.492829 0.000000 0.000000     3.487912     0.789646 
59337.530439 0.000000 0.000000     3.447980     0.790685 
59337.568049 0.000000 0.000000     3.407260     0.791735 
59337.605659 0.000000 0.000000     3.365783     0.792793 
59337.643270 0.000000 0.000000     3.323581     0.793859 
59337.680880 0.000000 0.000000     3.280686     0.794933 
59337.718490 0.000000 0.000000     3.237128     0.796013 
59337.756100 0.000000 0.000000     3.192942     0.797098 
59337.793710 0.000000 0.000000     3.148159     0.798188 
59337.831320 0.000000 0.000000     3.102812     0.799281 
59337.868930 0.000000 0.000000     3.056934     0.800376 
59337.906541 0.000000 0.000000     3.010559     0.801474 
59337.944151 0.000000 0.000000     2.963721     0.802572 
59337.981761 0.000000 0.000000     2.916453     0.803669 
59338.019371 0.000000 0.000000     2.868789     0.804766 
59338.056981 0.000000 0.000000     2.820763     0.805860 
59338.094591 0.000000 0.000000     2.772409     0.806951 
59338.132202 0.000000 0.000000     2.723761     0.808038 
59338.169812 0.000000 0.000000     2.674854     0.809120 
59338.207422 0.000000 0.000000     2.625722     0.810196 
59338.245032 0.000000 0.000000     2.576399     0.811265 
59338.282642 0.000000 0.000000     2.526920     0.812327 
59338.320252 0.000000 0.000000     2.477319     0.813380 
59338.357863 0.000000 0.000000     2.427630     0.814423 
59338.395473 0.000000 0.000000     2.377887     0.815457 
59338.433083 0.000000 0.000000     2.328124     0.816479 
59338.470693 0.000000 0.000000     2.278376     0.817489 
59338.508303 0.000000 0.000000     2.228676     0.818487 
59338.545913 0.000000 0.000000     2.179057     0.819471 
59338.583523 0.000000 0.000000     2.129553     0.820442 
59338.621134 0.000000 0.000000     2.080198     0.821397 
59338.658744 0.000000 0.000000     2.031025     0.822338 
59338.696354 0.000000 0.000000     1.982065     0.823262 
59338.733964 0.000000 0.000000     1.933352     0.824170 
59338.771574 0.000000 0.000000     1.884918     0.825061 
59338.809184 0.000000 0.000000     1.836795     0.825934 
59338.846795 0.000000 0.000000     1.789014     0.826790 
59338.884405 0.000000 0.000000     1.741607     0.827627 
59338.922015 0.000000 0.000000     1.694604     0.828446 
59338.959625 0.000000 0.000000     1.648035     0.829246 
59338.997235 0.000000 0.000000     1.601932     0.830027 
59339.034845 0.000000 0.000000     1.556323     0.830788 
59339.072455 0.000000 0.000000     1.511238     0.831530 
59339.110066 0.000000 0.000000     1.466706     0.832253 
59339.147676 0.000000 0.000000     1.422754     0.832956 
59339.185286 0.000000 0.000000     1.379411     0.833640 
59339.222896 0.000000 0.000000     1.336704     0.834305 
59339.260506 0.000000 0.000000     1.294659     0.834950 
59339.298116 0.000000 0.000000     1.253303     0.835577 
59339.335727 0.000000 0.000000     1.212662     0.836185 
59339.373337 0.000000 0.000000     1.172760     0.836775 
59339.410947 0.000000 0.000000     1.133622     0.837347 
59339.448557 0.000000 0.000000     1.095271     0.837902 
59339.486167 0.000000 0.000000     1.057733     0.838440 
59339.523777 0.000000 0.000000     1.021028     0.838961 
59339.561387 0.000000 0.000000     0.985179     0.839468 
59339.598998 0.000000 0.000000     0.950207     0.839959 
59339.636608 0.000000 0.000000     0.916134     0.840437 
59339.674218 0.000000 0.000000     0.882978     0.840901 
59339.711828 0.000000 0.000000     0.850761     0.841353 
59339.749438 0.000000 0.000000     0.819499     0.841794 
59339.787048 0.000000 0.000000     0.789212     0.842225 
59339.824659 0.000000 0.000000     0.759917     0.842646 
59339.862269 0.000000 0.000000     0.731629     0.843060 
59339.899879 0.000000 0.000000     0.704366     0.843466 
59339.937489 0.000000 0.000000     0.678142     0.843867 
59339.975099 0.000000 0.000000     0.652972     0.844264 
59340.012709 0.000000 0.000000     0.628869     0.844657 
59340.050320 0.000000 0.000000     0.605846     0.845049 
59340.087930 0.000000 0.000000     0.583915     0.845440 
59340.125540 0.000000 0.000000     0.563089     0.845833 
59340.163150 0.000000 0.000000     0.543376     0.846228 
59340.200760 0.000000 0.000000     0.524788     0.846627 
59340.238370 0.000000 0.000000     0.507333     0.847031 
59340.275980 0.000000 0.000000     0.491020     0.847443 
59340.313591 0.000000 0.000000     0.475857     0.847862 
59340.351201 0.000000 0.000000     0.461849     0.848292 
59340.388811 0.000000 0.000000     0.449003     0.848733 
59340.426421 0.000000 0.000000     0.437324     0.849188 
59340.464031 0.000000 0.000000     0.426817     0.849656 
59340.501641 0.000000 0.000000     0.417486     0.850141 
59340.539252 0.000000 0.000000     0.409332     0.850643 
59340.576862 0.000000 0.000000     0.402359     0.851164 
59340.614472 0.000000 0.000000     0.396568     0.851705 
59340.652082 0.000000 0.000000     0.391958     0.852268 
59340.689692 0.000000 0.000000     0.388531     0.852853 
59340.727302 0.000000 0.000000     0.386284     0.853463 
59340.764912 0.000000 0.000000     0.385217     0.854098 
59340.802523 0.000000 0.000000     0.385326     0.854759 
59340.840133 0.000000 0.000000     0.386609     0.855448 
59340.877743 0.000000 0.000000     0.389061     0.856165 
59340.915353 0.000000 0.000000     0.392678     0.856911 
59340.952963 0.000000 0.000000     0.397455     0.857688 
59340.990573 0.000000 0.000000     0.403384     0.858496 
59341.028184 0.000000 0.000000     0.410459     0.859335 
59341.065794 0.000000 0.000000     0.418673     0.860206 
59341.103404 0.000000 0.000000     0.428016     0.861109 
59341.141014 0.000000 0.000000     0.438481     0.862046 
59341.178624 0.000000 0.000000     0.450056     0.863016 
59341.216234 0.000000 0.000000     0.462733     0.864018 
59341.253844 0.000000 0.000000     0.476499     0.865054 
59341.291455 0.000000 0.000000     0.491343     0.866123 
59341.329065 0.000000 0.000000     0.507252     0.867225 
59341.366675 0.000000 0.000000     0.524214     0.868359 
59341.404285 0.000000 0.000000     0.542214     0.869526 
59341.441895 0.000000 0.000000     0.561239     0.870723 
59341.479505 0.000000 0.000000     0.581274     0.871952 
59341.517116 0.000000 0.000000     0.602302     0.873211 
59341.554726 0.000000 0.000000     0.624308     0.874499 
59341.592336 0.000000 0.000000     0.647276     0.875815 
59341.629946 0.000000 0.000000     0.671187     0.877157 
59341.667556 0.000000 0.000000     0.696025     0.878526 
59341.705166 0.000000 0.000000     0.721771     0.879920 
59341.742777 0.000000 0.000000     0.748406     0.881336 
59341.780387 0.000000 0.000000     0.775911     0.882774 
59341.817997 0.000000 0.000000     0.804266     0.884232 
59341.855607 0.000000 0.000000     0.833451     0.885708 
59341.893217 0.000000 0.000000     0.863446     0.887201 
59341.930827 0.000000 0.000000     0.894228     0.888709 
59341.968437 0.000000 0.000000     0.925778     0.890230 
59342.006048 0.000000 0.000000     0.958071     0.891761 
59342.043658 0.000000 0.000000     0.991088     0.893302 
59342.081268 0.000000 0.000000     1.024803     0.894850 
59342.118878 0.000000 0.000000     1.059196     0.896402 
59342.156488 0.000000 0.000000     1.094242     0.897958 
59342.194098 0.000000 0.000000     1.129917     0.899514 
59342.231709 0.000000 0.000000     1.166198     0.901068 
59342.269319 0.000000 0.000000     1.203059     0.902618 
59342.306929 0.000000 0.000000     1.240478     0.904163 
59342.344539 0.000000 0.000000     1.278428     0.905699 
59342.382149 0.000000 0.000000     1.316886     0.907225 
59342.419759 0.000000 0.000000     1.355824     0.908737 
59342.457369 0.000000 0.000000     1.395219     0.910235 
59342.494980 0.000000 0.000000     1.435044     0.911716 
59342.532590 0.000000 0.000000     1.475274     0.913176 
59342.570200 0.000000 0.000000     1.515883     0.914615 
59342.607810 0.000000 0.000000     1.556844     0.916031 
59342.645420 0.000000 0.000000     1.598132     0.917420 
59342.683030 0.000000 0.000000     1.639721     0.918780 
59342.720641 0.000000 0.000000     1.681583     0.920110 
59342.758251 0.000000 0.000000     1.723693     0.921408 
59342.795861 0.000000 0.000000     1.766024     0.922671 
59342.833471 0.000000 0.000000     1.808551     0.923897 
59342.871081 0.000000 0.000000     1.851245     0.925085 
59342.908691 0.000000 0.000000     1.894082     0.926233 
59342.946301 0.000000 0.000000     1.937035     0.927338 
59342.983912 0.000000 0.000000     1.980078     0.928398 
59343.021522 0.000000 0.000000     2.023184     0.929413 
59343.059132 0.000000 0.000000     2.066327     0.930380 
59343.096742 0.000000 0.000000     2.109482     0.931297 
59343.134352 0.000000 0.000000     2.152622     0.932164 
59343.171962 0.000000 0.000000     2.195723     0.932978 
59343.209573 0.000000 0.000000     2.238758     0.933738 
59343.247183 0.000000 0.000000     2.281702     0.934442 
59343.284793 0.000000 0.000000     2.324530     0.935090 
59343.322403 0.000000 0.000000     2.367217     0.935679 
59343.360013 0.000000 0.000000     2.409739     0.936209 
59343.397623 0.000000 0.000000     2.452072     0.936679 
59343.435234 0.000000 0.000000     2.494190     0.937086 
59343.472844 0.000000 0.000000     2.536070     0.937432 
59343.510454 0.000000 0.000000     2.577689     0.937713 
59343.548064 0.000000 0.000000     2.619024     0.937930 
59343.585674 0.000000 0.000000     2.660051     0.938081 
59343.623284 0.000000 0.000000     2.700748     0.938167 
59343.660894 0.000000 0.000000     2.741094     0.938185 
59343.698505 0.000000 0.000000     2.781065     0.938136 
59343.736115 0.000000 0.000000     2.820642     0.938020 
59343.773725 0.000000 0.000000     2.859802     0.937835 
59343.811335 0.000000 0.000000     2.898525     0.937581 
59343.848945 0.000000 0.000000     2.936792     0.937258 
59343.886555 0.000000 0.000000     2.974582     0.936865 
59343.924166 0.000000 0.000000     3.011876     0.936404 
59343.961776 0.000000 0.000000     3.048656     0.935872 
59343.999386 0.000000 0.000000     3.084903     0.935271 
59344.036996 0.000000 0.000000     3.120600     0.934601 
59344.074606 0.000000 0.000000     3.155729     0.933861 
59344.112216 0.000000 0.000000     3.190273     0.933052 
59344.149826 0.000000 0.000000     3.224217     0.932174 
59344.187437 0.000000 0.000000     3.257544     0.931228 
59344.225047 0.000000 0.000000     3.290240     0.930214 
59344.262657 0.000000 0.000000     3.322290     0.929132 
59344.300267 0.000000 0.000000     3.353680     0.927984 
59344.337877 0.000000 0.000000     3.384396     0.926769 
59344.375487 0.000000 0.000000     3.414426     0.925489 
59344.413098 0.000000 0.000000     3.443758     0.924145 
59344.450708 0.000000 0.000000     3.472379     0.922736 
59344.488318 0.000000 0.000000     3.500279     0.921265 
59344.525928 0.000000 0.000000     3.527447     0.919733 
59344.563538 0.000000 0.000000     3.553873     0.918140 
59344.601148 0.000000 0.000000     3.579548     0.916488 
59344.638758 0.000000 0.000000     3.604464     0.914778 
59344.676369 0.000000 0.000000     3.628613     0.913012 
59344.713979 0.000000 0.000000     3.651986     0.911191 
59344.751589 0.000000 0.000000     3.674578     0.909317 
59344.789199 0.000000 0.000000     3.696382     0.907390 
59344.826809 0.000000 0.000000     3.717393     0.905414 
59344.864419 0.000000 0.000000     3.737606     0.903389 
59344.902030 0.000000 0.000000     3.757017     0.901318 
59344.939640 0.000000 0.000000     3.775622     0.899203 
59344.977250 0.000000 0.000000     3.793418     0.897045 
59345.014860 0.000000 0.000000     3.810404     0.894847 
59345.052470 0.000000 0.000000     3.826577     0.892611 
59345.090080 0.000000 0.000000     3.841936     0.890338 
59345.127691 0.000000 0.000000     3.856481     0.888032 
59345.165301 0.000000 0.000000     3.870212     0.885695 
59345.202911 0.000000 0.000000     3.883131     0.883329 
59345.240521 0.000000 0.000000     3.895238     0.880936 
59345.278131 0.000000 0.000000     3.906536     0.878519 
59345.315741 0.000000 0.000000     3.917027     0.876082 
59345.353351 0.000000 0.000000     3.926715     0.873626 
59345.390962 0.000000 0.000000     3.935603     0.871154 
59345.428572 0.000000 0.000000     3.943697     0.868669 
59345.466182 0.000000 0.000000     3.951001     0.866173 
59345.503792 0.000000 0.000000     3.957521     0.863670 
59345.541402 0.000000 0.000000     3.963263     0.861163 
59345.579012 0.000000 0.000000     3.968234     0.858654 
59345.616623 0.000000 0.000000     3.972442     0.856147 
59345.654233 0.000000 0.000000     3.975894     0.853643 
59345.691843 0.000000 0.000000     3.978599     0.851147 
59345.729453 0.000000 0.000000     3.980565     0.848661 
59345.767063 0.000000 0.000000     3.981803     0.846189 
59345.804673 0.000000 0.000000     3.982323     0.843732 
59345.842283 0.000000 0.000000     3.982134     0.841295 
59345.879894 0.000000 0.000000     3.981247     0.838879 
59345.917504 0.000000 0.000000     3.979675     0.836489 
59345.955114 0.000000 0.000000     3.977430     0.834126 
59345.992724 0.000000 0.000000     3.974523     0.831794 
59346.030334 0.000000 0.000000     3.970967     0.829495 
59346.067944 0.000000 0.000000     3.966775     0.827233 
59346.105555 0.000000 0.000000     3.961962     0.825008 
59346.143165 0.000000 0.000000     3.956541     0.822825 
59346.180775 0.000000 0.000000     3.950526     0.820686 
59346.218385 0.000000 0.000000     3.943933     0.818593 
59346.255995 0.000000 0.000000     3.936776     0.816548 
59346.293605 0.000000 0.000000     3.929071     0.814553 
59346.331215 0.000000 0.000000     3.920833     0.812611 
59346.368826 0.000000 0.000000     3.912078     0.810723 
59346.406436 0.000000 0.000000     3.902824     0.808890 
59346.444046 0.000000 0.000000     3.893085     0.807116 
59346.481656 0.000000 0.000000     3.882880     0.805400 
59346.519266 0.000000 0.000000     3.872225     0.803745 
59346.556876 0.000000 0.000000     3.861137     0.802151 
59346.594487 0.000000 0.000000     3.849634     0.800619 
59346.632097 0.000000 0.000000     3.837734     0.799151 
59346.669707 0.000000 0.000000     3.825453     0.797746 
59346.707317 0.000000 0.000000     3.812811     0.796406 
59346.744927 0.000000 0.000000     3.799825     0.795130 
59346.782537 0.000000 0.000000     3.786513     0.793919 
59346.820148 0.000000 0.000000     3.772894     0.792772 
59346.857758 0.000000 0.000000     3.758986     0.791689 
59346.895368 0.000000 0.000000     3.744806     0.790671 
59346.932978 0.000000 0.000000     3.730375     0.789716 
59346.970588 0.000000 0.000000     3.715709     0.788823 
59347.008198 0.000000 0.000000     3.700828     0.787993 
59347.045808 0.000000 0.000000     3.685749     0.787223 
59347.083419 0.000000 0.000000     3.670491     0.786512 
59347.121029 0.000000 0.000000     3.655072     0.785860 
59347.158639 0.000000 0.000000     3.639511     0.785265 
59347.196249 0.000000 0.000000     3.623826     0.784725 
59347.233859 0.000000 0.000000     3.608034     0.784239 
59347.271469 0.000000 0.000000     3.592153     0.783804 
59347.309080 0.000000 0.000000     3.576201     0.783420 
59347.346690 0.000000 0.000000     3.560196     0.783084 
59347.384300 0.000000 0.000000     3.544154     0.782794 
59347.421910 0.000000 0.000000     3.528093     0.782549 
59347.459520 0.000000 0.000000     3.512031     0.782345 
59347.497130 0.000000 0.000000     3.495982     0.782182 
59347.534740 0.000000 0.000000     3.479965     0.782056 
59347.572351 0.000000 0.000000     3.463995     0.781966 
59347.609961 0.000000 0.000000     3.448087     0.781909 
59347.647571 0.000000 0.000000     3.432258     0.781883 
59347.685181 0.000000 0.000000     3.416523     0.781887 
59347.722791 0.000000 0.000000     3.400896     0.781917 
59347.760401 0.000000 0.000000     3.385393     0.781971 
59347.798012 0.000000 0.000000     3.370026     0.782048 
59347.835622 0.000000 0.000000     3.354811     0.782145 
59347.873232 0.000000 0.000000     3.339761     0.782260 
59347.910842 0.000000 0.000000     3.324887     0.782391 
59347.948452 0.000000 0.000000     3.310204     0.782537 
59347.986062 0.000000 0.000000     3.295723     0.782694 
59348.023672 0.000000 0.000000     3.281456     0.782862 
59348.061283 0.000000 0.000000     3.267415     0.783038 
59348.098893 0.000000 0.000000     3.253609     0.783220 
59348.136503 0.000000 0.000000     3.240050     0.783408 
59348.174113 0.000000 0.000000     3.226747     0.783599 
59348.211723 0.000000 0.000000     3.213709     0.783792 
59348.249333 0.000000 0.000000     3.200945     0.783984 
59348.286944 0.000000 0.000000     3.188465     0.784176 
59348.324554 0.000000 0.000000     3.176274     0.784366 
59348.362164 0.000000 0.000000     3.164381     0.784551 
59348.399774 0.000000 0.000000     3.152793     0.784732 
59348.437384 0.000000 0.000000     3.141515     0.784907 
59348.474994 0.000000 0.000000     3.130553     0.785074 
59348.512605 0.000000 0.000000     3.119912     0.785234 
59348.550215 0.000000 0.000000     3.109597     0.785385 
59348.587825 0.000000 0.000000     3.099612     0.785527 
59348.625435 0.000000 0.000000     3.089959     0.785659 
59348.663045 0.000000 0.000000     3.080642     0.785779 
59348.700655 0.000000 0.000000     3.071663     0.785889 
59348.738265 0.000000 0.000000     3.063023     0.785986 
59348.775876 0.000000 0.000000     3.054724     0.786072 
59348.813486 0.000000 0.000000     3.046766     0.786145 
59348.851096 0.000000 0.000000     3.039149     0.786205 
59348.888706 0.000000 0.000000     3.031871     0.786252 
59348.926316 0.000000 0.000000     3.024933     0.786286 
59348.963926 0.000000 0.000000     3.018331     0.786308 
59349.001537 0.000000 0.000000     3.012064     0.786316 
59349.039147 0.000000 0.000000     3.006128     0.786311 
59349.076757 0.000000 0.000000     3.000520     0.786293 
59349.114367 0.000000 0.000000     2.995236     0.786263 
59349.151977 0.000000 0.000000     2.990270     0.786220 
59349.189587 0.000000 0.000000     2.985618     0.786165 
59349.227197 0.000000 0.000000     2.981274     0.786098 
59349.264808 0.000000 0.000000     2.977232     0.786019 
59349.302418 0.000000 0.000000     2.973483     0.785930 
59349.340028 0.000000 0.000000     2.970022     0.785830 
59349.377638 0.000000 0.000000     2.966839     0.785720 
59349.415248 0.000000 0.000000     2.963927     0.785600 
59349.452858 0.000000 0.000000     2.961277     0.785471 
59349.490469 0.000000 0.000000     2.958878     0.785333 
59349.528079 0.000000 0.000000     2.956722     0.785188 
59349.565689 0.000000 0.000000     2.954796     0.785035 
59349.603299 0.000000 0.000000     2.953092     0.784876 
59349.640909 0.000000 0.000000     2.951597     0.784711 
59349.678519 0.000000 0.000000     2.950299     0.784541 
59349.716129 0.000000 0.000000     2.949186     0.784365 
59349.753740 0.000000 0.000000     2.948246     0.784186 
59349.791350 0.000000 0.000000     2.947465     0.784004 
59349.828960 0.000000 0.000000     2.946831     0.783819 
59349.866570 0.000000 0.000000     2.946329     0.783633 
59349.904180 0.000000 0.000000     2.945945     0.783445 
59349.941790 0.000000 0.000000     2.945664     0.783257 
59349.979401 0.000000 0.000000     2.945473     0.783068 
59350.017011 0.000000 0.000000     2.945355     0.782881 
59350.054621 0.000000 0.000000     2.945296     0.782696 
59350.092231 0.000000 0.000000     2.945280     0.782512 
59350.129841 0.000000 0.000000     2.945290     0.782332 
59350.167451 0.000000 0.000000     2.945312     0.782155 
59350.205062 0.000000 0.000000     2.945328     0.781982 
59350.242672 0.000000 0.000000     2.945322     0.781814 
59350.280282 0.000000 0.000000     2.945277     0.781651 
59350.317892 0.000000 0.000000     2.945176     0.781493 
59350.355502 0.000000 0.000000     2.945003     0.781342 
59350.393112 0.000000 0.000000     2.944740     0.781197 
59350.430722 0.000000 0.000000     2.944371     0.781060 
59350.468333 0.000000 0.000000     2.943877     0.780930 
59350.505943 0.000000 0.000000     2.943241     0.780809 
59350.543553 0.000000 0.000000     2.942447     0.780695 
59350.581163 0.000000 0.000000     2.941477     0.780590 
59350.618773 0.000000 0.000000     2.940313     0.780494 
59350.656383 0.000000 0.000000     2.938938     0.780407 
59350.693994 0.000000 0.000000     2.937335     0.780330 
59350.731604 0.000000 0.000000     2.935486     0.780262 
59350.769214 0.000000 0.000000     2.933375     0.780204 
59350.806824 0.000000 0.000000     2.930984     0.780155 
59350.844434 0.000000 0.000000     2.928297     0.780117 
59350.882044 0.000000 0.000000     2.925296     0.780088 
59350.919654 0.000000 0.000000     2.921966     0.780070 
59350.957265 0.000000 0.000000     2.918290     0.780061 
59350.994875 0.000000 0.000000     2.914251     0.780062 
59351.032485 0.000000 0.000000     2.909835     0.780073 
59351.070095 0.000000 0.000000     2.905025     0.780093 
59351.107705 0.000000 0.000000     2.899805     0.780123 
59351.145315 0.000000 0.000000     2.894162     0.780163 
59351.182926 0.000000 0.000000     2.888080     0.780211 
59351.220536 0.000000 0.000000     2.881544     0.780268 
59351.258146 0.000000 0.000000     2.874542     0.780334 
59351.295756 0.000000 0.000000     2.867058     0.780408 
59351.333366 0.000000 0.000000     2.859080     0.780490 
59351.370976 0.000000 0.000000     2.850595     0.780580 
59351.408586 0.000000 0.000000     2.841591     0.780677 
59351.446197 0.000000 0.000000     2.832055     0.780780 
59351.483807 0.000000 0.000000     2.821977     0.780891 
59351.521417 0.000000 0.000000     2.811345     0.781007 
59351.559027 0.000000 0.000000     2.800148     0.781128 
59351.596637 0.000000 0.000000     2.788377     0.781255 
59351.634247 0.000000 0.000000     2.776022     0.781387 
59351.671858 0.000000 0.000000     2.763075     0.781523 
59351.709468 0.000000 0.000000     2.749526     0.781662 
59351.747078 0.000000 0.000000     2.735369     0.781804 
59351.784688 0.000000 0.000000     2.720596     0.781950 
59351.822298 0.000000 0.000000     2.705201     0.782097 
59351.859908 0.000000 0.000000     2.689177     0.782246 
59351.897519 0.000000 0.000000     2.672520     0.782396 
59351.935129 0.000000 0.000000     2.655224     0.782546 
59351.972739 0.000000 0.000000     2.637287     0.782697 
59352.010349 0.000000 0.000000     2.618704     0.782847 
59352.047959 0.000000 0.000000     2.599472     0.782996 
59352.085569 0.000000 0.000000     2.579591     0.783144 
59352.123179 0.000000 0.000000     2.559058     0.783289 
59352.160790 0.000000 0.000000     2.537873     0.783432 
59352.198400 0.000000 0.000000     2.516037     0.783572 
59352.236010 0.000000 0.000000     2.493550     0.783708 
59352.273620 0.000000 0.000000     2.470413     0.783840 
59352.311230 0.000000 0.000000     2.446629     0.783967 
59352.348840 0.000000 0.000000     2.422202     0.784089 
59352.386451 0.000000 0.000000     2.397134     0.784206 
59352.424061 0.000000 0.000000     2.371431     0.784317 
59352.461671 0.000000 0.000000     2.345097     0.784421 
59352.499281 0.000000 0.000000     2.318139     0.784518 
59352.536891 0.000000 0.000000     2.290563     0.784609 
59352.574501 0.000000 0.000000     2.262377     0.784691 
59352.612111 0.000000 0.000000     2.233590     0.784765 
59352.649722 0.000000 0.000000     2.204209     0.784831 
59352.687332 0.000000 0.000000     2.174245     0.784888 
59352.724942 0.000000 0.000000     2.143709     0.784936 
59352.762552 0.000000 0.000000     2.112611     0.784974 
59352.800162 0.000000 0.000000     2.080963     0.785002 
59352.837772 0.000000 0.000000     2.048779     0.785021 
59352.875383 0.000000 0.000000     2.016071     0.785028 
59352.912993 0.000000 0.000000     1.982854     0.785026 
59352.950603 0.000000 0.000000     1.949141     0.785012 
59352.988213 0.000000 0.000000     1.914950     0.784987 
59353.025823 0.000000 0.000000     1.880295     0.784951 
59353.063433 0.000000 0.000000     1.845195     0.784903 
59353.101043 0.000000 0.000000     1.809666     0.784844 
59353.138654 0.000000 0.000000     1.773726     0.784772 
59353.176264 0.000000 0.000000     1.737394     0.784689 
59353.213874 0.000000 0.000000     1.700691     0.784593 
59353.251484 0.000000 0.000000     1.663635     0.784486 
59353.289094 0.000000 0.000000     1.626248     0.784366 
59353.326704 0.000000 0.000000     1.588551     0.784233 
59353.364315 0.000000 0.000000     1.550565     0.784088 
59353.401925 0.000000 0.000000     1.512314     0.783931 
59353.439535 0.000000 0.000000     1.473820     0.783761 
59353.477145 0.000000 0.000000     1.435106     0.783578 
59353.514755 0.000000 0.000000     1.396198     0.783383 
59353.552365 0.000000 0.000000     1.357118     0.783176 
59353.589976 0.000000 0.000000     1.317893     0.782956 
59353.627586 0.000000 0.000000     1.278548     0.782724 
59353.665196 0.000000 0.000000     1.239108     0.782479 
59353.702806 0.000000 0.000000     1.199601     0.782222 
59353.740416 0.000000 0.000000     1.160052     0.781953 
59353.778026 0.000000 0.000000     1.120488     0.781672 
59353.815636 0.000000 0.000000     1.080939     0.781380 
59353.853247 0.000000 0.000000     1.041430     0.781075 
59353.890857 0.000000 0.000000     1.001990     0.780759 
59353.928467 0.000000 0.000000     0.962649     0.780432 
59353.966077 0.000000 0.000000     0.923433     0.780093 
59354.003687 0.000000 0.000000     0.884373     0.779744 
59354.041297 0.000000 0.000000     0.845497     0.779383 
59354.078908 0.000000 0.000000     0.806835     0.779012 
59354.116518 0.000000 0.000000     0.768416     0.778631 
59354.154128 0.000000 0.000000     0.730270     0.778240 
59354.191738 0.000000 0.000000     0.692426     0.777839 
59354.229348 0.000000 0.000000     0.654916     0.777428 
59354.266958 0.000000 0.000000     0.617767     0.777008 
59354.304568 0.000000 0.000000     0.581011     0.776579 
59354.342179 0.000000 0.000000     0.544678     0.776141 
59354.379789 0.000000 0.000000     0.508797     0.775695 
59354.417399 0.000000 0.000000     0.473399     0.775241 
59354.455009 0.000000 0.000000     0.438513     0.774779 
59354.492619 0.000000 0.000000     0.404170     0.774310 
59354.530229 0.000000 0.000000     0.370399     0.773833 
59354.567840 0.000000 0.000000     0.337229     0.773350 
59354.605450 0.000000 0.000000     0.304690     0.772861 
59354.643060 0.000000 0.000000     0.272812     0.772366 
59354.680670 0.000000 0.000000     0.241623     0.771864 
59354.718280 0.000000 0.000000     0.211152     0.771358 
59354.755890 0.000000 0.000000     0.181428     0.770847 
59354.793500 0.000000 0.000000     0.152478     0.770332 
59354.831111 0.000000 0.000000     0.124332     0.769812 
59354.868721 0.000000 0.000000     0.097016     0.769289 
59354.906331 0.000000 0.000000     0.070558     0.768762 
59354.943941 0.000000 0.000000     0.044984     0.768233 
59354.981551 0.000000 0.000000     0.020321     0.767702 
59355.019161 0.000000 0.000000    -0.003405     0.767169 
59355.056772 0.000000 0.000000    -0.026169     0.766634 
59355.094382 0.000000 0.000000    -0.047945     0.766098 
59355.131992 0.000000 0.000000    -0.068709     0.765562 
59355.169602 0.000000 0.000000    -0.088438     0.765025 
59355.207212 0.000000 0.000000    -0.107107     0.764490 
59355.244822 0.000000 0.000000    -0.124695     0.763955 
59355.282433 0.000000 0.000000    -0.141178     0.763421 
59355.320043 0.000000 0.000000    -0.156535     0.762890 
59355.357653 0.000000 0.000000    -0.170746     0.762361 
59355.395263 0.000000 0.000000    -0.183790     0.761835 
59355.432873 0.000000 0.000000    -0.195647     0.761312 
59355.470483 0.000000 0.000000    -0.206298     0.760794 
59355.508093 0.000000 0.000000    -0.215726     0.760280 
59355.545704 0.000000 0.000000    -0.223913     0.759771 
59355.583314 0.000000 0.000000    -0.230842     0.759268 
59355.620924 0.000000 0.000000    -0.236498     0.758772 
59355.658534 0.000000 0.000000    -0.240865     0.758282 
59355.696144 0.000000 0.000000    -0.243929     0.757800 
59355.733754 0.000000 0.000000    -0.245677     0.757327 
59355.771365 0.000000 0.000000    -0.246096     0.756862 
59355.808975 0.000000 0.000000    -0.245174     0.756406 
59355.846585 0.000000 0.000000    -0.242901     0.755961 
59355.884195 0.000000 0.000000    -0.239266     0.755527 
59355.921805 0.000000 0.000000    -0.234261     0.755104 
59355.959415 0.000000 0.000000    -0.227877     0.754693 
59355.997025 0.000000 0.000000    -0.220107     0.754295 
59356.034636 0.000000 0.000000    -0.210945     0.753911 
59356.072246 0.000000 0.000000    -0.200386     0.753541 
59356.109856 0.000000 0.000000    -0.188424     0.753187 
59356.147466 0.000000 0.000000    -0.175056     0.752848 
59356.185076 0.000000 0.000000    -0.160280     0.752526 
59356.222686 0.000000 0.000000    -0.144095     0.752222 
59356.260297 0.000000 0.000000    -0.126499     0.751936 
59356.297907 0.000000 0.000000    -0.107492     0.751669 
59356.335517 0.000000 0.000000    -0.087078     0.751422 
59356.373127 0.000000 0.000000    -0.065257     0.751197 
59356.410737 0.000000 0.000000    -0.042032     0.750992 
59356.448347 0.000000 0.000000    -0.017409     0.750811 
59356.485957 0.000000 0.000000     0.008607     0.750653 
59356.523568 0.000000 0.000000     0.036011     0.750520 
59356.561178 0.000000 0.000000     0.064795     0.750412 
59356.598788 0.000000 0.000000     0.094951     0.750330 
59356.636398 0.000000 0.000000     0.126470     0.750276 
59356.674008 0.000000 0.000000     0.159341     0.750249 
59356.711618 0.000000 0.000000     0.193553     0.750252 
59356.749229 0.000000 0.000000     0.229095     0.750286 
59356.786839 0.000000 0.000000     0.265953     0.750350 
59356.824449 0.000000 0.000000     0.304114     0.750446 
59356.862059 0.000000 0.000000     0.343562     0.750576 
59356.899669 0.000000 0.000000     0.384281     0.750739 
59356.937279 0.000000 0.000000     0.426255     0.750938 
59356.974890 0.000000 0.000000     0.469467     0.751172 
59357.012500 0.000000 0.000000     0.513896     0.751444 
59357.050110 0.000000 0.000000     0.559525     0.751753 
59357.087720 0.000000 0.000000     0.606333     0.752101 
59357.125330 0.000000 0.000000     0.654297     0.752489 
59357.162940 0.000000 0.000000     0.703397     0.752918 
59357.200550 0.000000 0.000000     0.753610     0.753388 
59357.238161 0.000000 0.000000     0.804910     0.753900 
59357.275771 0.000000 0.000000     0.857275     0.754456 
59357.313381 0.000000 0.000000     0.910679     0.755056 
59357.350991 0.000000 0.000000     0.965095     0.755701 
59357.388601 0.000000 0.000000     1.020497     0.756392 
59357.426211 0.000000 0.000000     1.076858     0.757129 
59357.463822 0.000000 0.000000     1.134147     0.757913 
59357.501432 0.000000 0.000000     1.192338     0.758746 
59357.539042 0.000000 0.000000     1.251400     0.759626 
59357.576652 0.000000 0.000000     1.311302     0.760556 
59357.614262 0.000000 0.000000     1.372014     0.761535 
59357.651872 0.000000 0.000000     1.433504     0.762564 
59357.689482 0.000000 0.000000     1.495740     0.763643 
59357.727093 0.000000 0.000000     1.558689     0.764774 
59357.764703 0.000000 0.000000     1.622318     0.765956 
59357.802313 0.000000 0.000000     1.686593     0.767189 
59357.839923 0.000000 0.000000     1.751479     0.768474 
59357.877533 0.000000 0.000000     1.816943     0.769811 
59357.915143 0.000000 0.000000     1.882947     0.771199 
59357.952754 0.000000 0.000000     1.949457     0.772640 
59357.990364 0.000000 0.000000     2.016438     0.774133 
59358.027974 0.000000 0.000000     2.083851     0.775678 
59358.065584 0.000000 0.000000     2.151660     0.777275 
59358.103194 0.000000 0.000000     2.219829     0.778923 
59358.140804 0.000000 0.000000     2.288320     0.780623 
59358.178414 0.000000 0.000000     2.357095     0.782373 
59358.216025 0.000000 0.000000     2.426116     0.784175 
59358.253635 0.000000 0.000000     2.495346     0.786027 
59358.291245 0.000000 0.000000     2.564745     0.787928 
59358.328855 0.000000 0.000000     2.634275     0.789878 
59358.366465 0.000000 0.000000     2.703898     0.791877 
59358.404075 0.000000 0.000000     2.773574     0.793924 
59358.441686 0.000000 0.000000     2.843266     0.796018 
59358.479296 0.000000 0.000000     2.912934     0.798159 
59358.516906 0.000000 0.000000     2.982540     0.800345 
59358.554516 0.000000 0.000000     3.052043     0.802576 
59358.592126 0.000000 0.000000     3.121407     0.804850 
59358.629736 0.000000 0.000000     3.190591     0.807167 
59358.667347 0.000000 0.000000     3.259558     0.809526 
59358.704957 0.000000 0.000000     3.328268     0.811925 
59358.742567 0.000000 0.000000     3.396684     0.814364 
59358.780177 0.000000 0.000000     3.464767     0.816842 
59358.817787 0.000000 0.000000     3.532479     0.819357 
59358.855397 0.000000 0.000000     3.599782     0.821908 
59358.893007 0.000000 0.000000     3.666638     0.824494 
59358.930618 0.000000 0.000000     3.733011     0.827113 
59358.968228 0.000000 0.000000     3.798864     0.829765 
59359.005838 0.000000 0.000000     3.864160     0.832448 
59359.043448 0.000000 0.000000     3.928862     0.835161 
59359.081058 0.000000 0.000000     3.992935     0.837902 
59359.118668 0.000000 0.000000     4.056343     0.840670 
59359.156279 0.000000 0.000000     4.119051     0.843465 
59359.193889 0.000000 0.000000     4.181025     0.846283 
59359.231499 0.000000 0.000000     4.242231     0.849125 
59359.269109 0.000000 0.000000     4.302634     0.851989 
59359.306719 0.000000 0.000000     4.362203     0.854873 
59359.344329 0.000000 0.000000     4.420904     0.857776 
59359.381939 0.000000 0.000000     4.478706     0.860697 
59359.419550 0.000000 0.000000     4.535577     0.863635 
59359.457160 0.000000 0.000000     4.591486     0.866587 
59359.494770 0.000000 0.000000     4.646404     0.869554 
59359.532380 0.000000 0.000000     4.700301     0.872533 
59359.569990 0.000000 0.000000     4.753149     0.875523 
59359.607600 0.000000 0.000000     4.804919     0.878523 
59359.645211 0.000000 0.000000     4.855584     0.881532 
59359.682821 0.000000 0.000000     4.905118     0.884549 
59359.720431 0.000000 0.000000     4.953494     0.887571 
59359.758041 0.000000 0.000000     5.000688     0.890599 
59359.795651 0.000000 0.000000     5.046675     0.893631 
59359.833261 0.000000 0.000000     5.091433     0.896665 
59359.870871 0.000000 0.000000     5.134938     0.899701 
59359.908482 0.000000 0.000000     5.177168     0.902738 
59359.946092 0.000000 0.000000     5.218103     0.905774 
59359.983702 0.000000 0.000000     5.257723     0.908809 
59360.021312 0.000000 0.000000     5.296008     0.911841 
59360.058922 0.000000 0.000000     5.332940     0.914869 
59360.096532 0.000000 0.000000     5.368501     0.917893 
59360.134143 0.000000 0.000000     5.402676     0.920911 
59360.171753 0.000000 0.000000     5.435448     0.923923 
59360.209363 0.000000 0.000000     5.466803     0.926927 
59360.246973 0.000000 0.000000     5.496727     0.929924 
59360.284583 0.000000 0.000000     5.525208     0.932911 
59360.322193 0.000000 0.000000     5.552232     0.935888 
59360.359804 0.000000 0.000000     5.577790     0.938855 
59360.397414 0.000000 0.000000     5.601872     0.941811 
59360.435024 0.000000 0.000000     5.624468     0.944754 
59360.472634 0.000000 0.000000     5.645571     0.947685 
59360.510244 0.000000 0.000000     5.665173     0.950603 
59360.547854 0.000000 0.000000     5.683269     0.953506 
59360.585464 0.000000 0.000000     5.699853     0.956395 
59360.623075 0.000000 0.000000     5.714921     0.959268 
59360.660685 0.000000 0.000000     5.728471     0.962126 
59360.698295 0.000000 0.000000     5.740499     0.964967 
59360.735905 0.000000 0.000000     5.751005     0.967792 
59360.773515 0.000000 0.000000     5.759989     0.970599 
59360.811125 0.000000 0.000000     5.767451     0.973388 
59360.848736 0.000000 0.000000     5.773393     0.976159 
59360.886346 0.000000 0.000000     5.777818     0.978912 
59360.923956 0.000000 0.000000     5.780730     0.981645 
59360.961566 0.000000 0.000000     5.782133     0.984359 
59360.999176 0.000000 0.000000     5.782033     0.987053 
59361.036786 0.000000 0.000000     5.780436     0.989727 
59361.074396 0.000000 0.000000     5.777349     0.992381 
59361.112007 0.000000 0.000000     5.772782     0.995014 
59361.149617 0.000000 0.000000     5.766744     0.997626 
59361.187227 0.000000 0.000000     5.759244     1.000216 
59361.224837 0.000000 0.000000     5.750294     1.002785 
59361.262447 0.000000 0.000000     5.739906     1.005333 
59361.300057 0.000000 0.000000     5.728093     1.007858 
59361.337668 0.000000 0.000000     5.714869     1.010361 
59361.375278 0.000000 0.000000     5.700248     1.012842 
59361.412888 0.000000 0.000000     5.684247     1.015300 
59361.450498 0.000000 0.000000     5.666880     1.017735 
59361.488108 0.000000 0.000000     5.648166     1.020147 
59361.525718 0.000000 0.000000     5.628122     1.022537 
59361.563328 0.000000 0.000000     5.606768     1.024903 
59361.600939 0.000000 0.000000     5.584122     1.027246 
59361.638549 0.000000 0.000000     5.560205     1.029565 
59361.676159 0.000000 0.000000     5.535039     1.031861 
59361.713769 0.000000 0.000000     5.508645     1.034133 
59361.751379 0.000000 0.000000     5.481044     1.036381 
59361.788989 0.000000 0.000000     5.452262     1.038606 
59361.826600 0.000000 0.000000     5.422321     1.040806 
59361.864210 0.000000 0.000000     5.391247     1.042982 
59361.901820 0.000000 0.000000     5.359063     1.045135 
59361.939430 0.000000 0.000000     5.325797     1.047263 
