# Tref_folded model 
-1.500000 1.449109 
-1.499000 1.460337 
-1.498000 1.471484 
-1.497000 1.482549 
-1.496000 1.493533 
-1.495000 1.504435 
-1.494000 1.515255 
-1.493000 1.525994 
-1.492000 1.536651 
-1.491000 1.547227 
-1.490000 1.557720 
-1.489000 1.568133 
-1.488000 1.578463 
-1.487000 1.588712 
-1.486000 1.598880 
-1.485000 1.608966 
-1.484000 1.618970 
-1.483000 1.628893 
-1.482000 1.638735 
-1.481000 1.648495 
-1.480000 1.658173 
-1.479000 1.667771 
-1.478000 1.677287 
-1.477000 1.686722 
-1.476000 1.696076 
-1.475000 1.705348 
-1.474000 1.714540 
-1.473000 1.723651 
-1.472000 1.732680 
-1.471000 1.741629 
-1.470000 1.750497 
-1.469000 1.759285 
-1.468000 1.767992 
-1.467000 1.776618 
-1.466000 1.785164 
-1.465000 1.793629 
-1.464000 1.802014 
-1.463000 1.810319 
-1.462000 1.818543 
-1.461000 1.826688 
-1.460000 1.834752 
-1.459000 1.842737 
-1.458000 1.850642 
-1.457000 1.858468 
-1.456000 1.866213 
-1.455000 1.873880 
-1.454000 1.881467 
-1.453000 1.888974 
-1.452000 1.896403 
-1.451000 1.903752 
-1.450000 1.911023 
-1.449000 1.918215 
-1.448000 1.925328 
-1.447000 1.932362 
-1.446000 1.939318 
-1.445000 1.946196 
-1.444000 1.952996 
-1.443000 1.959717 
-1.442000 1.966360 
-1.441000 1.972926 
-1.440000 1.979413 
-1.439000 1.985823 
-1.438000 1.992156 
-1.437000 1.998411 
-1.436000 2.004589 
-1.435000 2.010690 
-1.434000 2.016714 
-1.433000 2.022661 
-1.432000 2.028532 
-1.431000 2.034326 
-1.430000 2.040043 
-1.429000 2.045684 
-1.428000 2.051249 
-1.427000 2.056738 
-1.426000 2.062151 
-1.425000 2.067488 
-1.424000 2.072750 
-1.423000 2.077936 
-1.422000 2.083047 
-1.421000 2.088082 
-1.420000 2.093043 
-1.419000 2.097928 
-1.418000 2.102739 
-1.417000 2.107475 
-1.416000 2.112137 
-1.415000 2.116725 
-1.414000 2.121238 
-1.413000 2.125677 
-1.412000 2.130043 
-1.411000 2.134334 
-1.410000 2.138552 
-1.409000 2.142697 
-1.408000 2.146768 
-1.407000 2.150766 
-1.406000 2.154691 
-1.405000 2.158543 
-1.404000 2.162322 
-1.403000 2.166029 
-1.402000 2.169664 
-1.401000 2.173226 
-1.400000 2.176716 
-1.399000 2.180134 
-1.398000 2.183480 
-1.397000 2.186754 
-1.396000 2.189957 
-1.395000 2.193089 
-1.394000 2.196149 
-1.393000 2.199139 
-1.392000 2.202057 
-1.391000 2.204905 
-1.390000 2.207682 
-1.389000 2.210388 
-1.388000 2.213024 
-1.387000 2.215590 
-1.386000 2.218086 
-1.385000 2.220512 
-1.384000 2.222868 
-1.383000 2.225155 
-1.382000 2.227372 
-1.381000 2.229520 
-1.380000 2.231599 
-1.379000 2.233609 
-1.378000 2.235550 
-1.377000 2.237422 
-1.376000 2.239226 
-1.375000 2.240961 
-1.374000 2.242628 
-1.373000 2.244227 
-1.372000 2.245758 
-1.371000 2.247221 
-1.370000 2.248617 
-1.369000 2.249945 
-1.368000 2.251205 
-1.367000 2.252399 
-1.366000 2.253525 
-1.365000 2.254584 
-1.364000 2.255577 
-1.363000 2.256503 
-1.362000 2.257362 
-1.361000 2.258155 
-1.360000 2.258882 
-1.359000 2.259542 
-1.358000 2.260137 
-1.357000 2.260666 
-1.356000 2.261129 
-1.355000 2.261527 
-1.354000 2.261860 
-1.353000 2.262127 
-1.352000 2.262329 
-1.351000 2.262466 
-1.350000 2.262538 
-1.349000 2.262546 
-1.348000 2.262489 
-1.347000 2.262368 
-1.346000 2.262183 
-1.345000 2.261933 
-1.344000 2.261619 
-1.343000 2.261242 
-1.342000 2.260801 
-1.341000 2.260296 
-1.340000 2.259728 
-1.339000 2.259096 
-1.338000 2.258402 
-1.337000 2.257644 
-1.336000 2.256823 
-1.335000 2.255940 
-1.334000 2.254994 
-1.333000 2.253985 
-1.332000 2.252915 
-1.331000 2.251781 
-1.330000 2.250586 
-1.329000 2.249329 
-1.328000 2.248010 
-1.327000 2.246629 
-1.326000 2.245187 
-1.325000 2.243683 
-1.324000 2.242117 
-1.323000 2.240491 
-1.322000 2.238804 
-1.321000 2.237055 
-1.320000 2.235246 
-1.319000 2.233376 
-1.318000 2.231445 
-1.317000 2.229454 
-1.316000 2.227403 
-1.315000 2.225291 
-1.314000 2.223119 
-1.313000 2.220887 
-1.312000 2.218596 
-1.311000 2.216245 
-1.310000 2.213834 
-1.309000 2.211363 
-1.308000 2.208834 
-1.307000 2.206245 
-1.306000 2.203596 
-1.305000 2.200889 
-1.304000 2.198123 
-1.303000 2.195298 
-1.302000 2.192415 
-1.301000 2.189473 
-1.300000 2.186472 
-1.299000 2.183413 
-1.298000 2.180296 
-1.297000 2.177121 
-1.296000 2.173888 
-1.295000 2.170597 
-1.294000 2.167249 
-1.293000 2.163842 
-1.292000 2.160378 
-1.291000 2.156857 
-1.290000 2.153279 
-1.289000 2.149643 
-1.288000 2.145950 
-1.287000 2.142200 
-1.286000 2.138393 
-1.285000 2.134530 
-1.284000 2.130610 
-1.283000 2.126633 
-1.282000 2.122600 
-1.281000 2.118511 
-1.280000 2.114365 
-1.279000 2.110163 
-1.278000 2.105905 
-1.277000 2.101592 
-1.276000 2.097222 
-1.275000 2.092797 
-1.274000 2.088316 
-1.273000 2.083780 
-1.272000 2.079188 
-1.271000 2.074541 
-1.270000 2.069839 
-1.269000 2.065082 
-1.268000 2.060270 
-1.267000 2.055403 
-1.266000 2.050481 
-1.265000 2.045504 
-1.264000 2.040473 
-1.263000 2.035387 
-1.262000 2.030247 
-1.261000 2.025053 
-1.260000 2.019804 
-1.259000 2.014502 
-1.258000 2.009145 
-1.257000 2.003734 
-1.256000 1.998270 
-1.255000 1.992752 
-1.254000 1.987180 
-1.253000 1.981555 
-1.252000 1.975876 
-1.251000 1.970144 
-1.250000 1.964359 
-1.249000 1.958521 
-1.248000 1.952630 
-1.247000 1.946685 
-1.246000 1.940688 
-1.245000 1.934638 
-1.244000 1.928535 
-1.243000 1.922380 
-1.242000 1.916173 
-1.241000 1.909912 
-1.240000 1.903600 
-1.239000 1.897235 
-1.238000 1.890819 
-1.237000 1.884350 
-1.236000 1.877829 
-1.235000 1.871257 
-1.234000 1.864632 
-1.233000 1.857956 
-1.232000 1.851229 
-1.231000 1.844450 
-1.230000 1.837619 
-1.229000 1.830737 
-1.228000 1.823804 
-1.227000 1.816820 
-1.226000 1.809785 
-1.225000 1.802699 
-1.224000 1.795562 
-1.223000 1.788374 
-1.222000 1.781136 
-1.221000 1.773847 
-1.220000 1.766507 
-1.219000 1.759117 
-1.218000 1.751677 
-1.217000 1.744186 
-1.216000 1.736645 
-1.215000 1.729055 
-1.214000 1.721414 
-1.213000 1.713723 
-1.212000 1.705983 
-1.211000 1.698192 
-1.210000 1.690352 
-1.209000 1.682463 
-1.208000 1.674524 
-1.207000 1.666536 
-1.206000 1.658498 
-1.205000 1.650412 
-1.204000 1.642276 
-1.203000 1.634091 
-1.202000 1.625857 
-1.201000 1.617575 
-1.200000 1.609243 
-1.199000 1.600863 
-1.198000 1.592435 
-1.197000 1.583957 
-1.196000 1.575432 
-1.195000 1.566858 
-1.194000 1.558236 
-1.193000 1.549566 
-1.192000 1.540848 
-1.191000 1.532081 
-1.190000 1.523267 
-1.189000 1.514405 
-1.188000 1.505496 
-1.187000 1.496539 
-1.186000 1.487534 
-1.185000 1.478482 
-1.184000 1.469383 
-1.183000 1.460236 
-1.182000 1.451043 
-1.181000 1.441802 
-1.180000 1.432514 
-1.179000 1.423180 
-1.178000 1.413798 
-1.177000 1.404370 
-1.176000 1.394896 
-1.175000 1.385375 
-1.174000 1.375807 
-1.173000 1.366193 
-1.172000 1.356533 
-1.171000 1.346827 
-1.170000 1.337075 
-1.169000 1.327277 
-1.168000 1.317433 
-1.167000 1.307544 
-1.166000 1.297609 
-1.165000 1.287628 
-1.164000 1.277602 
-1.163000 1.267531 
-1.162000 1.257414 
-1.161000 1.247252 
-1.160000 1.237045 
-1.159000 1.226794 
-1.158000 1.216497 
-1.157000 1.206156 
-1.156000 1.195770 
-1.155000 1.185340 
-1.154000 1.174865 
-1.153000 1.164347 
-1.152000 1.153783 
-1.151000 1.143176 
-1.150000 1.132525 
-1.149000 1.121830 
-1.148000 1.111091 
-1.147000 1.100309 
-1.146000 1.089483 
-1.145000 1.078614 
-1.144000 1.067701 
-1.143000 1.056746 
-1.142000 1.045747 
-1.141000 1.034705 
-1.140000 1.023621 
-1.139000 1.012494 
-1.138000 1.001324 
-1.137000 0.990111 
-1.136000 0.978857 
-1.135000 0.967560 
-1.134000 0.956221 
-1.133000 0.944840 
-1.132000 0.933418 
-1.131000 0.921953 
-1.130000 0.910447 
-1.129000 0.898900 
-1.128000 0.887311 
-1.127000 0.875681 
-1.126000 0.864010 
-1.125000 0.852298 
-1.124000 0.840545 
-1.123000 0.828752 
-1.122000 0.816918 
-1.121000 0.805044 
-1.120000 0.793129 
-1.119000 0.781174 
-1.118000 0.769180 
-1.117000 0.757146 
-1.116000 0.745072 
-1.115000 0.732958 
-1.114000 0.720805 
-1.113000 0.708613 
-1.112000 0.696382 
-1.111000 0.684112 
-1.110000 0.671803 
-1.109000 0.659456 
-1.108000 0.647071 
-1.107000 0.634647 
-1.106000 0.622185 
-1.105000 0.609685 
-1.104000 0.597147 
-1.103000 0.584572 
-1.102000 0.571959 
-1.101000 0.559309 
-1.100000 0.546622 
-1.099000 0.533898 
-1.098000 0.521137 
-1.097000 0.508340 
-1.096000 0.495507 
-1.095000 0.482637 
-1.094000 0.469731 
-1.093000 0.456790 
-1.092000 0.443813 
-1.091000 0.430800 
-1.090000 0.417752 
-1.089000 0.404670 
-1.088000 0.391552 
-1.087000 0.378400 
-1.086000 0.365213 
-1.085000 0.351992 
-1.084000 0.338738 
-1.083000 0.325449 
-1.082000 0.312127 
-1.081000 0.298771 
-1.080000 0.285383 
-1.079000 0.271961 
-1.078000 0.258507 
-1.077000 0.245020 
-1.076000 0.231501 
-1.075000 0.217950 
-1.074000 0.204367 
-1.073000 0.190753 
-1.072000 0.177107 
-1.071000 0.163430 
-1.070000 0.149723 
-1.069000 0.135985 
-1.068000 0.122216 
-1.067000 0.108418 
-1.066000 0.094589 
-1.065000 0.080731 
-1.064000 0.066844 
-1.063000 0.052928 
-1.062000 0.038983 
-1.061000 0.025010 
-1.060000 0.011008 
-1.059000 -0.003021 
-1.058000 -0.017078 
-1.057000 -0.031163 
-1.056000 -0.045275 
-1.055000 -0.059413 
-1.054000 -0.073578 
-1.053000 -0.087769 
-1.052000 -0.101986 
-1.051000 -0.116228 
-1.050000 -0.130496 
-1.049000 -0.144789 
-1.048000 -0.159106 
-1.047000 -0.173448 
-1.046000 -0.187814 
-1.045000 -0.202203 
-1.044000 -0.216616 
-1.043000 -0.231052 
-1.042000 -0.245510 
-1.041000 -0.259991 
-1.040000 -0.274494 
-1.039000 -0.289018 
-1.038000 -0.303564 
-1.037000 -0.318130 
-1.036000 -0.332717 
-1.035000 -0.347325 
-1.034000 -0.361952 
-1.033000 -0.376599 
-1.032000 -0.391264 
-1.031000 -0.405949 
-1.030000 -0.420651 
-1.029000 -0.435372 
-1.028000 -0.450110 
-1.027000 -0.464865 
-1.026000 -0.479637 
-1.025000 -0.494425 
-1.024000 -0.509229 
-1.023000 -0.524049 
-1.022000 -0.538884 
-1.021000 -0.553733 
-1.020000 -0.568596 
-1.019000 -0.583473 
-1.018000 -0.598364 
-1.017000 -0.613267 
-1.016000 -0.628183 
-1.015000 -0.643110 
-1.014000 -0.658049 
-1.013000 -0.672999 
-1.012000 -0.687960 
-1.011000 -0.702931 
-1.010000 -0.717911 
-1.009000 -0.732900 
-1.008000 -0.747898 
-1.007000 -0.762905 
-1.006000 -0.777918 
-1.005000 -0.792939 
-1.004000 -0.807966 
-1.003000 -0.823000 
-1.002000 -0.838039 
-1.001000 -0.853083 
-1.000000 -0.868131 
-0.999000 -0.883184 
-0.998000 -0.898239 
-0.997000 -0.913298 
-0.996000 -0.928359 
-0.995000 -0.943422 
-0.994000 -0.958485 
-0.993000 -0.973550 
-0.992000 -0.988614 
-0.991000 -1.003678 
-0.990000 -1.018740 
-0.989000 -1.033801 
-0.988000 -1.048859 
-0.987000 -1.063914 
-0.986000 -1.078966 
-0.985000 -1.094014 
-0.984000 -1.109056 
-0.983000 -1.124093 
-0.982000 -1.139124 
-0.981000 -1.154148 
-0.980000 -1.169165 
-0.979000 -1.184174 
-0.978000 -1.199174 
-0.977000 -1.214164 
-0.976000 -1.229145 
-0.975000 -1.244114 
-0.974000 -1.259072 
-0.973000 -1.274018 
-0.972000 -1.288951 
-0.971000 -1.303871 
-0.970000 -1.318776 
-0.969000 -1.333666 
-0.968000 -1.348540 
-0.967000 -1.363398 
-0.966000 -1.378239 
-0.965000 -1.393062 
-0.964000 -1.407866 
-0.963000 -1.422650 
-0.962000 -1.437415 
-0.961000 -1.452158 
-0.960000 -1.466879 
-0.959000 -1.481578 
-0.958000 -1.496254 
-0.957000 -1.510905 
-0.956000 -1.525532 
-0.955000 -1.540132 
-0.954000 -1.554706 
-0.953000 -1.569253 
-0.952000 -1.583771 
-0.951000 -1.598261 
-0.950000 -1.612720 
-0.949000 -1.627149 
-0.948000 -1.641546 
-0.947000 -1.655910 
-0.946000 -1.670241 
-0.945000 -1.684538 
-0.944000 -1.698800 
-0.943000 -1.713026 
-0.942000 -1.727214 
-0.941000 -1.741366 
-0.940000 -1.755478 
-0.939000 -1.769551 
-0.938000 -1.783583 
-0.937000 -1.797574 
-0.936000 -1.811522 
-0.935000 -1.825427 
-0.934000 -1.839288 
-0.933000 -1.853103 
-0.932000 -1.866873 
-0.931000 -1.880595 
-0.930000 -1.894269 
-0.929000 -1.907894 
-0.928000 -1.921469 
-0.927000 -1.934993 
-0.926000 -1.948465 
-0.925000 -1.961884 
-0.924000 -1.975249 
-0.923000 -1.988559 
-0.922000 -2.001812 
-0.921000 -2.015009 
-0.920000 -2.028148 
-0.919000 -2.041228 
-0.918000 -2.054247 
-0.917000 -2.067205 
-0.916000 -2.080102 
-0.915000 -2.092934 
-0.914000 -2.105703 
-0.913000 -2.118406 
-0.912000 -2.131043 
-0.911000 -2.143612 
-0.910000 -2.156113 
-0.909000 -2.168544 
-0.908000 -2.180905 
-0.907000 -2.193193 
-0.906000 -2.205409 
-0.905000 -2.217551 
-0.904000 -2.229617 
-0.903000 -2.241608 
-0.902000 -2.253521 
-0.901000 -2.265356 
-0.900000 -2.277111 
-0.899000 -2.288786 
-0.898000 -2.300380 
-0.897000 -2.311890 
-0.896000 -2.323316 
-0.895000 -2.334658 
-0.894000 -2.345913 
-0.893000 -2.357081 
-0.892000 -2.368161 
-0.891000 -2.379151 
-0.890000 -2.390050 
-0.889000 -2.400858 
-0.888000 -2.411572 
-0.887000 -2.422193 
-0.886000 -2.432718 
-0.885000 -2.443147 
-0.884000 -2.453479 
-0.883000 -2.463711 
-0.882000 -2.473845 
-0.881000 -2.483877 
-0.880000 -2.493807 
-0.879000 -2.503634 
-0.878000 -2.513357 
-0.877000 -2.522974 
-0.876000 -2.532485 
-0.875000 -2.541888 
-0.874000 -2.551182 
-0.873000 -2.560367 
-0.872000 -2.569440 
-0.871000 -2.578401 
-0.870000 -2.587248 
-0.869000 -2.595982 
-0.868000 -2.604599 
-0.867000 -2.613100 
-0.866000 -2.621483 
-0.865000 -2.629747 
-0.864000 -2.637891 
-0.863000 -2.645915 
-0.862000 -2.653815 
-0.861000 -2.661593 
-0.860000 -2.669246 
-0.859000 -2.676774 
-0.858000 -2.684175 
-0.857000 -2.691448 
-0.856000 -2.698593 
-0.855000 -2.705608 
-0.854000 -2.712492 
-0.853000 -2.719245 
-0.852000 -2.725864 
-0.851000 -2.732350 
-0.850000 -2.738700 
-0.849000 -2.744915 
-0.848000 -2.750993 
-0.847000 -2.756932 
-0.846000 -2.762733 
-0.845000 -2.768394 
-0.844000 -2.773914 
-0.843000 -2.779292 
-0.842000 -2.784527 
-0.841000 -2.789618 
-0.840000 -2.794565 
-0.839000 -2.799366 
-0.838000 -2.804020 
-0.837000 -2.808527 
-0.836000 -2.812885 
-0.835000 -2.817094 
-0.834000 -2.821153 
-0.833000 -2.825062 
-0.832000 -2.828818 
-0.831000 -2.832421 
-0.830000 -2.835872 
-0.829000 -2.839167 
-0.828000 -2.842308 
-0.827000 -2.845293 
-0.826000 -2.848122 
-0.825000 -2.850792 
-0.824000 -2.853305 
-0.823000 -2.855659 
-0.822000 -2.857854 
-0.821000 -2.859888 
-0.820000 -2.861762 
-0.819000 -2.863474 
-0.818000 -2.865023 
-0.817000 -2.866410 
-0.816000 -2.867634 
-0.815000 -2.868693 
-0.814000 -2.869588 
-0.813000 -2.870318 
-0.812000 -2.870882 
-0.811000 -2.871280 
-0.810000 -2.871511 
-0.809000 -2.871576 
-0.808000 -2.871472 
-0.807000 -2.871200 
-0.806000 -2.870760 
-0.805000 -2.870151 
-0.804000 -2.869373 
-0.803000 -2.868425 
-0.802000 -2.867307 
-0.801000 -2.866019 
-0.800000 -2.864560 
-0.799000 -2.862930 
-0.798000 -2.861129 
-0.797000 -2.859156 
-0.796000 -2.857012 
-0.795000 -2.854696 
-0.794000 -2.852208 
-0.793000 -2.849548 
-0.792000 -2.846715 
-0.791000 -2.843710 
-0.790000 -2.840533 
-0.789000 -2.837183 
-0.788000 -2.833660 
-0.787000 -2.829964 
-0.786000 -2.826096 
-0.785000 -2.822055 
-0.784000 -2.817842 
-0.783000 -2.813456 
-0.782000 -2.808898 
-0.781000 -2.804167 
-0.780000 -2.799264 
-0.779000 -2.794189 
-0.778000 -2.788942 
-0.777000 -2.783524 
-0.776000 -2.777934 
-0.775000 -2.772172 
-0.774000 -2.766240 
-0.773000 -2.760138 
-0.772000 -2.753865 
-0.771000 -2.747422 
-0.770000 -2.740809 
-0.769000 -2.734027 
-0.768000 -2.727077 
-0.767000 -2.719958 
-0.766000 -2.712671 
-0.765000 -2.705217 
-0.764000 -2.697596 
-0.763000 -2.689809 
-0.762000 -2.681856 
-0.761000 -2.673737 
-0.760000 -2.665454 
-0.759000 -2.657007 
-0.758000 -2.648397 
-0.757000 -2.639624 
-0.756000 -2.630688 
-0.755000 -2.621592 
-0.754000 -2.612335 
-0.753000 -2.602918 
-0.752000 -2.593342 
-0.751000 -2.583608 
-0.750000 -2.573716 
-0.749000 -2.563668 
-0.748000 -2.553464 
-0.747000 -2.543105 
-0.746000 -2.532592 
-0.745000 -2.521927 
-0.744000 -2.511109 
-0.743000 -2.500140 
-0.742000 -2.489020 
-0.741000 -2.477752 
-0.740000 -2.466336 
-0.739000 -2.454772 
-0.738000 -2.443063 
-0.737000 -2.431208 
-0.736000 -2.419210 
-0.735000 -2.407069 
-0.734000 -2.394787 
-0.733000 -2.382364 
-0.732000 -2.369801 
-0.731000 -2.357101 
-0.730000 -2.344264 
-0.729000 -2.331291 
-0.728000 -2.318183 
-0.727000 -2.304943 
-0.726000 -2.291570 
-0.725000 -2.278067 
-0.724000 -2.264434 
-0.723000 -2.250674 
-0.722000 -2.236787 
-0.721000 -2.222774 
-0.720000 -2.208637 
-0.719000 -2.194378 
-0.718000 -2.179997 
-0.717000 -2.165497 
-0.716000 -2.150877 
-0.715000 -2.136141 
-0.714000 -2.121289 
-0.713000 -2.106323 
-0.712000 -2.091244 
-0.711000 -2.076054 
-0.710000 -2.060754 
-0.709000 -2.045346 
-0.708000 -2.029830 
-0.707000 -2.014209 
-0.706000 -1.998485 
-0.705000 -1.982658 
-0.704000 -1.966730 
-0.703000 -1.950702 
-0.702000 -1.934577 
-0.701000 -1.918356 
-0.700000 -1.902040 
-0.699000 -1.885630 
-0.698000 -1.869129 
-0.697000 -1.852538 
-0.696000 -1.835859 
-0.695000 -1.819092 
-0.694000 -1.802241 
-0.693000 -1.785305 
-0.692000 -1.768287 
-0.691000 -1.751189 
-0.690000 -1.734012 
-0.689000 -1.716757 
-0.688000 -1.699427 
-0.687000 -1.682022 
-0.686000 -1.664545 
-0.685000 -1.646996 
-0.684000 -1.629379 
-0.683000 -1.611693 
-0.682000 -1.593941 
-0.681000 -1.576125 
-0.680000 -1.558246 
-0.679000 -1.540305 
-0.678000 -1.522304 
-0.677000 -1.504246 
-0.676000 -1.486130 
-0.675000 -1.467960 
-0.674000 -1.449736 
-0.673000 -1.431461 
-0.672000 -1.413135 
-0.671000 -1.394760 
-0.670000 -1.376338 
-0.669000 -1.357871 
-0.668000 -1.339360 
-0.667000 -1.320806 
-0.666000 -1.302212 
-0.665000 -1.283578 
-0.664000 -1.264907 
-0.663000 -1.246200 
-0.662000 -1.227457 
-0.661000 -1.208682 
-0.660000 -1.189875 
-0.659000 -1.171038 
-0.658000 -1.152173 
-0.657000 -1.133281 
-0.656000 -1.114363 
-0.655000 -1.095421 
-0.654000 -1.076456 
-0.653000 -1.057470 
-0.652000 -1.038465 
-0.651000 -1.019442 
-0.650000 -1.000402 
-0.649000 -0.981346 
-0.648000 -0.962277 
-0.647000 -0.943196 
-0.646000 -0.924103 
-0.645000 -0.905001 
-0.644000 -0.885891 
-0.643000 -0.866774 
-0.642000 -0.847652 
-0.641000 -0.828526 
-0.640000 -0.809397 
-0.639000 -0.790266 
-0.638000 -0.771136 
-0.637000 -0.752007 
-0.636000 -0.732881 
-0.635000 -0.713759 
-0.634000 -0.694642 
-0.633000 -0.675531 
-0.632000 -0.656429 
-0.631000 -0.637335 
-0.630000 -0.618252 
-0.629000 -0.599181 
-0.628000 -0.580122 
-0.627000 -0.561078 
-0.626000 -0.542048 
-0.625000 -0.523036 
-0.624000 -0.504040 
-0.623000 -0.485064 
-0.622000 -0.466108 
-0.621000 -0.447172 
-0.620000 -0.428259 
-0.619000 -0.409370 
-0.618000 -0.390505 
-0.617000 -0.371665 
-0.616000 -0.352852 
-0.615000 -0.334067 
-0.614000 -0.315311 
-0.613000 -0.296584 
-0.612000 -0.277889 
-0.611000 -0.259226 
-0.610000 -0.240595 
-0.609000 -0.221998 
-0.608000 -0.203437 
-0.607000 -0.184911 
-0.606000 -0.166423 
-0.605000 -0.147972 
-0.604000 -0.129560 
-0.603000 -0.111187 
-0.602000 -0.092856 
-0.601000 -0.074566 
-0.600000 -0.056318 
-0.599000 -0.038114 
-0.598000 -0.019953 
-0.597000 -0.001838 
-0.596000 0.016231 
-0.595000 0.034253 
-0.594000 0.052228 
-0.593000 0.070154 
-0.592000 0.088031 
-0.591000 0.105859 
-0.590000 0.123635 
-0.589000 0.141360 
-0.588000 0.159033 
-0.587000 0.176653 
-0.586000 0.194219 
-0.585000 0.211730 
-0.584000 0.229187 
-0.583000 0.246587 
-0.582000 0.263932 
-0.581000 0.281218 
-0.580000 0.298448 
-0.579000 0.315618 
-0.578000 0.332730 
-0.577000 0.349781 
-0.576000 0.366773 
-0.575000 0.383703 
-0.574000 0.400572 
-0.573000 0.417378 
-0.572000 0.434122 
-0.571000 0.450803 
-0.570000 0.467419 
-0.569000 0.483972 
-0.568000 0.500459 
-0.567000 0.516881 
-0.566000 0.533237 
-0.565000 0.549527 
-0.564000 0.565749 
-0.563000 0.581905 
-0.562000 0.597992 
-0.561000 0.614011 
-0.560000 0.629961 
-0.559000 0.645842 
-0.558000 0.661653 
-0.557000 0.677395 
-0.556000 0.693065 
-0.555000 0.708665 
-0.554000 0.724194 
-0.553000 0.739650 
-0.552000 0.755035 
-0.551000 0.770347 
-0.550000 0.785587 
-0.549000 0.800753 
-0.548000 0.815846 
-0.547000 0.830865 
-0.546000 0.845810 
-0.545000 0.860681 
-0.544000 0.875477 
-0.543000 0.890197 
-0.542000 0.904842 
-0.541000 0.919412 
-0.540000 0.933906 
-0.539000 0.948323 
-0.538000 0.962665 
-0.537000 0.976929 
-0.536000 0.991116 
-0.535000 1.005227 
-0.534000 1.019260 
-0.533000 1.033215 
-0.532000 1.047092 
-0.531000 1.060892 
-0.530000 1.074613 
-0.529000 1.088255 
-0.528000 1.101819 
-0.527000 1.115304 
-0.526000 1.128710 
-0.525000 1.142037 
-0.524000 1.155285 
-0.523000 1.168453 
-0.522000 1.181542 
-0.521000 1.194550 
-0.520000 1.207479 
-0.519000 1.220328 
-0.518000 1.233096 
-0.517000 1.245785 
-0.516000 1.258392 
-0.515000 1.270920 
-0.514000 1.283366 
-0.513000 1.295732 
-0.512000 1.308017 
-0.511000 1.320222 
-0.510000 1.332345 
-0.509000 1.344387 
-0.508000 1.356348 
-0.507000 1.368228 
-0.506000 1.380026 
-0.505000 1.391744 
-0.504000 1.403380 
-0.503000 1.414934 
-0.502000 1.426407 
-0.501000 1.437799 
-0.500000 1.449109 
-0.499000 1.460337 
-0.498000 1.471484 
-0.497000 1.482549 
-0.496000 1.493533 
-0.495000 1.504435 
-0.494000 1.515255 
-0.493000 1.525994 
-0.492000 1.536651 
-0.491000 1.547227 
-0.490000 1.557720 
-0.489000 1.568133 
-0.488000 1.578463 
-0.487000 1.588712 
-0.486000 1.598880 
-0.485000 1.608966 
-0.484000 1.618970 
-0.483000 1.628893 
-0.482000 1.638735 
-0.481000 1.648495 
-0.480000 1.658173 
-0.479000 1.667771 
-0.478000 1.677287 
-0.477000 1.686722 
-0.476000 1.696076 
-0.475000 1.705348 
-0.474000 1.714540 
-0.473000 1.723651 
-0.472000 1.732680 
-0.471000 1.741629 
-0.470000 1.750497 
-0.469000 1.759285 
-0.468000 1.767992 
-0.467000 1.776618 
-0.466000 1.785164 
-0.465000 1.793629 
-0.464000 1.802014 
-0.463000 1.810319 
-0.462000 1.818543 
-0.461000 1.826688 
-0.460000 1.834752 
-0.459000 1.842737 
-0.458000 1.850642 
-0.457000 1.858468 
-0.456000 1.866213 
-0.455000 1.873880 
-0.454000 1.881467 
-0.453000 1.888974 
-0.452000 1.896403 
-0.451000 1.903752 
-0.450000 1.911023 
-0.449000 1.918215 
-0.448000 1.925328 
-0.447000 1.932362 
-0.446000 1.939318 
-0.445000 1.946196 
-0.444000 1.952996 
-0.443000 1.959717 
-0.442000 1.966360 
-0.441000 1.972926 
-0.440000 1.979413 
-0.439000 1.985823 
-0.438000 1.992156 
-0.437000 1.998411 
-0.436000 2.004589 
-0.435000 2.010690 
-0.434000 2.016714 
-0.433000 2.022661 
-0.432000 2.028532 
-0.431000 2.034326 
-0.430000 2.040043 
-0.429000 2.045684 
-0.428000 2.051249 
-0.427000 2.056738 
-0.426000 2.062151 
-0.425000 2.067488 
-0.424000 2.072750 
-0.423000 2.077936 
-0.422000 2.083047 
-0.421000 2.088082 
-0.420000 2.093043 
-0.419000 2.097928 
-0.418000 2.102739 
-0.417000 2.107475 
-0.416000 2.112137 
-0.415000 2.116725 
-0.414000 2.121238 
-0.413000 2.125677 
-0.412000 2.130043 
-0.411000 2.134334 
-0.410000 2.138552 
-0.409000 2.142697 
-0.408000 2.146768 
-0.407000 2.150766 
-0.406000 2.154691 
-0.405000 2.158543 
-0.404000 2.162322 
-0.403000 2.166029 
-0.402000 2.169664 
-0.401000 2.173226 
-0.400000 2.176716 
-0.399000 2.180134 
-0.398000 2.183480 
-0.397000 2.186754 
-0.396000 2.189957 
-0.395000 2.193089 
-0.394000 2.196149 
-0.393000 2.199139 
-0.392000 2.202057 
-0.391000 2.204905 
-0.390000 2.207682 
-0.389000 2.210388 
-0.388000 2.213024 
-0.387000 2.215590 
-0.386000 2.218086 
-0.385000 2.220512 
-0.384000 2.222868 
-0.383000 2.225155 
-0.382000 2.227372 
-0.381000 2.229520 
-0.380000 2.231599 
-0.379000 2.233609 
-0.378000 2.235550 
-0.377000 2.237422 
-0.376000 2.239226 
-0.375000 2.240961 
-0.374000 2.242628 
-0.373000 2.244227 
-0.372000 2.245758 
-0.371000 2.247221 
-0.370000 2.248617 
-0.369000 2.249945 
-0.368000 2.251205 
-0.367000 2.252399 
-0.366000 2.253525 
-0.365000 2.254584 
-0.364000 2.255577 
-0.363000 2.256503 
-0.362000 2.257362 
-0.361000 2.258155 
-0.360000 2.258882 
-0.359000 2.259542 
-0.358000 2.260137 
-0.357000 2.260666 
-0.356000 2.261129 
-0.355000 2.261527 
-0.354000 2.261860 
-0.353000 2.262127 
-0.352000 2.262329 
-0.351000 2.262466 
-0.350000 2.262538 
-0.349000 2.262546 
-0.348000 2.262489 
-0.347000 2.262368 
-0.346000 2.262183 
-0.345000 2.261933 
-0.344000 2.261619 
-0.343000 2.261242 
-0.342000 2.260801 
-0.341000 2.260296 
-0.340000 2.259728 
-0.339000 2.259096 
-0.338000 2.258402 
-0.337000 2.257644 
-0.336000 2.256823 
-0.335000 2.255940 
-0.334000 2.254994 
-0.333000 2.253985 
-0.332000 2.252915 
-0.331000 2.251781 
-0.330000 2.250586 
-0.329000 2.249329 
-0.328000 2.248010 
-0.327000 2.246629 
-0.326000 2.245187 
-0.325000 2.243683 
-0.324000 2.242117 
-0.323000 2.240491 
-0.322000 2.238804 
-0.321000 2.237055 
-0.320000 2.235246 
-0.319000 2.233376 
-0.318000 2.231445 
-0.317000 2.229454 
-0.316000 2.227403 
-0.315000 2.225291 
-0.314000 2.223119 
-0.313000 2.220887 
-0.312000 2.218596 
-0.311000 2.216245 
-0.310000 2.213834 
-0.309000 2.211363 
-0.308000 2.208834 
-0.307000 2.206245 
-0.306000 2.203596 
-0.305000 2.200889 
-0.304000 2.198123 
-0.303000 2.195298 
-0.302000 2.192415 
-0.301000 2.189473 
-0.300000 2.186472 
-0.299000 2.183413 
-0.298000 2.180296 
-0.297000 2.177121 
-0.296000 2.173888 
-0.295000 2.170597 
-0.294000 2.167249 
-0.293000 2.163842 
-0.292000 2.160378 
-0.291000 2.156857 
-0.290000 2.153279 
-0.289000 2.149643 
-0.288000 2.145950 
-0.287000 2.142200 
-0.286000 2.138393 
-0.285000 2.134530 
-0.284000 2.130610 
-0.283000 2.126633 
-0.282000 2.122600 
-0.281000 2.118511 
-0.280000 2.114365 
-0.279000 2.110163 
-0.278000 2.105905 
-0.277000 2.101592 
-0.276000 2.097222 
-0.275000 2.092797 
-0.274000 2.088316 
-0.273000 2.083780 
-0.272000 2.079188 
-0.271000 2.074541 
-0.270000 2.069839 
-0.269000 2.065082 
-0.268000 2.060270 
-0.267000 2.055403 
-0.266000 2.050481 
-0.265000 2.045504 
-0.264000 2.040473 
-0.263000 2.035387 
-0.262000 2.030247 
-0.261000 2.025053 
-0.260000 2.019804 
-0.259000 2.014502 
-0.258000 2.009145 
-0.257000 2.003734 
-0.256000 1.998270 
-0.255000 1.992752 
-0.254000 1.987180 
-0.253000 1.981555 
-0.252000 1.975876 
-0.251000 1.970144 
-0.250000 1.964359 
-0.249000 1.958521 
-0.248000 1.952630 
-0.247000 1.946685 
-0.246000 1.940688 
-0.245000 1.934638 
-0.244000 1.928535 
-0.243000 1.922380 
-0.242000 1.916173 
-0.241000 1.909912 
-0.240000 1.903600 
-0.239000 1.897235 
-0.238000 1.890819 
-0.237000 1.884350 
-0.236000 1.877829 
-0.235000 1.871257 
-0.234000 1.864632 
-0.233000 1.857956 
-0.232000 1.851229 
-0.231000 1.844450 
-0.230000 1.837619 
-0.229000 1.830737 
-0.228000 1.823804 
-0.227000 1.816820 
-0.226000 1.809785 
-0.225000 1.802699 
-0.224000 1.795562 
-0.223000 1.788374 
-0.222000 1.781136 
-0.221000 1.773847 
-0.220000 1.766507 
-0.219000 1.759117 
-0.218000 1.751677 
-0.217000 1.744186 
-0.216000 1.736645 
-0.215000 1.729055 
-0.214000 1.721414 
-0.213000 1.713723 
-0.212000 1.705983 
-0.211000 1.698192 
-0.210000 1.690352 
-0.209000 1.682463 
-0.208000 1.674524 
-0.207000 1.666536 
-0.206000 1.658498 
-0.205000 1.650412 
-0.204000 1.642276 
-0.203000 1.634091 
-0.202000 1.625857 
-0.201000 1.617575 
-0.200000 1.609243 
-0.199000 1.600863 
-0.198000 1.592435 
-0.197000 1.583957 
-0.196000 1.575432 
-0.195000 1.566858 
-0.194000 1.558236 
-0.193000 1.549566 
-0.192000 1.540848 
-0.191000 1.532081 
-0.190000 1.523267 
-0.189000 1.514405 
-0.188000 1.505496 
-0.187000 1.496539 
-0.186000 1.487534 
-0.185000 1.478482 
-0.184000 1.469383 
-0.183000 1.460236 
-0.182000 1.451043 
-0.181000 1.441802 
-0.180000 1.432514 
-0.179000 1.423180 
-0.178000 1.413798 
-0.177000 1.404370 
-0.176000 1.394896 
-0.175000 1.385375 
-0.174000 1.375807 
-0.173000 1.366193 
-0.172000 1.356533 
-0.171000 1.346827 
-0.170000 1.337075 
-0.169000 1.327277 
-0.168000 1.317433 
-0.167000 1.307544 
-0.166000 1.297609 
-0.165000 1.287628 
-0.164000 1.277602 
-0.163000 1.267531 
-0.162000 1.257414 
-0.161000 1.247252 
-0.160000 1.237045 
-0.159000 1.226794 
-0.158000 1.216497 
-0.157000 1.206156 
-0.156000 1.195770 
-0.155000 1.185340 
-0.154000 1.174865 
-0.153000 1.164347 
-0.152000 1.153783 
-0.151000 1.143176 
-0.150000 1.132525 
-0.149000 1.121830 
-0.148000 1.111091 
-0.147000 1.100309 
-0.146000 1.089483 
-0.145000 1.078614 
-0.144000 1.067701 
-0.143000 1.056746 
-0.142000 1.045747 
-0.141000 1.034705 
-0.140000 1.023621 
-0.139000 1.012494 
-0.138000 1.001324 
-0.137000 0.990111 
-0.136000 0.978857 
-0.135000 0.967560 
-0.134000 0.956221 
-0.133000 0.944840 
-0.132000 0.933418 
-0.131000 0.921953 
-0.130000 0.910447 
-0.129000 0.898900 
-0.128000 0.887311 
-0.127000 0.875681 
-0.126000 0.864010 
-0.125000 0.852298 
-0.124000 0.840545 
-0.123000 0.828752 
-0.122000 0.816918 
-0.121000 0.805044 
-0.120000 0.793129 
-0.119000 0.781174 
-0.118000 0.769180 
-0.117000 0.757146 
-0.116000 0.745072 
-0.115000 0.732958 
-0.114000 0.720805 
-0.113000 0.708613 
-0.112000 0.696382 
-0.111000 0.684112 
-0.110000 0.671803 
-0.109000 0.659456 
-0.108000 0.647071 
-0.107000 0.634647 
-0.106000 0.622185 
-0.105000 0.609685 
-0.104000 0.597147 
-0.103000 0.584572 
-0.102000 0.571959 
-0.101000 0.559309 
-0.100000 0.546622 
-0.099000 0.533898 
-0.098000 0.521137 
-0.097000 0.508340 
-0.096000 0.495507 
-0.095000 0.482637 
-0.094000 0.469731 
-0.093000 0.456790 
-0.092000 0.443813 
-0.091000 0.430800 
-0.090000 0.417752 
-0.089000 0.404670 
-0.088000 0.391552 
-0.087000 0.378400 
-0.086000 0.365213 
-0.085000 0.351992 
-0.084000 0.338738 
-0.083000 0.325449 
-0.082000 0.312127 
-0.081000 0.298771 
-0.080000 0.285383 
-0.079000 0.271961 
-0.078000 0.258507 
-0.077000 0.245020 
-0.076000 0.231501 
-0.075000 0.217950 
-0.074000 0.204367 
-0.073000 0.190753 
-0.072000 0.177107 
-0.071000 0.163430 
-0.070000 0.149723 
-0.069000 0.135985 
-0.068000 0.122216 
-0.067000 0.108418 
-0.066000 0.094589 
-0.065000 0.080731 
-0.064000 0.066844 
-0.063000 0.052928 
-0.062000 0.038983 
-0.061000 0.025010 
-0.060000 0.011008 
-0.059000 -0.003021 
-0.058000 -0.017078 
-0.057000 -0.031163 
-0.056000 -0.045275 
-0.055000 -0.059413 
-0.054000 -0.073578 
-0.053000 -0.087769 
-0.052000 -0.101986 
-0.051000 -0.116228 
-0.050000 -0.130496 
-0.049000 -0.144789 
-0.048000 -0.159106 
-0.047000 -0.173448 
-0.046000 -0.187814 
-0.045000 -0.202203 
-0.044000 -0.216616 
-0.043000 -0.231052 
-0.042000 -0.245510 
-0.041000 -0.259991 
-0.040000 -0.274494 
-0.039000 -0.289018 
-0.038000 -0.303564 
-0.037000 -0.318130 
-0.036000 -0.332717 
-0.035000 -0.347325 
-0.034000 -0.361952 
-0.033000 -0.376599 
-0.032000 -0.391264 
-0.031000 -0.405949 
-0.030000 -0.420651 
-0.029000 -0.435372 
-0.028000 -0.450110 
-0.027000 -0.464865 
-0.026000 -0.479637 
-0.025000 -0.494425 
-0.024000 -0.509229 
-0.023000 -0.524049 
-0.022000 -0.538884 
-0.021000 -0.553733 
-0.020000 -0.568596 
-0.019000 -0.583473 
-0.018000 -0.598364 
-0.017000 -0.613267 
-0.016000 -0.628183 
-0.015000 -0.643110 
-0.014000 -0.658049 
-0.013000 -0.672999 
-0.012000 -0.687960 
-0.011000 -0.702931 
-0.010000 -0.717911 
-0.009000 -0.732900 
-0.008000 -0.747898 
-0.007000 -0.762905 
-0.006000 -0.777918 
-0.005000 -0.792939 
-0.004000 -0.807966 
-0.003000 -0.823000 
-0.002000 -0.838039 
-0.001000 -0.853083 
-0.000000 -0.868131 
0.001000 -0.883184 
0.002000 -0.898239 
0.003000 -0.913298 
0.004000 -0.928359 
0.005000 -0.943422 
0.006000 -0.958485 
0.007000 -0.973550 
0.008000 -0.988614 
0.009000 -1.003678 
0.010000 -1.018740 
0.011000 -1.033801 
0.012000 -1.048859 
0.013000 -1.063914 
0.014000 -1.078966 
0.015000 -1.094014 
0.016000 -1.109056 
0.017000 -1.124093 
0.018000 -1.139124 
0.019000 -1.154148 
0.020000 -1.169165 
0.021000 -1.184174 
0.022000 -1.199174 
0.023000 -1.214164 
0.024000 -1.229145 
0.025000 -1.244114 
0.026000 -1.259072 
0.027000 -1.274018 
0.028000 -1.288951 
0.029000 -1.303871 
0.030000 -1.318776 
0.031000 -1.333666 
0.032000 -1.348540 
0.033000 -1.363398 
0.034000 -1.378239 
0.035000 -1.393062 
0.036000 -1.407866 
0.037000 -1.422650 
0.038000 -1.437415 
0.039000 -1.452158 
0.040000 -1.466879 
0.041000 -1.481578 
0.042000 -1.496254 
0.043000 -1.510905 
0.044000 -1.525532 
0.045000 -1.540132 
0.046000 -1.554706 
0.047000 -1.569253 
0.048000 -1.583771 
0.049000 -1.598261 
0.050000 -1.612720 
0.051000 -1.627149 
0.052000 -1.641546 
0.053000 -1.655910 
0.054000 -1.670241 
0.055000 -1.684538 
0.056000 -1.698800 
0.057000 -1.713026 
0.058000 -1.727214 
0.059000 -1.741366 
0.060000 -1.755478 
0.061000 -1.769551 
0.062000 -1.783583 
0.063000 -1.797574 
0.064000 -1.811522 
0.065000 -1.825427 
0.066000 -1.839288 
0.067000 -1.853103 
0.068000 -1.866873 
0.069000 -1.880595 
0.070000 -1.894269 
0.071000 -1.907894 
0.072000 -1.921469 
0.073000 -1.934993 
0.074000 -1.948465 
0.075000 -1.961884 
0.076000 -1.975249 
0.077000 -1.988559 
0.078000 -2.001812 
0.079000 -2.015009 
0.080000 -2.028148 
0.081000 -2.041228 
0.082000 -2.054247 
0.083000 -2.067205 
0.084000 -2.080102 
0.085000 -2.092934 
0.086000 -2.105703 
0.087000 -2.118406 
0.088000 -2.131043 
0.089000 -2.143612 
0.090000 -2.156113 
0.091000 -2.168544 
0.092000 -2.180905 
0.093000 -2.193193 
0.094000 -2.205409 
0.095000 -2.217551 
0.096000 -2.229617 
0.097000 -2.241608 
0.098000 -2.253521 
0.099000 -2.265356 
0.100000 -2.277111 
0.101000 -2.288786 
0.102000 -2.300380 
0.103000 -2.311890 
0.104000 -2.323316 
0.105000 -2.334658 
0.106000 -2.345913 
0.107000 -2.357081 
0.108000 -2.368161 
0.109000 -2.379151 
0.110000 -2.390050 
0.111000 -2.400858 
0.112000 -2.411572 
0.113000 -2.422193 
0.114000 -2.432718 
0.115000 -2.443147 
0.116000 -2.453479 
0.117000 -2.463711 
0.118000 -2.473845 
0.119000 -2.483877 
0.120000 -2.493807 
0.121000 -2.503634 
0.122000 -2.513357 
0.123000 -2.522974 
0.124000 -2.532485 
0.125000 -2.541888 
0.126000 -2.551182 
0.127000 -2.560367 
0.128000 -2.569440 
0.129000 -2.578401 
0.130000 -2.587248 
0.131000 -2.595982 
0.132000 -2.604599 
0.133000 -2.613100 
0.134000 -2.621483 
0.135000 -2.629747 
0.136000 -2.637891 
0.137000 -2.645915 
0.138000 -2.653815 
0.139000 -2.661593 
0.140000 -2.669246 
0.141000 -2.676774 
0.142000 -2.684175 
0.143000 -2.691448 
0.144000 -2.698593 
0.145000 -2.705608 
0.146000 -2.712492 
0.147000 -2.719245 
0.148000 -2.725864 
0.149000 -2.732350 
0.150000 -2.738700 
0.151000 -2.744915 
0.152000 -2.750993 
0.153000 -2.756932 
0.154000 -2.762733 
0.155000 -2.768394 
0.156000 -2.773914 
0.157000 -2.779292 
0.158000 -2.784527 
0.159000 -2.789618 
0.160000 -2.794565 
0.161000 -2.799366 
0.162000 -2.804020 
0.163000 -2.808527 
0.164000 -2.812885 
0.165000 -2.817094 
0.166000 -2.821153 
0.167000 -2.825062 
0.168000 -2.828818 
0.169000 -2.832421 
0.170000 -2.835872 
0.171000 -2.839167 
0.172000 -2.842308 
0.173000 -2.845293 
0.174000 -2.848122 
0.175000 -2.850792 
0.176000 -2.853305 
0.177000 -2.855659 
0.178000 -2.857854 
0.179000 -2.859888 
0.180000 -2.861762 
0.181000 -2.863474 
0.182000 -2.865023 
0.183000 -2.866410 
0.184000 -2.867634 
0.185000 -2.868693 
0.186000 -2.869588 
0.187000 -2.870318 
0.188000 -2.870882 
0.189000 -2.871280 
0.190000 -2.871511 
0.191000 -2.871576 
0.192000 -2.871472 
0.193000 -2.871200 
0.194000 -2.870760 
0.195000 -2.870151 
0.196000 -2.869373 
0.197000 -2.868425 
0.198000 -2.867307 
0.199000 -2.866019 
0.200000 -2.864560 
0.201000 -2.862930 
0.202000 -2.861129 
0.203000 -2.859156 
0.204000 -2.857012 
0.205000 -2.854696 
0.206000 -2.852208 
0.207000 -2.849548 
0.208000 -2.846715 
0.209000 -2.843710 
0.210000 -2.840533 
0.211000 -2.837183 
0.212000 -2.833660 
0.213000 -2.829964 
0.214000 -2.826096 
0.215000 -2.822055 
0.216000 -2.817842 
0.217000 -2.813456 
0.218000 -2.808898 
0.219000 -2.804167 
0.220000 -2.799264 
0.221000 -2.794189 
0.222000 -2.788942 
0.223000 -2.783524 
0.224000 -2.777934 
0.225000 -2.772172 
0.226000 -2.766240 
0.227000 -2.760138 
0.228000 -2.753865 
0.229000 -2.747422 
0.230000 -2.740809 
0.231000 -2.734027 
0.232000 -2.727077 
0.233000 -2.719958 
0.234000 -2.712671 
0.235000 -2.705217 
0.236000 -2.697596 
0.237000 -2.689809 
0.238000 -2.681856 
0.239000 -2.673737 
0.240000 -2.665454 
0.241000 -2.657007 
0.242000 -2.648397 
0.243000 -2.639624 
0.244000 -2.630688 
0.245000 -2.621592 
0.246000 -2.612335 
0.247000 -2.602918 
0.248000 -2.593342 
0.249000 -2.583608 
0.250000 -2.573716 
0.251000 -2.563668 
0.252000 -2.553464 
0.253000 -2.543105 
0.254000 -2.532592 
0.255000 -2.521927 
0.256000 -2.511109 
0.257000 -2.500140 
0.258000 -2.489020 
0.259000 -2.477752 
0.260000 -2.466336 
0.261000 -2.454772 
0.262000 -2.443063 
0.263000 -2.431208 
0.264000 -2.419210 
0.265000 -2.407069 
0.266000 -2.394787 
0.267000 -2.382364 
0.268000 -2.369801 
0.269000 -2.357101 
0.270000 -2.344264 
0.271000 -2.331291 
0.272000 -2.318183 
0.273000 -2.304943 
0.274000 -2.291570 
0.275000 -2.278067 
0.276000 -2.264434 
0.277000 -2.250674 
0.278000 -2.236787 
0.279000 -2.222774 
0.280000 -2.208637 
0.281000 -2.194378 
0.282000 -2.179997 
0.283000 -2.165497 
0.284000 -2.150877 
0.285000 -2.136141 
0.286000 -2.121289 
0.287000 -2.106323 
0.288000 -2.091244 
0.289000 -2.076054 
0.290000 -2.060754 
0.291000 -2.045346 
0.292000 -2.029830 
0.293000 -2.014209 
0.294000 -1.998485 
0.295000 -1.982658 
0.296000 -1.966730 
0.297000 -1.950702 
0.298000 -1.934577 
0.299000 -1.918356 
0.300000 -1.902040 
0.301000 -1.885630 
0.302000 -1.869129 
0.303000 -1.852538 
0.304000 -1.835859 
0.305000 -1.819092 
0.306000 -1.802241 
0.307000 -1.785305 
0.308000 -1.768287 
0.309000 -1.751189 
0.310000 -1.734012 
0.311000 -1.716757 
0.312000 -1.699427 
0.313000 -1.682022 
0.314000 -1.664545 
0.315000 -1.646996 
0.316000 -1.629379 
0.317000 -1.611693 
0.318000 -1.593941 
0.319000 -1.576125 
0.320000 -1.558246 
0.321000 -1.540305 
0.322000 -1.522304 
0.323000 -1.504246 
0.324000 -1.486130 
0.325000 -1.467960 
0.326000 -1.449736 
0.327000 -1.431461 
0.328000 -1.413135 
0.329000 -1.394760 
0.330000 -1.376338 
0.331000 -1.357871 
0.332000 -1.339360 
0.333000 -1.320806 
0.334000 -1.302212 
0.335000 -1.283578 
0.336000 -1.264907 
0.337000 -1.246200 
0.338000 -1.227457 
0.339000 -1.208682 
0.340000 -1.189875 
0.341000 -1.171038 
0.342000 -1.152173 
0.343000 -1.133281 
0.344000 -1.114363 
0.345000 -1.095421 
0.346000 -1.076456 
0.347000 -1.057470 
0.348000 -1.038465 
0.349000 -1.019442 
0.350000 -1.000402 
0.351000 -0.981346 
0.352000 -0.962277 
0.353000 -0.943196 
0.354000 -0.924103 
0.355000 -0.905001 
0.356000 -0.885891 
0.357000 -0.866774 
0.358000 -0.847652 
0.359000 -0.828526 
0.360000 -0.809397 
0.361000 -0.790266 
0.362000 -0.771136 
0.363000 -0.752007 
0.364000 -0.732881 
0.365000 -0.713759 
0.366000 -0.694642 
0.367000 -0.675531 
0.368000 -0.656429 
0.369000 -0.637335 
0.370000 -0.618252 
0.371000 -0.599181 
0.372000 -0.580122 
0.373000 -0.561078 
0.374000 -0.542048 
0.375000 -0.523036 
0.376000 -0.504040 
0.377000 -0.485064 
0.378000 -0.466108 
0.379000 -0.447172 
0.380000 -0.428259 
0.381000 -0.409370 
0.382000 -0.390505 
0.383000 -0.371665 
0.384000 -0.352852 
0.385000 -0.334067 
0.386000 -0.315311 
0.387000 -0.296584 
0.388000 -0.277889 
0.389000 -0.259226 
0.390000 -0.240595 
0.391000 -0.221998 
0.392000 -0.203437 
0.393000 -0.184911 
0.394000 -0.166423 
0.395000 -0.147972 
0.396000 -0.129560 
0.397000 -0.111187 
0.398000 -0.092856 
0.399000 -0.074566 
0.400000 -0.056318 
0.401000 -0.038114 
0.402000 -0.019953 
0.403000 -0.001838 
0.404000 0.016231 
0.405000 0.034253 
0.406000 0.052228 
0.407000 0.070154 
0.408000 0.088031 
0.409000 0.105859 
0.410000 0.123635 
0.411000 0.141360 
0.412000 0.159033 
0.413000 0.176653 
0.414000 0.194219 
0.415000 0.211730 
0.416000 0.229187 
0.417000 0.246587 
0.418000 0.263932 
0.419000 0.281218 
0.420000 0.298448 
0.421000 0.315618 
0.422000 0.332730 
0.423000 0.349781 
0.424000 0.366773 
0.425000 0.383703 
0.426000 0.400572 
0.427000 0.417378 
0.428000 0.434122 
0.429000 0.450803 
0.430000 0.467419 
0.431000 0.483972 
0.432000 0.500459 
0.433000 0.516881 
0.434000 0.533237 
0.435000 0.549527 
0.436000 0.565749 
0.437000 0.581905 
0.438000 0.597992 
0.439000 0.614011 
0.440000 0.629961 
0.441000 0.645842 
0.442000 0.661653 
0.443000 0.677395 
0.444000 0.693065 
0.445000 0.708665 
0.446000 0.724194 
0.447000 0.739650 
0.448000 0.755035 
0.449000 0.770347 
0.450000 0.785587 
0.451000 0.800753 
0.452000 0.815846 
0.453000 0.830865 
0.454000 0.845810 
0.455000 0.860681 
0.456000 0.875477 
0.457000 0.890197 
0.458000 0.904842 
0.459000 0.919412 
0.460000 0.933906 
0.461000 0.948323 
0.462000 0.962665 
0.463000 0.976929 
0.464000 0.991116 
0.465000 1.005227 
0.466000 1.019260 
0.467000 1.033215 
0.468000 1.047092 
0.469000 1.060892 
0.470000 1.074613 
0.471000 1.088255 
0.472000 1.101819 
0.473000 1.115304 
0.474000 1.128710 
0.475000 1.142037 
0.476000 1.155285 
0.477000 1.168453 
0.478000 1.181542 
0.479000 1.194550 
0.480000 1.207479 
0.481000 1.220328 
0.482000 1.233096 
0.483000 1.245785 
0.484000 1.258392 
0.485000 1.270920 
0.486000 1.283366 
0.487000 1.295732 
0.488000 1.308017 
0.489000 1.320222 
0.490000 1.332345 
0.491000 1.344387 
0.492000 1.356348 
0.493000 1.368228 
0.494000 1.380026 
0.495000 1.391744 
0.496000 1.403380 
0.497000 1.414934 
0.498000 1.426407 
0.499000 1.437799 
0.500000 1.449109 
0.501000 1.460337 
0.502000 1.471484 
0.503000 1.482549 
0.504000 1.493533 
0.505000 1.504435 
0.506000 1.515255 
0.507000 1.525994 
0.508000 1.536651 
0.509000 1.547227 
0.510000 1.557720 
0.511000 1.568133 
0.512000 1.578463 
0.513000 1.588712 
0.514000 1.598880 
0.515000 1.608966 
0.516000 1.618970 
0.517000 1.628893 
0.518000 1.638735 
0.519000 1.648495 
0.520000 1.658173 
0.521000 1.667771 
0.522000 1.677287 
0.523000 1.686722 
0.524000 1.696076 
0.525000 1.705348 
0.526000 1.714540 
0.527000 1.723651 
0.528000 1.732680 
0.529000 1.741629 
0.530000 1.750497 
0.531000 1.759285 
0.532000 1.767992 
0.533000 1.776618 
0.534000 1.785164 
0.535000 1.793629 
0.536000 1.802014 
0.537000 1.810319 
0.538000 1.818543 
0.539000 1.826688 
0.540000 1.834752 
0.541000 1.842737 
0.542000 1.850642 
0.543000 1.858468 
0.544000 1.866213 
0.545000 1.873880 
0.546000 1.881467 
0.547000 1.888974 
0.548000 1.896403 
0.549000 1.903752 
0.550000 1.911023 
0.551000 1.918215 
0.552000 1.925328 
0.553000 1.932362 
0.554000 1.939318 
0.555000 1.946196 
0.556000 1.952996 
0.557000 1.959717 
0.558000 1.966360 
0.559000 1.972926 
0.560000 1.979413 
0.561000 1.985823 
0.562000 1.992156 
0.563000 1.998411 
0.564000 2.004589 
0.565000 2.010690 
0.566000 2.016714 
0.567000 2.022661 
0.568000 2.028532 
0.569000 2.034326 
0.570000 2.040043 
0.571000 2.045684 
0.572000 2.051249 
0.573000 2.056738 
0.574000 2.062151 
0.575000 2.067488 
0.576000 2.072750 
0.577000 2.077936 
0.578000 2.083047 
0.579000 2.088082 
0.580000 2.093043 
0.581000 2.097928 
0.582000 2.102739 
0.583000 2.107475 
0.584000 2.112137 
0.585000 2.116725 
0.586000 2.121238 
0.587000 2.125677 
0.588000 2.130043 
0.589000 2.134334 
0.590000 2.138552 
0.591000 2.142697 
0.592000 2.146768 
0.593000 2.150766 
0.594000 2.154691 
0.595000 2.158543 
0.596000 2.162322 
0.597000 2.166029 
0.598000 2.169664 
0.599000 2.173226 
0.600000 2.176716 
0.601000 2.180134 
0.602000 2.183480 
0.603000 2.186754 
0.604000 2.189957 
0.605000 2.193089 
0.606000 2.196149 
0.607000 2.199139 
0.608000 2.202057 
0.609000 2.204905 
0.610000 2.207682 
0.611000 2.210388 
0.612000 2.213024 
0.613000 2.215590 
0.614000 2.218086 
0.615000 2.220512 
0.616000 2.222868 
0.617000 2.225155 
0.618000 2.227372 
0.619000 2.229520 
0.620000 2.231599 
0.621000 2.233609 
0.622000 2.235550 
0.623000 2.237422 
0.624000 2.239226 
0.625000 2.240961 
0.626000 2.242628 
0.627000 2.244227 
0.628000 2.245758 
0.629000 2.247221 
0.630000 2.248617 
0.631000 2.249945 
0.632000 2.251205 
0.633000 2.252399 
0.634000 2.253525 
0.635000 2.254584 
0.636000 2.255577 
0.637000 2.256503 
0.638000 2.257362 
0.639000 2.258155 
0.640000 2.258882 
0.641000 2.259542 
0.642000 2.260137 
0.643000 2.260666 
0.644000 2.261129 
0.645000 2.261527 
0.646000 2.261860 
0.647000 2.262127 
0.648000 2.262329 
0.649000 2.262466 
0.650000 2.262538 
0.651000 2.262546 
0.652000 2.262489 
0.653000 2.262368 
0.654000 2.262183 
0.655000 2.261933 
0.656000 2.261619 
0.657000 2.261242 
0.658000 2.260801 
0.659000 2.260296 
0.660000 2.259728 
0.661000 2.259096 
0.662000 2.258402 
0.663000 2.257644 
0.664000 2.256823 
0.665000 2.255940 
0.666000 2.254994 
0.667000 2.253985 
0.668000 2.252915 
0.669000 2.251781 
0.670000 2.250586 
0.671000 2.249329 
0.672000 2.248010 
0.673000 2.246629 
0.674000 2.245187 
0.675000 2.243683 
0.676000 2.242117 
0.677000 2.240491 
0.678000 2.238804 
0.679000 2.237055 
0.680000 2.235246 
0.681000 2.233376 
0.682000 2.231445 
0.683000 2.229454 
0.684000 2.227403 
0.685000 2.225291 
0.686000 2.223119 
0.687000 2.220887 
0.688000 2.218596 
0.689000 2.216245 
0.690000 2.213834 
0.691000 2.211363 
0.692000 2.208834 
0.693000 2.206245 
0.694000 2.203596 
0.695000 2.200889 
0.696000 2.198123 
0.697000 2.195298 
0.698000 2.192415 
0.699000 2.189473 
0.700000 2.186472 
0.701000 2.183413 
0.702000 2.180296 
0.703000 2.177121 
0.704000 2.173888 
0.705000 2.170597 
0.706000 2.167249 
0.707000 2.163842 
0.708000 2.160378 
0.709000 2.156857 
0.710000 2.153279 
0.711000 2.149643 
0.712000 2.145950 
0.713000 2.142200 
0.714000 2.138393 
0.715000 2.134530 
0.716000 2.130610 
0.717000 2.126633 
0.718000 2.122600 
0.719000 2.118511 
0.720000 2.114365 
0.721000 2.110163 
0.722000 2.105905 
0.723000 2.101592 
0.724000 2.097222 
0.725000 2.092797 
0.726000 2.088316 
0.727000 2.083780 
0.728000 2.079188 
0.729000 2.074541 
0.730000 2.069839 
0.731000 2.065082 
0.732000 2.060270 
0.733000 2.055403 
0.734000 2.050481 
0.735000 2.045504 
0.736000 2.040473 
0.737000 2.035387 
0.738000 2.030247 
0.739000 2.025053 
0.740000 2.019804 
0.741000 2.014502 
0.742000 2.009145 
0.743000 2.003734 
0.744000 1.998270 
0.745000 1.992752 
0.746000 1.987180 
0.747000 1.981555 
0.748000 1.975876 
0.749000 1.970144 
0.750000 1.964359 
0.751000 1.958521 
0.752000 1.952630 
0.753000 1.946685 
0.754000 1.940688 
0.755000 1.934638 
0.756000 1.928535 
0.757000 1.922380 
0.758000 1.916173 
0.759000 1.909912 
0.760000 1.903600 
0.761000 1.897235 
0.762000 1.890819 
0.763000 1.884350 
0.764000 1.877829 
0.765000 1.871257 
0.766000 1.864632 
0.767000 1.857956 
0.768000 1.851229 
0.769000 1.844450 
0.770000 1.837619 
0.771000 1.830737 
0.772000 1.823804 
0.773000 1.816820 
0.774000 1.809785 
0.775000 1.802699 
0.776000 1.795562 
0.777000 1.788374 
0.778000 1.781136 
0.779000 1.773847 
0.780000 1.766507 
0.781000 1.759117 
0.782000 1.751677 
0.783000 1.744186 
0.784000 1.736645 
0.785000 1.729055 
0.786000 1.721414 
0.787000 1.713723 
0.788000 1.705983 
0.789000 1.698192 
0.790000 1.690352 
0.791000 1.682463 
0.792000 1.674524 
0.793000 1.666536 
0.794000 1.658498 
0.795000 1.650412 
0.796000 1.642276 
0.797000 1.634091 
0.798000 1.625857 
0.799000 1.617575 
0.800000 1.609243 
0.801000 1.600863 
0.802000 1.592435 
0.803000 1.583957 
0.804000 1.575432 
0.805000 1.566858 
0.806000 1.558236 
0.807000 1.549566 
0.808000 1.540848 
0.809000 1.532081 
0.810000 1.523267 
0.811000 1.514405 
0.812000 1.505496 
0.813000 1.496539 
0.814000 1.487534 
0.815000 1.478482 
0.816000 1.469383 
0.817000 1.460236 
0.818000 1.451043 
0.819000 1.441802 
0.820000 1.432514 
0.821000 1.423180 
0.822000 1.413798 
0.823000 1.404370 
0.824000 1.394896 
0.825000 1.385375 
0.826000 1.375807 
0.827000 1.366193 
0.828000 1.356533 
0.829000 1.346827 
0.830000 1.337075 
0.831000 1.327277 
0.832000 1.317433 
0.833000 1.307544 
0.834000 1.297609 
0.835000 1.287628 
0.836000 1.277602 
0.837000 1.267531 
0.838000 1.257414 
0.839000 1.247252 
0.840000 1.237045 
0.841000 1.226794 
0.842000 1.216497 
0.843000 1.206156 
0.844000 1.195770 
0.845000 1.185340 
0.846000 1.174865 
0.847000 1.164347 
0.848000 1.153783 
0.849000 1.143176 
0.850000 1.132525 
0.851000 1.121830 
0.852000 1.111091 
0.853000 1.100309 
0.854000 1.089483 
0.855000 1.078614 
0.856000 1.067701 
0.857000 1.056746 
0.858000 1.045747 
0.859000 1.034705 
0.860000 1.023621 
0.861000 1.012494 
0.862000 1.001324 
0.863000 0.990111 
0.864000 0.978857 
0.865000 0.967560 
0.866000 0.956221 
0.867000 0.944840 
0.868000 0.933418 
0.869000 0.921953 
0.870000 0.910447 
0.871000 0.898900 
0.872000 0.887311 
0.873000 0.875681 
0.874000 0.864010 
0.875000 0.852298 
0.876000 0.840545 
0.877000 0.828752 
0.878000 0.816918 
0.879000 0.805044 
0.880000 0.793129 
0.881000 0.781174 
0.882000 0.769180 
0.883000 0.757146 
0.884000 0.745072 
0.885000 0.732958 
0.886000 0.720805 
0.887000 0.708613 
0.888000 0.696382 
0.889000 0.684112 
0.890000 0.671803 
0.891000 0.659456 
0.892000 0.647071 
0.893000 0.634647 
0.894000 0.622185 
0.895000 0.609685 
0.896000 0.597147 
0.897000 0.584572 
0.898000 0.571959 
0.899000 0.559309 
0.900000 0.546622 
0.901000 0.533898 
0.902000 0.521137 
0.903000 0.508340 
0.904000 0.495507 
0.905000 0.482637 
0.906000 0.469731 
0.907000 0.456790 
0.908000 0.443813 
0.909000 0.430800 
0.910000 0.417752 
0.911000 0.404670 
0.912000 0.391552 
0.913000 0.378400 
0.914000 0.365213 
0.915000 0.351992 
0.916000 0.338738 
0.917000 0.325449 
0.918000 0.312127 
0.919000 0.298771 
0.920000 0.285383 
0.921000 0.271961 
0.922000 0.258507 
0.923000 0.245020 
0.924000 0.231501 
0.925000 0.217950 
0.926000 0.204367 
0.927000 0.190753 
0.928000 0.177107 
0.929000 0.163430 
0.930000 0.149723 
0.931000 0.135985 
0.932000 0.122216 
0.933000 0.108418 
0.934000 0.094589 
0.935000 0.080731 
0.936000 0.066844 
0.937000 0.052928 
0.938000 0.038983 
0.939000 0.025010 
0.940000 0.011008 
0.941000 -0.003021 
0.942000 -0.017078 
0.943000 -0.031163 
0.944000 -0.045275 
0.945000 -0.059413 
0.946000 -0.073578 
0.947000 -0.087769 
0.948000 -0.101986 
0.949000 -0.116228 
0.950000 -0.130496 
0.951000 -0.144789 
0.952000 -0.159106 
0.953000 -0.173448 
0.954000 -0.187814 
0.955000 -0.202203 
0.956000 -0.216616 
0.957000 -0.231052 
0.958000 -0.245510 
0.959000 -0.259991 
0.960000 -0.274494 
0.961000 -0.289018 
0.962000 -0.303564 
0.963000 -0.318130 
0.964000 -0.332717 
0.965000 -0.347325 
0.966000 -0.361952 
0.967000 -0.376599 
0.968000 -0.391264 
0.969000 -0.405949 
0.970000 -0.420651 
0.971000 -0.435372 
0.972000 -0.450110 
0.973000 -0.464865 
0.974000 -0.479637 
0.975000 -0.494425 
0.976000 -0.509229 
0.977000 -0.524049 
0.978000 -0.538884 
0.979000 -0.553733 
0.980000 -0.568596 
0.981000 -0.583473 
0.982000 -0.598364 
0.983000 -0.613267 
0.984000 -0.628183 
0.985000 -0.643110 
0.986000 -0.658049 
0.987000 -0.672999 
0.988000 -0.687960 
0.989000 -0.702931 
0.990000 -0.717911 
0.991000 -0.732900 
0.992000 -0.747898 
0.993000 -0.762905 
0.994000 -0.777918 
0.995000 -0.792939 
0.996000 -0.807966 
0.997000 -0.823000 
0.998000 -0.838039 
0.999000 -0.853083 
1.000000 -0.868131 
1.001000 -0.883184 
1.002000 -0.898239 
1.003000 -0.913298 
1.004000 -0.928359 
1.005000 -0.943422 
1.006000 -0.958485 
1.007000 -0.973550 
1.008000 -0.988614 
1.009000 -1.003678 
1.010000 -1.018740 
1.011000 -1.033801 
1.012000 -1.048859 
1.013000 -1.063914 
1.014000 -1.078966 
1.015000 -1.094014 
1.016000 -1.109056 
1.017000 -1.124093 
1.018000 -1.139124 
1.019000 -1.154148 
1.020000 -1.169165 
1.021000 -1.184174 
1.022000 -1.199174 
1.023000 -1.214164 
1.024000 -1.229145 
1.025000 -1.244114 
1.026000 -1.259072 
1.027000 -1.274018 
1.028000 -1.288951 
1.029000 -1.303871 
1.030000 -1.318776 
1.031000 -1.333666 
1.032000 -1.348540 
1.033000 -1.363398 
1.034000 -1.378239 
1.035000 -1.393062 
1.036000 -1.407866 
1.037000 -1.422650 
1.038000 -1.437415 
1.039000 -1.452158 
1.040000 -1.466879 
1.041000 -1.481578 
1.042000 -1.496254 
1.043000 -1.510905 
1.044000 -1.525532 
1.045000 -1.540132 
1.046000 -1.554706 
1.047000 -1.569253 
1.048000 -1.583771 
1.049000 -1.598261 
1.050000 -1.612720 
1.051000 -1.627149 
1.052000 -1.641546 
1.053000 -1.655910 
1.054000 -1.670241 
1.055000 -1.684538 
1.056000 -1.698800 
1.057000 -1.713026 
1.058000 -1.727214 
1.059000 -1.741366 
1.060000 -1.755478 
1.061000 -1.769551 
1.062000 -1.783583 
1.063000 -1.797574 
1.064000 -1.811522 
1.065000 -1.825427 
1.066000 -1.839288 
1.067000 -1.853103 
1.068000 -1.866873 
1.069000 -1.880595 
1.070000 -1.894269 
1.071000 -1.907894 
1.072000 -1.921469 
1.073000 -1.934993 
1.074000 -1.948465 
1.075000 -1.961884 
1.076000 -1.975249 
1.077000 -1.988559 
1.078000 -2.001812 
1.079000 -2.015009 
1.080000 -2.028148 
1.081000 -2.041228 
1.082000 -2.054247 
1.083000 -2.067205 
1.084000 -2.080102 
1.085000 -2.092934 
1.086000 -2.105703 
1.087000 -2.118406 
1.088000 -2.131043 
1.089000 -2.143612 
1.090000 -2.156113 
1.091000 -2.168544 
1.092000 -2.180905 
1.093000 -2.193193 
1.094000 -2.205409 
1.095000 -2.217551 
1.096000 -2.229617 
1.097000 -2.241608 
1.098000 -2.253521 
1.099000 -2.265356 
1.100000 -2.277111 
1.101000 -2.288786 
1.102000 -2.300380 
1.103000 -2.311890 
1.104000 -2.323316 
1.105000 -2.334658 
1.106000 -2.345913 
1.107000 -2.357081 
1.108000 -2.368161 
1.109000 -2.379151 
1.110000 -2.390050 
1.111000 -2.400858 
1.112000 -2.411572 
1.113000 -2.422193 
1.114000 -2.432718 
1.115000 -2.443147 
1.116000 -2.453479 
1.117000 -2.463711 
1.118000 -2.473845 
1.119000 -2.483877 
1.120000 -2.493807 
1.121000 -2.503634 
1.122000 -2.513357 
1.123000 -2.522974 
1.124000 -2.532485 
1.125000 -2.541888 
1.126000 -2.551182 
1.127000 -2.560367 
1.128000 -2.569440 
1.129000 -2.578401 
1.130000 -2.587248 
1.131000 -2.595982 
1.132000 -2.604599 
1.133000 -2.613100 
1.134000 -2.621483 
1.135000 -2.629747 
1.136000 -2.637891 
1.137000 -2.645915 
1.138000 -2.653815 
1.139000 -2.661593 
1.140000 -2.669246 
1.141000 -2.676774 
1.142000 -2.684175 
1.143000 -2.691448 
1.144000 -2.698593 
1.145000 -2.705608 
1.146000 -2.712492 
1.147000 -2.719245 
1.148000 -2.725864 
1.149000 -2.732350 
1.150000 -2.738700 
1.151000 -2.744915 
1.152000 -2.750993 
1.153000 -2.756932 
1.154000 -2.762733 
1.155000 -2.768394 
1.156000 -2.773914 
1.157000 -2.779292 
1.158000 -2.784527 
1.159000 -2.789618 
1.160000 -2.794565 
1.161000 -2.799366 
1.162000 -2.804020 
1.163000 -2.808527 
1.164000 -2.812885 
1.165000 -2.817094 
1.166000 -2.821153 
1.167000 -2.825062 
1.168000 -2.828818 
1.169000 -2.832421 
1.170000 -2.835872 
1.171000 -2.839167 
1.172000 -2.842308 
1.173000 -2.845293 
1.174000 -2.848122 
1.175000 -2.850792 
1.176000 -2.853305 
1.177000 -2.855659 
1.178000 -2.857854 
1.179000 -2.859888 
1.180000 -2.861762 
1.181000 -2.863474 
1.182000 -2.865023 
1.183000 -2.866410 
1.184000 -2.867634 
1.185000 -2.868693 
1.186000 -2.869588 
1.187000 -2.870318 
1.188000 -2.870882 
1.189000 -2.871280 
1.190000 -2.871511 
1.191000 -2.871576 
1.192000 -2.871472 
1.193000 -2.871200 
1.194000 -2.870760 
1.195000 -2.870151 
1.196000 -2.869373 
1.197000 -2.868425 
1.198000 -2.867307 
1.199000 -2.866019 
1.200000 -2.864560 
1.201000 -2.862930 
1.202000 -2.861129 
1.203000 -2.859156 
1.204000 -2.857012 
1.205000 -2.854696 
1.206000 -2.852208 
1.207000 -2.849548 
1.208000 -2.846715 
1.209000 -2.843710 
1.210000 -2.840533 
1.211000 -2.837183 
1.212000 -2.833660 
1.213000 -2.829964 
1.214000 -2.826096 
1.215000 -2.822055 
1.216000 -2.817842 
1.217000 -2.813456 
1.218000 -2.808898 
1.219000 -2.804167 
1.220000 -2.799264 
1.221000 -2.794189 
1.222000 -2.788942 
1.223000 -2.783524 
1.224000 -2.777934 
1.225000 -2.772172 
1.226000 -2.766240 
1.227000 -2.760138 
1.228000 -2.753865 
1.229000 -2.747422 
1.230000 -2.740809 
1.231000 -2.734027 
1.232000 -2.727077 
1.233000 -2.719958 
1.234000 -2.712671 
1.235000 -2.705217 
1.236000 -2.697596 
1.237000 -2.689809 
1.238000 -2.681856 
1.239000 -2.673737 
1.240000 -2.665454 
1.241000 -2.657007 
1.242000 -2.648397 
1.243000 -2.639624 
1.244000 -2.630688 
1.245000 -2.621592 
1.246000 -2.612335 
1.247000 -2.602918 
1.248000 -2.593342 
1.249000 -2.583608 
1.250000 -2.573716 
1.251000 -2.563668 
1.252000 -2.553464 
1.253000 -2.543105 
1.254000 -2.532592 
1.255000 -2.521927 
1.256000 -2.511109 
1.257000 -2.500140 
1.258000 -2.489020 
1.259000 -2.477752 
1.260000 -2.466336 
1.261000 -2.454772 
1.262000 -2.443063 
1.263000 -2.431208 
1.264000 -2.419210 
1.265000 -2.407069 
1.266000 -2.394787 
1.267000 -2.382364 
1.268000 -2.369801 
1.269000 -2.357101 
1.270000 -2.344264 
1.271000 -2.331291 
1.272000 -2.318183 
1.273000 -2.304943 
1.274000 -2.291570 
1.275000 -2.278067 
1.276000 -2.264434 
1.277000 -2.250674 
1.278000 -2.236787 
1.279000 -2.222774 
1.280000 -2.208637 
1.281000 -2.194378 
1.282000 -2.179997 
1.283000 -2.165497 
1.284000 -2.150877 
1.285000 -2.136141 
1.286000 -2.121289 
1.287000 -2.106323 
1.288000 -2.091244 
1.289000 -2.076054 
1.290000 -2.060754 
1.291000 -2.045346 
1.292000 -2.029830 
1.293000 -2.014209 
1.294000 -1.998485 
1.295000 -1.982658 
1.296000 -1.966730 
1.297000 -1.950702 
1.298000 -1.934577 
1.299000 -1.918356 
1.300000 -1.902040 
1.301000 -1.885630 
1.302000 -1.869129 
1.303000 -1.852538 
1.304000 -1.835859 
1.305000 -1.819092 
1.306000 -1.802241 
1.307000 -1.785305 
1.308000 -1.768287 
1.309000 -1.751189 
1.310000 -1.734012 
1.311000 -1.716757 
1.312000 -1.699427 
1.313000 -1.682022 
1.314000 -1.664545 
1.315000 -1.646996 
1.316000 -1.629379 
1.317000 -1.611693 
1.318000 -1.593941 
1.319000 -1.576125 
1.320000 -1.558246 
1.321000 -1.540305 
1.322000 -1.522304 
1.323000 -1.504246 
1.324000 -1.486130 
1.325000 -1.467960 
1.326000 -1.449736 
1.327000 -1.431461 
1.328000 -1.413135 
1.329000 -1.394760 
1.330000 -1.376338 
1.331000 -1.357871 
1.332000 -1.339360 
1.333000 -1.320806 
1.334000 -1.302212 
1.335000 -1.283578 
1.336000 -1.264907 
1.337000 -1.246200 
1.338000 -1.227457 
1.339000 -1.208682 
1.340000 -1.189875 
1.341000 -1.171038 
1.342000 -1.152173 
1.343000 -1.133281 
1.344000 -1.114363 
1.345000 -1.095421 
1.346000 -1.076456 
1.347000 -1.057470 
1.348000 -1.038465 
1.349000 -1.019442 
1.350000 -1.000402 
1.351000 -0.981346 
1.352000 -0.962277 
1.353000 -0.943196 
1.354000 -0.924103 
1.355000 -0.905001 
1.356000 -0.885891 
1.357000 -0.866774 
1.358000 -0.847652 
1.359000 -0.828526 
1.360000 -0.809397 
1.361000 -0.790266 
1.362000 -0.771136 
1.363000 -0.752007 
1.364000 -0.732881 
1.365000 -0.713759 
1.366000 -0.694642 
1.367000 -0.675531 
1.368000 -0.656429 
1.369000 -0.637335 
1.370000 -0.618252 
1.371000 -0.599181 
1.372000 -0.580122 
1.373000 -0.561078 
1.374000 -0.542048 
1.375000 -0.523036 
1.376000 -0.504040 
1.377000 -0.485064 
1.378000 -0.466108 
1.379000 -0.447172 
1.380000 -0.428259 
1.381000 -0.409370 
1.382000 -0.390505 
1.383000 -0.371665 
1.384000 -0.352852 
1.385000 -0.334067 
1.386000 -0.315311 
1.387000 -0.296584 
1.388000 -0.277889 
1.389000 -0.259226 
1.390000 -0.240595 
1.391000 -0.221998 
1.392000 -0.203437 
1.393000 -0.184911 
1.394000 -0.166423 
1.395000 -0.147972 
1.396000 -0.129560 
1.397000 -0.111187 
1.398000 -0.092856 
1.399000 -0.074566 
1.400000 -0.056318 
1.401000 -0.038114 
1.402000 -0.019953 
1.403000 -0.001838 
1.404000 0.016231 
1.405000 0.034253 
1.406000 0.052228 
1.407000 0.070154 
1.408000 0.088031 
1.409000 0.105859 
1.410000 0.123635 
1.411000 0.141360 
1.412000 0.159033 
1.413000 0.176653 
1.414000 0.194219 
1.415000 0.211730 
1.416000 0.229187 
1.417000 0.246587 
1.418000 0.263932 
1.419000 0.281218 
1.420000 0.298448 
1.421000 0.315618 
1.422000 0.332730 
1.423000 0.349781 
1.424000 0.366773 
1.425000 0.383703 
1.426000 0.400572 
1.427000 0.417378 
1.428000 0.434122 
1.429000 0.450803 
1.430000 0.467419 
1.431000 0.483972 
1.432000 0.500459 
1.433000 0.516881 
1.434000 0.533237 
1.435000 0.549527 
1.436000 0.565749 
1.437000 0.581905 
1.438000 0.597992 
1.439000 0.614011 
1.440000 0.629961 
1.441000 0.645842 
1.442000 0.661653 
1.443000 0.677395 
1.444000 0.693065 
1.445000 0.708665 
1.446000 0.724194 
1.447000 0.739650 
1.448000 0.755035 
1.449000 0.770347 
1.450000 0.785587 
1.451000 0.800753 
1.452000 0.815846 
1.453000 0.830865 
1.454000 0.845810 
1.455000 0.860681 
1.456000 0.875477 
1.457000 0.890197 
1.458000 0.904842 
1.459000 0.919412 
1.460000 0.933906 
1.461000 0.948323 
1.462000 0.962665 
1.463000 0.976929 
1.464000 0.991116 
1.465000 1.005227 
1.466000 1.019260 
1.467000 1.033215 
1.468000 1.047092 
1.469000 1.060892 
1.470000 1.074613 
1.471000 1.088255 
1.472000 1.101819 
1.473000 1.115304 
1.474000 1.128710 
1.475000 1.142037 
1.476000 1.155285 
1.477000 1.168453 
1.478000 1.181542 
1.479000 1.194550 
1.480000 1.207479 
1.481000 1.220328 
1.482000 1.233096 
1.483000 1.245785 
1.484000 1.258392 
1.485000 1.270920 
1.486000 1.283366 
1.487000 1.295732 
1.488000 1.308017 
1.489000 1.320222 
1.490000 1.332345 
1.491000 1.344387 
1.492000 1.356348 
1.493000 1.368228 
1.494000 1.380026 
1.495000 1.391744 
1.496000 1.403380 
1.497000 1.414934 
1.498000 1.426407 
1.499000 1.437799 
