# time Tc_folded Tref_folded model model_err 
59318.650141 0.000000 0.000000     1.699206     0.861087 
59318.687751 0.000000 0.000000     1.687404     0.860866 
59318.725361 0.000000 0.000000     1.675630     0.860639 
59318.762971 0.000000 0.000000     1.663886     0.860405 
59318.800582 0.000000 0.000000     1.652177     0.860165 
59318.838192 0.000000 0.000000     1.640506     0.859919 
59318.875802 0.000000 0.000000     1.628876     0.859666 
59318.913412 0.000000 0.000000     1.617291     0.859408 
59318.951022 0.000000 0.000000     1.605754     0.859145 
59318.988632 0.000000 0.000000     1.594268     0.858876 
59319.026243 0.000000 0.000000     1.582838     0.858601 
59319.063853 0.000000 0.000000     1.571465     0.858321 
59319.101463 0.000000 0.000000     1.560153     0.858036 
59319.139073 0.000000 0.000000     1.548907     0.857747 
59319.176683 0.000000 0.000000     1.537727     0.857453 
59319.214293 0.000000 0.000000     1.526619     0.857154 
59319.251903 0.000000 0.000000     1.515585     0.856850 
59319.289514 0.000000 0.000000     1.504628     0.856543 
59319.327124 0.000000 0.000000     1.493751     0.856231 
59319.364734 0.000000 0.000000     1.482957     0.855916 
59319.402344 0.000000 0.000000     1.472250     0.855597 
59319.439954 0.000000 0.000000     1.461632     0.855274 
59319.477564 0.000000 0.000000     1.451107     0.854948 
59319.515175 0.000000 0.000000     1.440676     0.854618 
59319.552785 0.000000 0.000000     1.430344     0.854286 
59319.590395 0.000000 0.000000     1.420112     0.853950 
59319.628005 0.000000 0.000000     1.409984     0.853612 
59319.665615 0.000000 0.000000     1.399963     0.853270 
59319.703225 0.000000 0.000000     1.390051     0.852927 
59319.740836 0.000000 0.000000     1.380251     0.852581 
59319.778446 0.000000 0.000000     1.370565     0.852232 
59319.816056 0.000000 0.000000     1.360997     0.851882 
59319.853666 0.000000 0.000000     1.351549     0.851530 
59319.891276 0.000000 0.000000     1.342223     0.851175 
59319.928886 0.000000 0.000000     1.333022     0.850820 
59319.966496 0.000000 0.000000     1.323948     0.850462 
59320.004107 0.000000 0.000000     1.315005     0.850103 
59320.041717 0.000000 0.000000     1.306194     0.849743 
59320.079327 0.000000 0.000000     1.297517     0.849382 
59320.116937 0.000000 0.000000     1.288978     0.849020 
59320.154547 0.000000 0.000000     1.280578     0.848656 
59320.192157 0.000000 0.000000     1.272320     0.848292 
59320.229768 0.000000 0.000000     1.264206     0.847927 
59320.267378 0.000000 0.000000     1.256237     0.847562 
59320.304988 0.000000 0.000000     1.248417     0.847196 
59320.342598 0.000000 0.000000     1.240748     0.846830 
59320.380208 0.000000 0.000000     1.233230     0.846464 
59320.417818 0.000000 0.000000     1.225867     0.846097 
59320.455428 0.000000 0.000000     1.218661     0.845731 
59320.493039 0.000000 0.000000     1.211613     0.845364 
59320.530649 0.000000 0.000000     1.204725     0.844998 
59320.568259 0.000000 0.000000     1.198000     0.844632 
59320.605869 0.000000 0.000000     1.191438     0.844266 
59320.643479 0.000000 0.000000     1.185043     0.843901 
59320.681089 0.000000 0.000000     1.178814     0.843536 
59320.718700 0.000000 0.000000     1.172756     0.843171 
59320.756310 0.000000 0.000000     1.166868     0.842808 
59320.793920 0.000000 0.000000     1.161153     0.842445 
59320.831530 0.000000 0.000000     1.155611     0.842082 
59320.869140 0.000000 0.000000     1.150246     0.841721 
59320.906750 0.000000 0.000000     1.145058     0.841360 
59320.944360 0.000000 0.000000     1.140049     0.841001 
59320.981971 0.000000 0.000000     1.135220     0.840642 
59321.019581 0.000000 0.000000     1.130572     0.840285 
59321.057191 0.000000 0.000000     1.126108     0.839928 
59321.094801 0.000000 0.000000     1.121827     0.839573 
59321.132411 0.000000 0.000000     1.117732     0.839219 
59321.170021 0.000000 0.000000     1.113824     0.838866 
59321.207632 0.000000 0.000000     1.110104     0.838515 
59321.245242 0.000000 0.000000     1.106573     0.838164 
59321.282852 0.000000 0.000000     1.103232     0.837816 
59321.320462 0.000000 0.000000     1.100082     0.837468 
59321.358072 0.000000 0.000000     1.097125     0.837122 
59321.395682 0.000000 0.000000     1.094361     0.836778 
59321.433293 0.000000 0.000000     1.091791     0.836434 
59321.470903 0.000000 0.000000     1.089416     0.836093 
59321.508513 0.000000 0.000000     1.087237     0.835752 
59321.546123 0.000000 0.000000     1.085255     0.835414 
59321.583733 0.000000 0.000000     1.083470     0.835077 
59321.621343 0.000000 0.000000     1.081884     0.834741 
59321.658953 0.000000 0.000000     1.080496     0.834407 
59321.696564 0.000000 0.000000     1.079308     0.834074 
59321.734174 0.000000 0.000000     1.078321     0.833743 
59321.771784 0.000000 0.000000     1.077534     0.833414 
59321.809394 0.000000 0.000000     1.076949     0.833086 
59321.847004 0.000000 0.000000     1.076565     0.832760 
59321.884614 0.000000 0.000000     1.076384     0.832435 
59321.922225 0.000000 0.000000     1.076405     0.832112 
59321.959835 0.000000 0.000000     1.076629     0.831790 
59321.997445 0.000000 0.000000     1.077056     0.831470 
59322.035055 0.000000 0.000000     1.077688     0.831151 
59322.072665 0.000000 0.000000     1.078522     0.830834 
59322.110275 0.000000 0.000000     1.079561     0.830518 
59322.147885 0.000000 0.000000     1.080804     0.830204 
59322.185496 0.000000 0.000000     1.082251     0.829891 
59322.223106 0.000000 0.000000     1.083903     0.829580 
59322.260716 0.000000 0.000000     1.085758     0.829270 
59322.298326 0.000000 0.000000     1.087818     0.828962 
59322.335936 0.000000 0.000000     1.090082     0.828655 
59322.373546 0.000000 0.000000     1.092550     0.828350 
59322.411157 0.000000 0.000000     1.095222     0.828046 
59322.448767 0.000000 0.000000     1.098098     0.827743 
59322.486377 0.000000 0.000000     1.101177     0.827441 
59322.523987 0.000000 0.000000     1.104459     0.827141 
59322.561597 0.000000 0.000000     1.107944     0.826843 
59322.599207 0.000000 0.000000     1.111631     0.826545 
59322.636817 0.000000 0.000000     1.115520     0.826249 
59322.674428 0.000000 0.000000     1.119610     0.825954 
59322.712038 0.000000 0.000000     1.123901     0.825661 
59322.749648 0.000000 0.000000     1.128393     0.825368 
59322.787258 0.000000 0.000000     1.133084     0.825077 
59322.824868 0.000000 0.000000     1.137974     0.824787 
59322.862478 0.000000 0.000000     1.143063     0.824498 
59322.900089 0.000000 0.000000     1.148349     0.824210 
59322.937699 0.000000 0.000000     1.153832     0.823923 
59322.975309 0.000000 0.000000     1.159511     0.823638 
59323.012919 0.000000 0.000000     1.165385     0.823353 
59323.050529 0.000000 0.000000     1.171452     0.823070 
59323.088139 0.000000 0.000000     1.177713     0.822787 
59323.125750 0.000000 0.000000     1.184166     0.822506 
59323.163360 0.000000 0.000000     1.190809     0.822225 
59323.200970 0.000000 0.000000     1.197643     0.821946 
59323.238580 0.000000 0.000000     1.204665     0.821668 
59323.276190 0.000000 0.000000     1.211874     0.821390 
59323.313800 0.000000 0.000000     1.219269     0.821113 
59323.351410 0.000000 0.000000     1.226849     0.820838 
59323.389021 0.000000 0.000000     1.234612     0.820563 
59323.426631 0.000000 0.000000     1.242557     0.820289 
59323.464241 0.000000 0.000000     1.250683     0.820016 
59323.501851 0.000000 0.000000     1.258987     0.819744 
59323.539461 0.000000 0.000000     1.267469     0.819472 
59323.577071 0.000000 0.000000     1.276126     0.819201 
59323.614682 0.000000 0.000000     1.284957     0.818931 
59323.652292 0.000000 0.000000     1.293960     0.818662 
59323.689902 0.000000 0.000000     1.303134     0.818394 
59323.727512 0.000000 0.000000     1.312476     0.818126 
59323.765122 0.000000 0.000000     1.321985     0.817859 
59323.802732 0.000000 0.000000     1.331659     0.817593 
59323.840342 0.000000 0.000000     1.341496     0.817327 
59323.877953 0.000000 0.000000     1.351493     0.817063 
59323.915563 0.000000 0.000000     1.361649     0.816798 
59323.953173 0.000000 0.000000     1.371961     0.816535 
59323.990783 0.000000 0.000000     1.382428     0.816271 
59324.028393 0.000000 0.000000     1.393047     0.816009 
59324.066003 0.000000 0.000000     1.403815     0.815747 
59324.103614 0.000000 0.000000     1.414731     0.815486 
59324.141224 0.000000 0.000000     1.425792     0.815225 
59324.178834 0.000000 0.000000     1.436996     0.814964 
59324.216444 0.000000 0.000000     1.448340     0.814704 
59324.254054 0.000000 0.000000     1.459821     0.814445 
59324.291664 0.000000 0.000000     1.471437     0.814186 
59324.329274 0.000000 0.000000     1.483186     0.813927 
59324.366885 0.000000 0.000000     1.495064     0.813669 
59324.404495 0.000000 0.000000     1.507069     0.813411 
59324.442105 0.000000 0.000000     1.519198     0.813153 
59324.479715 0.000000 0.000000     1.531448     0.812895 
59324.517325 0.000000 0.000000     1.543817     0.812638 
59324.554935 0.000000 0.000000     1.556301     0.812381 
59324.592546 0.000000 0.000000     1.568897     0.812125 
59324.630156 0.000000 0.000000     1.581603     0.811868 
59324.667766 0.000000 0.000000     1.594415     0.811611 
59324.705376 0.000000 0.000000     1.607329     0.811355 
59324.742986 0.000000 0.000000     1.620344     0.811099 
59324.780596 0.000000 0.000000     1.633455     0.810842 
59324.818207 0.000000 0.000000     1.646660     0.810586 
59324.855817 0.000000 0.000000     1.659954     0.810329 
59324.893427 0.000000 0.000000     1.673336     0.810072 
59324.931037 0.000000 0.000000     1.686800     0.809815 
59324.968647 0.000000 0.000000     1.700344     0.809558 
59325.006257 0.000000 0.000000     1.713964     0.809301 
59325.043867 0.000000 0.000000     1.727657     0.809043 
59325.081478 0.000000 0.000000     1.741418     0.808784 
59325.119088 0.000000 0.000000     1.755245     0.808526 
59325.156698 0.000000 0.000000     1.769134     0.808266 
59325.194308 0.000000 0.000000     1.783080     0.808006 
59325.231918 0.000000 0.000000     1.797081     0.807746 
59325.269528 0.000000 0.000000     1.811131     0.807484 
59325.307139 0.000000 0.000000     1.825228     0.807222 
59325.344749 0.000000 0.000000     1.839368     0.806959 
59325.382359 0.000000 0.000000     1.853546     0.806695 
59325.419969 0.000000 0.000000     1.867758     0.806430 
59325.457579 0.000000 0.000000     1.882001     0.806163 
59325.495189 0.000000 0.000000     1.896270     0.805896 
59325.532799 0.000000 0.000000     1.910561     0.805627 
59325.570410 0.000000 0.000000     1.924871     0.805356 
59325.608020 0.000000 0.000000     1.939194     0.805085 
59325.645630 0.000000 0.000000     1.953528     0.804811 
59325.683240 0.000000 0.000000     1.967866     0.804536 
59325.720850 0.000000 0.000000     1.982206     0.804259 
59325.758460 0.000000 0.000000     1.996543     0.803980 
59325.796071 0.000000 0.000000     2.010872     0.803699 
59325.833681 0.000000 0.000000     2.025190     0.803416 
59325.871291 0.000000 0.000000     2.039491     0.803131 
59325.908901 0.000000 0.000000     2.053771     0.802843 
59325.946511 0.000000 0.000000     2.068027     0.802553 
59325.984121 0.000000 0.000000     2.082252     0.802260 
59326.021731 0.000000 0.000000     2.096444     0.801964 
59326.059342 0.000000 0.000000     2.110597     0.801666 
59326.096952 0.000000 0.000000     2.124707     0.801364 
59326.134562 0.000000 0.000000     2.138769     0.801059 
59326.172172 0.000000 0.000000     2.152779     0.800751 
59326.209782 0.000000 0.000000     2.166731     0.800440 
59326.247392 0.000000 0.000000     2.180622     0.800125 
59326.285003 0.000000 0.000000     2.194447     0.799806 
59326.322613 0.000000 0.000000     2.208201     0.799484 
59326.360223 0.000000 0.000000     2.221880     0.799157 
59326.397833 0.000000 0.000000     2.235478     0.798826 
59326.435443 0.000000 0.000000     2.248991     0.798491 
59326.473053 0.000000 0.000000     2.262415     0.798152 
59326.510664 0.000000 0.000000     2.275745     0.797807 
59326.548274 0.000000 0.000000     2.288975     0.797458 
59326.585884 0.000000 0.000000     2.302102     0.797104 
59326.623494 0.000000 0.000000     2.315120     0.796745 
59326.661104 0.000000 0.000000     2.328025     0.796380 
59326.698714 0.000000 0.000000     2.340812     0.796010 
59326.736324 0.000000 0.000000     2.353477     0.795634 
59326.773935 0.000000 0.000000     2.366014     0.795253 
59326.811545 0.000000 0.000000     2.378419     0.794865 
59326.849155 0.000000 0.000000     2.390688     0.794471 
59326.886765 0.000000 0.000000     2.402815     0.794071 
59326.924375 0.000000 0.000000     2.414796     0.793664 
59326.961985 0.000000 0.000000     2.426626     0.793250 
59326.999596 0.000000 0.000000     2.438301     0.792830 
59327.037206 0.000000 0.000000     2.449816     0.792402 
59327.074816 0.000000 0.000000     2.461166     0.791967 
59327.112426 0.000000 0.000000     2.472347     0.791524 
59327.150036 0.000000 0.000000     2.483355     0.791074 
59327.187646 0.000000 0.000000     2.494183     0.790616 
59327.225256 0.000000 0.000000     2.504829     0.790149 
59327.262867 0.000000 0.000000     2.515288     0.789674 
59327.300477 0.000000 0.000000     2.525555     0.789191 
59327.338087 0.000000 0.000000     2.535625     0.788699 
59327.375697 0.000000 0.000000     2.545494     0.788198 
59327.413307 0.000000 0.000000     2.555159     0.787688 
59327.450917 0.000000 0.000000     2.564614     0.787169 
59327.488528 0.000000 0.000000     2.573855     0.786640 
59327.526138 0.000000 0.000000     2.582878     0.786102 
59327.563748 0.000000 0.000000     2.591678     0.785553 
59327.601358 0.000000 0.000000     2.600253     0.784995 
59327.638968 0.000000 0.000000     2.608596     0.784426 
59327.676578 0.000000 0.000000     2.616705     0.783847 
59327.714188 0.000000 0.000000     2.624575     0.783257 
59327.751799 0.000000 0.000000     2.632202     0.782656 
59327.789409 0.000000 0.000000     2.639583     0.782043 
59327.827019 0.000000 0.000000     2.646713     0.781420 
59327.864629 0.000000 0.000000     2.653588     0.780785 
59327.902239 0.000000 0.000000     2.660205     0.780139 
59327.939849 0.000000 0.000000     2.666560     0.779480 
59327.977460 0.000000 0.000000     2.672649     0.778810 
59328.015070 0.000000 0.000000     2.678470     0.778127 
59328.052680 0.000000 0.000000     2.684017     0.777431 
59328.090290 0.000000 0.000000     2.689288     0.776724 
59328.127900 0.000000 0.000000     2.694279     0.776003 
59328.165510 0.000000 0.000000     2.698988     0.775269 
59328.203121 0.000000 0.000000     2.703410     0.774522 
59328.240731 0.000000 0.000000     2.707543     0.773761 
59328.278341 0.000000 0.000000     2.711383     0.772987 
59328.315951 0.000000 0.000000     2.714927     0.772199 
59328.353561 0.000000 0.000000     2.718173     0.771398 
59328.391171 0.000000 0.000000     2.721117     0.770582 
59328.428781 0.000000 0.000000     2.723757     0.769752 
59328.466392 0.000000 0.000000     2.726090     0.768907 
59328.504002 0.000000 0.000000     2.728114     0.768048 
59328.541612 0.000000 0.000000     2.729825     0.767174 
59328.579222 0.000000 0.000000     2.731221     0.766285 
59328.616832 0.000000 0.000000     2.732301     0.765380 
59328.654442 0.000000 0.000000     2.733061     0.764461 
59328.692053 0.000000 0.000000     2.733500     0.763526 
59328.729663 0.000000 0.000000     2.733615     0.762576 
59328.767273 0.000000 0.000000     2.733405     0.761610 
59328.804883 0.000000 0.000000     2.732866     0.760628 
59328.842493 0.000000 0.000000     2.731999     0.759630 
59328.880103 0.000000 0.000000     2.730801     0.758616 
59328.917713 0.000000 0.000000     2.729270     0.757586 
59328.955324 0.000000 0.000000     2.727404     0.756539 
59328.992934 0.000000 0.000000     2.725203     0.755476 
59329.030544 0.000000 0.000000     2.722666     0.754396 
59329.068154 0.000000 0.000000     2.719790     0.753300 
59329.105764 0.000000 0.000000     2.716575     0.752186 
59329.143374 0.000000 0.000000     2.713020     0.751056 
59329.180985 0.000000 0.000000     2.709123     0.749909 
59329.218595 0.000000 0.000000     2.704885     0.748744 
59329.256205 0.000000 0.000000     2.700304     0.747562 
59329.293815 0.000000 0.000000     2.695380     0.746363 
59329.331425 0.000000 0.000000     2.690113     0.745147 
59329.369035 0.000000 0.000000     2.684502     0.743913 
59329.406645 0.000000 0.000000     2.678547     0.742661 
59329.444256 0.000000 0.000000     2.672247     0.741392 
59329.481866 0.000000 0.000000     2.665603     0.740105 
59329.519476 0.000000 0.000000     2.658616     0.738801 
59329.557086 0.000000 0.000000     2.651284     0.737479 
59329.594696 0.000000 0.000000     2.643609     0.736138 
59329.632306 0.000000 0.000000     2.635591     0.734780 
59329.669917 0.000000 0.000000     2.627230     0.733405 
59329.707527 0.000000 0.000000     2.618528     0.732011 
59329.745137 0.000000 0.000000     2.609485     0.730599 
59329.782747 0.000000 0.000000     2.600101     0.729169 
59329.820357 0.000000 0.000000     2.590379     0.727722 
59329.857967 0.000000 0.000000     2.580319     0.726256 
59329.895578 0.000000 0.000000     2.569923     0.724772 
59329.933188 0.000000 0.000000     2.559191     0.723271 
59329.970798 0.000000 0.000000     2.548126     0.721751 
59330.008408 0.000000 0.000000     2.536729     0.720214 
59330.046018 0.000000 0.000000     2.525002     0.718659 
59330.083628 0.000000 0.000000     2.512946     0.717086 
59330.121238 0.000000 0.000000     2.500564     0.715495 
59330.158849 0.000000 0.000000     2.487858     0.713886 
59330.196459 0.000000 0.000000     2.474830     0.712260 
59330.234069 0.000000 0.000000     2.461483     0.710616 
59330.271679 0.000000 0.000000     2.447818     0.708955 
59330.309289 0.000000 0.000000     2.433839     0.707276 
59330.346899 0.000000 0.000000     2.419547     0.705580 
59330.384510 0.000000 0.000000     2.404947     0.703866 
59330.422120 0.000000 0.000000     2.390041     0.702136 
59330.459730 0.000000 0.000000     2.374831     0.700388 
59330.497340 0.000000 0.000000     2.359321     0.698623 
59330.534950 0.000000 0.000000     2.343515     0.696842 
59330.572560 0.000000 0.000000     2.327415     0.695044 
59330.610170 0.000000 0.000000     2.311026     0.693230 
59330.647781 0.000000 0.000000     2.294350     0.691399 
59330.685391 0.000000 0.000000     2.277392     0.689552 
59330.723001 0.000000 0.000000     2.260155     0.687689 
59330.760611 0.000000 0.000000     2.242642     0.685810 
59330.798221 0.000000 0.000000     2.224860     0.683915 
59330.835831 0.000000 0.000000     2.206810     0.682005 
59330.873442 0.000000 0.000000     2.188498     0.680080 
59330.911052 0.000000 0.000000     2.169927     0.678140 
59330.948662 0.000000 0.000000     2.151103     0.676185 
59330.986272 0.000000 0.000000     2.132030     0.674216 
59331.023882 0.000000 0.000000     2.112712     0.672232 
59331.061492 0.000000 0.000000     2.093154     0.670234 
59331.099102 0.000000 0.000000     2.073361     0.668223 
59331.136713 0.000000 0.000000     2.053338     0.666197 
59331.174323 0.000000 0.000000     2.033090     0.664159 
59331.211933 0.000000 0.000000     2.012622     0.662108 
59331.249543 0.000000 0.000000     1.991938     0.660044 
59331.287153 0.000000 0.000000     1.971045     0.657968 
59331.324763 0.000000 0.000000     1.949948     0.655879 
59331.362374 0.000000 0.000000     1.928651     0.653780 
59331.399984 0.000000 0.000000     1.907162     0.651668 
59331.437594 0.000000 0.000000     1.885484     0.649546 
59331.475204 0.000000 0.000000     1.863624     0.647414 
59331.512814 0.000000 0.000000     1.841588     0.645271 
59331.550424 0.000000 0.000000     1.819381     0.643118 
59331.588035 0.000000 0.000000     1.797010     0.640956 
59331.625645 0.000000 0.000000     1.774479     0.638785 
59331.663255 0.000000 0.000000     1.751796     0.636605 
59331.700865 0.000000 0.000000     1.728966     0.634417 
59331.738475 0.000000 0.000000     1.705995     0.632222 
59331.776085 0.000000 0.000000     1.682890     0.630019 
59331.813695 0.000000 0.000000     1.659657     0.627809 
59331.851306 0.000000 0.000000     1.636302     0.625593 
59331.888916 0.000000 0.000000     1.612831     0.623371 
59331.926526 0.000000 0.000000     1.589251     0.621144 
59331.964136 0.000000 0.000000     1.565569     0.618912 
59332.001746 0.000000 0.000000     1.541790     0.616676 
59332.039356 0.000000 0.000000     1.517922     0.614436 
59332.076967 0.000000 0.000000     1.493970     0.612193 
59332.114577 0.000000 0.000000     1.469943     0.609947 
59332.152187 0.000000 0.000000     1.445845     0.607699 
59332.189797 0.000000 0.000000     1.421684     0.605449 
59332.227407 0.000000 0.000000     1.397467     0.603199 
59332.265017 0.000000 0.000000     1.373200     0.600948 
59332.302627 0.000000 0.000000     1.348890     0.598698 
59332.340238 0.000000 0.000000     1.324545     0.596448 
59332.377848 0.000000 0.000000     1.300169     0.594200 
59332.415458 0.000000 0.000000     1.275772     0.591954 
59332.453068 0.000000 0.000000     1.251358     0.589711 
59332.490678 0.000000 0.000000     1.226936     0.587471 
59332.528288 0.000000 0.000000     1.202512     0.585236 
59332.565899 0.000000 0.000000     1.178092     0.583005 
59332.603509 0.000000 0.000000     1.153685     0.580780 
59332.641119 0.000000 0.000000     1.129296     0.578561 
59332.678729 0.000000 0.000000     1.104932     0.576349 
59332.716339 0.000000 0.000000     1.080601     0.574144 
59332.753949 0.000000 0.000000     1.056309     0.571948 
59332.791559 0.000000 0.000000     1.032062     0.569761 
59332.829170 0.000000 0.000000     1.007869     0.567583 
59332.866780 0.000000 0.000000     0.983735     0.565416 
59332.904390 0.000000 0.000000     0.959667     0.563261 
59332.942000 0.000000 0.000000     0.935673     0.561117 
59332.979610 0.000000 0.000000     0.911758     0.558986 
59333.017220 0.000000 0.000000     0.887930     0.556869 
59333.054831 0.000000 0.000000     0.864195     0.554766 
59333.092441 0.000000 0.000000     0.840560     0.552678 
59333.130051 0.000000 0.000000     0.817031     0.550605 
59333.167661 0.000000 0.000000     0.793616     0.548549 
59333.205271 0.000000 0.000000     0.770319     0.546511 
59333.242881 0.000000 0.000000     0.747149     0.544490 
59333.280492 0.000000 0.000000     0.724112     0.542488 
59333.318102 0.000000 0.000000     0.701213     0.540506 
59333.355712 0.000000 0.000000     0.678459     0.538544 
59333.393322 0.000000 0.000000     0.655857     0.536603 
59333.430932 0.000000 0.000000     0.633412     0.534683 
59333.468542 0.000000 0.000000     0.611132     0.532786 
59333.506152 0.000000 0.000000     0.589021     0.530912 
59333.543763 0.000000 0.000000     0.567086     0.529062 
59333.581373 0.000000 0.000000     0.545333     0.527236 
59333.618983 0.000000 0.000000     0.523768     0.525435 
59333.656593 0.000000 0.000000     0.502396     0.523661 
59333.694203 0.000000 0.000000     0.481224     0.521912 
59333.731813 0.000000 0.000000     0.460257     0.520191 
59333.769424 0.000000 0.000000     0.439501     0.518497 
59333.807034 0.000000 0.000000     0.418961     0.516832 
59333.844644 0.000000 0.000000     0.398642     0.515195 
59333.882254 0.000000 0.000000     0.378551     0.513588 
59333.919864 0.000000 0.000000     0.358691     0.512010 
59333.957474 0.000000 0.000000     0.339070     0.510463 
59333.995084 0.000000 0.000000     0.319690     0.508947 
59334.032695 0.000000 0.000000     0.300558     0.507462 
59334.070305 0.000000 0.000000     0.281679     0.506008 
59334.107915 0.000000 0.000000     0.263056     0.504586 
59334.145525 0.000000 0.000000     0.244695     0.503197 
59334.183135 0.000000 0.000000     0.226601     0.501840 
59334.220745 0.000000 0.000000     0.208778     0.500517 
59334.258356 0.000000 0.000000     0.191230     0.499226 
59334.295966 0.000000 0.000000     0.173962     0.497969 
59334.333576 0.000000 0.000000     0.156977     0.496746 
59334.371186 0.000000 0.000000     0.140280     0.495556 
59334.408796 0.000000 0.000000     0.123875     0.494400 
59334.446406 0.000000 0.000000     0.107765     0.493278 
59334.484016 0.000000 0.000000     0.091955     0.492190 
59334.521627 0.000000 0.000000     0.076447     0.491136 
59334.559237 0.000000 0.000000     0.061246     0.490116 
59334.596847 0.000000 0.000000     0.046354     0.489130 
59334.634457 0.000000 0.000000     0.031776     0.488178 
59334.672067 0.000000 0.000000     0.017513     0.487260 
59334.709677 0.000000 0.000000     0.003569     0.486375 
59334.747288 0.000000 0.000000    -0.010052     0.485523 
59334.784898 0.000000 0.000000    -0.023349     0.484705 
59334.822508 0.000000 0.000000    -0.036319     0.483920 
59334.860118 0.000000 0.000000    -0.048959     0.483167 
59334.897728 0.000000 0.000000    -0.061267     0.482446 
59334.935338 0.000000 0.000000    -0.073240     0.481758 
59334.972949 0.000000 0.000000    -0.084877     0.481101 
59335.010559 0.000000 0.000000    -0.096176     0.480476 
59335.048169 0.000000 0.000000    -0.107134     0.479881 
59335.085779 0.000000 0.000000    -0.117750     0.479316 
59335.123389 0.000000 0.000000    -0.128023     0.478782 
59335.160999 0.000000 0.000000    -0.137950     0.478276 
59335.198609 0.000000 0.000000    -0.147532     0.477800 
59335.236220 0.000000 0.000000    -0.156765     0.477352 
59335.273830 0.000000 0.000000    -0.165651     0.476932 
59335.311440 0.000000 0.000000    -0.174186     0.476539 
59335.349050 0.000000 0.000000    -0.182372     0.476173 
59335.386660 0.000000 0.000000    -0.190206     0.475833 
59335.424270 0.000000 0.000000    -0.197689     0.475519 
59335.461881 0.000000 0.000000    -0.204820     0.475229 
59335.499491 0.000000 0.000000    -0.211599     0.474964 
59335.537101 0.000000 0.000000    -0.218026     0.474722 
59335.574711 0.000000 0.000000    -0.224101     0.474504 
59335.612321 0.000000 0.000000    -0.229824     0.474308 
59335.649931 0.000000 0.000000    -0.235195     0.474134 
59335.687541 0.000000 0.000000    -0.240214     0.473980 
59335.725152 0.000000 0.000000    -0.244883     0.473848 
59335.762762 0.000000 0.000000    -0.249202     0.473735 
59335.800372 0.000000 0.000000    -0.253172     0.473642 
59335.837982 0.000000 0.000000    -0.256793     0.473567 
59335.875592 0.000000 0.000000    -0.260068     0.473511 
59335.913202 0.000000 0.000000    -0.262996     0.473471 
59335.950813 0.000000 0.000000    -0.265579     0.473449 
59335.988423 0.000000 0.000000    -0.267819     0.473443 
59336.026033 0.000000 0.000000    -0.269718     0.473452 
59336.063643 0.000000 0.000000    -0.271277     0.473476 
59336.101253 0.000000 0.000000    -0.272497     0.473515 
59336.138863 0.000000 0.000000    -0.273382     0.473568 
59336.176473 0.000000 0.000000    -0.273932     0.473634 
59336.214084 0.000000 0.000000    -0.274151     0.473713 
59336.251694 0.000000 0.000000    -0.274040     0.473804 
59336.289304 0.000000 0.000000    -0.273602     0.473906 
59336.326914 0.000000 0.000000    -0.272840     0.474020 
59336.364524 0.000000 0.000000    -0.271756     0.474145 
59336.402134 0.000000 0.000000    -0.270352     0.474280 
59336.439745 0.000000 0.000000    -0.268633     0.474425 
59336.477355 0.000000 0.000000    -0.266601     0.474579 
59336.514965 0.000000 0.000000    -0.264258     0.474742 
59336.552575 0.000000 0.000000    -0.261609     0.474914 
59336.590185 0.000000 0.000000    -0.258657     0.475094 
59336.627795 0.000000 0.000000    -0.255405     0.475281 
59336.665406 0.000000 0.000000    -0.251856     0.475476 
59336.703016 0.000000 0.000000    -0.248015     0.475677 
59336.740626 0.000000 0.000000    -0.243885     0.475885 
59336.778236 0.000000 0.000000    -0.239469     0.476100 
59336.815846 0.000000 0.000000    -0.234773     0.476320 
59336.853456 0.000000 0.000000    -0.229799     0.476547 
59336.891066 0.000000 0.000000    -0.224553     0.476778 
59336.928677 0.000000 0.000000    -0.219037     0.477015 
59336.966287 0.000000 0.000000    -0.213258     0.477256 
59337.003897 0.000000 0.000000    -0.207218     0.477502 
59337.041507 0.000000 0.000000    -0.200923     0.477753 
59337.079117 0.000000 0.000000    -0.194377     0.478007 
59337.116727 0.000000 0.000000    -0.187585     0.478266 
59337.154338 0.000000 0.000000    -0.180551     0.478528 
59337.191948 0.000000 0.000000    -0.173281     0.478794 
59337.229558 0.000000 0.000000    -0.165778     0.479063 
59337.267168 0.000000 0.000000    -0.158049     0.479335 
59337.304778 0.000000 0.000000    -0.150098     0.479611 
59337.342388 0.000000 0.000000    -0.141930     0.479889 
59337.379998 0.000000 0.000000    -0.133550     0.480171 
59337.417609 0.000000 0.000000    -0.124964     0.480455 
59337.455219 0.000000 0.000000    -0.116177     0.480742 
59337.492829 0.000000 0.000000    -0.107194     0.481031 
59337.530439 0.000000 0.000000    -0.098021     0.481323 
59337.568049 0.000000 0.000000    -0.088662     0.481617 
59337.605659 0.000000 0.000000    -0.079124     0.481914 
59337.643270 0.000000 0.000000    -0.069412     0.482213 
59337.680880 0.000000 0.000000    -0.059531     0.482515 
59337.718490 0.000000 0.000000    -0.049488     0.482818 
59337.756100 0.000000 0.000000    -0.039287     0.483124 
59337.793710 0.000000 0.000000    -0.028935     0.483432 
59337.831320 0.000000 0.000000    -0.018437     0.483743 
59337.868930 0.000000 0.000000    -0.007799     0.484055 
59337.906541 0.000000 0.000000     0.002973     0.484370 
59337.944151 0.000000 0.000000     0.013874     0.484687 
59337.981761 0.000000 0.000000     0.024897     0.485007 
59338.019371 0.000000 0.000000     0.036037     0.485328 
59338.056981 0.000000 0.000000     0.047288     0.485653 
59338.094591 0.000000 0.000000     0.058644     0.485979 
59338.132202 0.000000 0.000000     0.070098     0.486308 
59338.169812 0.000000 0.000000     0.081646     0.486640 
59338.207422 0.000000 0.000000     0.093281     0.486974 
59338.245032 0.000000 0.000000     0.104998     0.487310 
59338.282642 0.000000 0.000000     0.116789     0.487650 
59338.320252 0.000000 0.000000     0.128650     0.487992 
59338.357863 0.000000 0.000000     0.140575     0.488337 
59338.395473 0.000000 0.000000     0.152556     0.488685 
59338.433083 0.000000 0.000000     0.164590     0.489035 
59338.470693 0.000000 0.000000     0.176669     0.489389 
59338.508303 0.000000 0.000000     0.188788     0.489746 
59338.545913 0.000000 0.000000     0.200941     0.490106 
59338.583523 0.000000 0.000000     0.213121     0.490469 
59338.621134 0.000000 0.000000     0.225324     0.490836 
59338.658744 0.000000 0.000000     0.237543     0.491206 
59338.696354 0.000000 0.000000     0.249772     0.491580 
59338.733964 0.000000 0.000000     0.262006     0.491957 
59338.771574 0.000000 0.000000     0.274239     0.492338 
59338.809184 0.000000 0.000000     0.286465     0.492722 
59338.846795 0.000000 0.000000     0.298679     0.493110 
59338.884405 0.000000 0.000000     0.310874     0.493503 
59338.922015 0.000000 0.000000     0.323045     0.493899 
59338.959625 0.000000 0.000000     0.335187     0.494299 
59338.997235 0.000000 0.000000     0.347294     0.494703 
59339.034845 0.000000 0.000000     0.359360     0.495111 
59339.072455 0.000000 0.000000     0.371380     0.495524 
59339.110066 0.000000 0.000000     0.383349     0.495941 
59339.147676 0.000000 0.000000     0.395261     0.496362 
59339.185286 0.000000 0.000000     0.407110     0.496787 
59339.222896 0.000000 0.000000     0.418893     0.497217 
59339.260506 0.000000 0.000000     0.430603     0.497651 
59339.298116 0.000000 0.000000     0.442235     0.498090 
59339.335727 0.000000 0.000000     0.453784     0.498533 
59339.373337 0.000000 0.000000     0.465245     0.498980 
59339.410947 0.000000 0.000000     0.476614     0.499432 
59339.448557 0.000000 0.000000     0.487884     0.499889 
59339.486167 0.000000 0.000000     0.499052     0.500350 
59339.523777 0.000000 0.000000     0.510113     0.500816 
59339.561387 0.000000 0.000000     0.521062     0.501286 
59339.598998 0.000000 0.000000     0.531893     0.501761 
59339.636608 0.000000 0.000000     0.542604     0.502240 
59339.674218 0.000000 0.000000     0.553189     0.502724 
59339.711828 0.000000 0.000000     0.563643     0.503212 
59339.749438 0.000000 0.000000     0.573964     0.503704 
59339.787048 0.000000 0.000000     0.584145     0.504201 
59339.824659 0.000000 0.000000     0.594183     0.504702 
59339.862269 0.000000 0.000000     0.604075     0.505207 
59339.899879 0.000000 0.000000     0.613815     0.505717 
59339.937489 0.000000 0.000000     0.623400     0.506230 
59339.975099 0.000000 0.000000     0.632827     0.506747 
59340.012709 0.000000 0.000000     0.642091     0.507268 
59340.050320 0.000000 0.000000     0.651188     0.507793 
59340.087930 0.000000 0.000000     0.660116     0.508322 
59340.125540 0.000000 0.000000     0.668871     0.508854 
59340.163150 0.000000 0.000000     0.677448     0.509389 
59340.200760 0.000000 0.000000     0.685846     0.509928 
59340.238370 0.000000 0.000000     0.694060     0.510470 
59340.275980 0.000000 0.000000     0.702088     0.511015 
59340.313591 0.000000 0.000000     0.709926     0.511562 
59340.351201 0.000000 0.000000     0.717572     0.512112 
59340.388811 0.000000 0.000000     0.725023     0.512665 
59340.426421 0.000000 0.000000     0.732276     0.513220 
59340.464031 0.000000 0.000000     0.739328     0.513777 
59340.501641 0.000000 0.000000     0.746177     0.514335 
59340.539252 0.000000 0.000000     0.752820     0.514896 
59340.576862 0.000000 0.000000     0.759255     0.515458 
59340.614472 0.000000 0.000000     0.765479     0.516021 
59340.652082 0.000000 0.000000     0.771492     0.516585 
59340.689692 0.000000 0.000000     0.777289     0.517150 
59340.727302 0.000000 0.000000     0.782870     0.517716 
59340.764912 0.000000 0.000000     0.788232     0.518282 
59340.802523 0.000000 0.000000     0.793375     0.518847 
59340.840133 0.000000 0.000000     0.798295     0.519413 
59340.877743 0.000000 0.000000     0.802991     0.519978 
59340.915353 0.000000 0.000000     0.807463     0.520543 
59340.952963 0.000000 0.000000     0.811708     0.521107 
59340.990573 0.000000 0.000000     0.815726     0.521669 
59341.028184 0.000000 0.000000     0.819515     0.522230 
59341.065794 0.000000 0.000000     0.823074     0.522789 
59341.103404 0.000000 0.000000     0.826401     0.523345 
59341.141014 0.000000 0.000000     0.829497     0.523900 
59341.178624 0.000000 0.000000     0.832361     0.524451 
59341.216234 0.000000 0.000000     0.834991     0.525000 
59341.253844 0.000000 0.000000     0.837387     0.525546 
59341.291455 0.000000 0.000000     0.839548     0.526087 
59341.329065 0.000000 0.000000     0.841475     0.526625 
59341.366675 0.000000 0.000000     0.843166     0.527159 
59341.404285 0.000000 0.000000     0.844622     0.527688 
59341.441895 0.000000 0.000000     0.845843     0.528212 
59341.479505 0.000000 0.000000     0.846828     0.528732 
59341.517116 0.000000 0.000000     0.847577     0.529245 
59341.554726 0.000000 0.000000     0.848092     0.529753 
59341.592336 0.000000 0.000000     0.848371     0.530255 
59341.629946 0.000000 0.000000     0.848415     0.530751 
59341.667556 0.000000 0.000000     0.848225     0.531239 
59341.705166 0.000000 0.000000     0.847801     0.531721 
59341.742777 0.000000 0.000000     0.847144     0.532195 
59341.780387 0.000000 0.000000     0.846255     0.532662 
59341.817997 0.000000 0.000000     0.845134     0.533120 
59341.855607 0.000000 0.000000     0.843782     0.533571 
59341.893217 0.000000 0.000000     0.842200     0.534013 
59341.930827 0.000000 0.000000     0.840389     0.534446 
59341.968437 0.000000 0.000000     0.838351     0.534869 
59342.006048 0.000000 0.000000     0.836086     0.535283 
59342.043658 0.000000 0.000000     0.833595     0.535688 
59342.081268 0.000000 0.000000     0.830881     0.536082 
59342.118878 0.000000 0.000000     0.827945     0.536466 
59342.156488 0.000000 0.000000     0.824788     0.536839 
59342.194098 0.000000 0.000000     0.821411     0.537201 
59342.231709 0.000000 0.000000     0.817817     0.537552 
59342.269319 0.000000 0.000000     0.814007     0.537892 
59342.306929 0.000000 0.000000     0.809983     0.538219 
59342.344539 0.000000 0.000000     0.805747     0.538535 
59342.382149 0.000000 0.000000     0.801300     0.538838 
59342.419759 0.000000 0.000000     0.796646     0.539128 
59342.457369 0.000000 0.000000     0.791786     0.539406 
59342.494980 0.000000 0.000000     0.786721     0.539671 
59342.532590 0.000000 0.000000     0.781455     0.539922 
59342.570200 0.000000 0.000000     0.775990     0.540160 
59342.607810 0.000000 0.000000     0.770328     0.540384 
59342.645420 0.000000 0.000000     0.764471     0.540594 
59342.683030 0.000000 0.000000     0.758423     0.540790 
59342.720641 0.000000 0.000000     0.752184     0.540971 
59342.758251 0.000000 0.000000     0.745759     0.541138 
59342.795861 0.000000 0.000000     0.739150     0.541289 
59342.833471 0.000000 0.000000     0.732359     0.541426 
59342.871081 0.000000 0.000000     0.725390     0.541548 
59342.908691 0.000000 0.000000     0.718244     0.541654 
59342.946301 0.000000 0.000000     0.710926     0.541744 
59342.983912 0.000000 0.000000     0.703437     0.541819 
59343.021522 0.000000 0.000000     0.695781     0.541878 
59343.059132 0.000000 0.000000     0.687961     0.541921 
59343.096742 0.000000 0.000000     0.679980     0.541948 
59343.134352 0.000000 0.000000     0.671840     0.541959 
59343.171962 0.000000 0.000000     0.663546     0.541953 
59343.209573 0.000000 0.000000     0.655100     0.541931 
59343.247183 0.000000 0.000000     0.646506     0.541892 
59343.284793 0.000000 0.000000     0.637766     0.541837 
59343.322403 0.000000 0.000000     0.628884     0.541764 
59343.360013 0.000000 0.000000     0.619864     0.541675 
59343.397623 0.000000 0.000000     0.610708     0.541569 
59343.435234 0.000000 0.000000     0.601421     0.541446 
59343.472844 0.000000 0.000000     0.592005     0.541307 
59343.510454 0.000000 0.000000     0.582463     0.541150 
59343.548064 0.000000 0.000000     0.572801     0.540976 
59343.585674 0.000000 0.000000     0.563020     0.540785 
59343.623284 0.000000 0.000000     0.553124     0.540577 
59343.660894 0.000000 0.000000     0.543117     0.540352 
59343.698505 0.000000 0.000000     0.533003     0.540110 
59343.736115 0.000000 0.000000     0.522785     0.539851 
59343.773725 0.000000 0.000000     0.512467     0.539575 
59343.811335 0.000000 0.000000     0.502051     0.539282 
59343.848945 0.000000 0.000000     0.491543     0.538972 
59343.886555 0.000000 0.000000     0.480945     0.538645 
59343.924166 0.000000 0.000000     0.470262     0.538302 
59343.961776 0.000000 0.000000     0.459496     0.537942 
59343.999386 0.000000 0.000000     0.448652     0.537566 
59344.036996 0.000000 0.000000     0.437734     0.537173 
59344.074606 0.000000 0.000000     0.426744     0.536764 
59344.112216 0.000000 0.000000     0.415686     0.536339 
59344.149826 0.000000 0.000000     0.404565     0.535897 
59344.187437 0.000000 0.000000     0.393385     0.535440 
59344.225047 0.000000 0.000000     0.382147     0.534968 
59344.262657 0.000000 0.000000     0.370858     0.534479 
59344.300267 0.000000 0.000000     0.359519     0.533976 
59344.337877 0.000000 0.000000     0.348136     0.533457 
59344.375487 0.000000 0.000000     0.336711     0.532924 
59344.413098 0.000000 0.000000     0.325248     0.532375 
59344.450708 0.000000 0.000000     0.313752     0.531813 
59344.488318 0.000000 0.000000     0.302225     0.531236 
59344.525928 0.000000 0.000000     0.290671     0.530645 
59344.563538 0.000000 0.000000     0.279095     0.530041 
59344.601148 0.000000 0.000000     0.267499     0.529423 
59344.638758 0.000000 0.000000     0.255888     0.528792 
59344.676369 0.000000 0.000000     0.244265     0.528149 
59344.713979 0.000000 0.000000     0.232633     0.527492 
59344.751589 0.000000 0.000000     0.220997     0.526824 
59344.789199 0.000000 0.000000     0.209360     0.526144 
59344.826809 0.000000 0.000000     0.197725     0.525452 
59344.864419 0.000000 0.000000     0.186097     0.524749 
59344.902030 0.000000 0.000000     0.174478     0.524036 
59344.939640 0.000000 0.000000     0.162872     0.523312 
59344.977250 0.000000 0.000000     0.151284     0.522577 
59345.014860 0.000000 0.000000     0.139715     0.521834 
59345.052470 0.000000 0.000000     0.128170     0.521081 
59345.090080 0.000000 0.000000     0.116653     0.520319 
59345.127691 0.000000 0.000000     0.105166     0.519549 
59345.165301 0.000000 0.000000     0.093713     0.518770 
59345.202911 0.000000 0.000000     0.082298     0.517985 
59345.240521 0.000000 0.000000     0.070924     0.517192 
59345.278131 0.000000 0.000000     0.059594     0.516392 
59345.315741 0.000000 0.000000     0.048311     0.515587 
59345.353351 0.000000 0.000000     0.037080     0.514775 
59345.390962 0.000000 0.000000     0.025902     0.513958 
59345.428572 0.000000 0.000000     0.014782     0.513137 
59345.466182 0.000000 0.000000     0.003723     0.512311 
59345.503792 0.000000 0.000000    -0.007273     0.511481 
59345.541402 0.000000 0.000000    -0.018201     0.510649 
59345.579012 0.000000 0.000000    -0.029060     0.509813 
59345.616623 0.000000 0.000000    -0.039845     0.508975 
59345.654233 0.000000 0.000000    -0.050554     0.508135 
59345.691843 0.000000 0.000000    -0.061183     0.507294 
59345.729453 0.000000 0.000000    -0.071730     0.506452 
59345.767063 0.000000 0.000000    -0.082192     0.505610 
59345.804673 0.000000 0.000000    -0.092565     0.504768 
59345.842283 0.000000 0.000000    -0.102848     0.503928 
59345.879894 0.000000 0.000000    -0.113036     0.503088 
59345.917504 0.000000 0.000000    -0.123127     0.502250 
59345.955114 0.000000 0.000000    -0.133119     0.501415 
59345.992724 0.000000 0.000000    -0.143008     0.500582 
59346.030334 0.000000 0.000000    -0.152791     0.499753 
59346.067944 0.000000 0.000000    -0.162467     0.498928 
59346.105555 0.000000 0.000000    -0.172032     0.498108 
59346.143165 0.000000 0.000000    -0.181484     0.497292 
59346.180775 0.000000 0.000000    -0.190820     0.496482 
59346.218385 0.000000 0.000000    -0.200037     0.495677 
59346.255995 0.000000 0.000000    -0.209133     0.494879 
59346.293605 0.000000 0.000000    -0.218106     0.494088 
59346.331215 0.000000 0.000000    -0.226953     0.493305 
59346.368826 0.000000 0.000000    -0.235672     0.492529 
59346.406436 0.000000 0.000000    -0.244260     0.491762 
59346.444046 0.000000 0.000000    -0.252714     0.491003 
59346.481656 0.000000 0.000000    -0.261033     0.490254 
59346.519266 0.000000 0.000000    -0.269215     0.489514 
59346.556876 0.000000 0.000000    -0.277257     0.488785 
59346.594487 0.000000 0.000000    -0.285156     0.488066 
59346.632097 0.000000 0.000000    -0.292911     0.487357 
59346.669707 0.000000 0.000000    -0.300520     0.486660 
59346.707317 0.000000 0.000000    -0.307981     0.485975 
59346.744927 0.000000 0.000000    -0.315291     0.485301 
59346.782537 0.000000 0.000000    -0.322448     0.484640 
59346.820148 0.000000 0.000000    -0.329451     0.483991 
59346.857758 0.000000 0.000000    -0.336298     0.483355 
59346.895368 0.000000 0.000000    -0.342986     0.482733 
59346.932978 0.000000 0.000000    -0.349515     0.482123 
59346.970588 0.000000 0.000000    -0.355881     0.481528 
59347.008198 0.000000 0.000000    -0.362084     0.480946 
59347.045808 0.000000 0.000000    -0.368121     0.480378 
59347.083419 0.000000 0.000000    -0.373991     0.479825 
59347.121029 0.000000 0.000000    -0.379693     0.479286 
59347.158639 0.000000 0.000000    -0.385224     0.478761 
59347.196249 0.000000 0.000000    -0.390584     0.478251 
59347.233859 0.000000 0.000000    -0.395770     0.477756 
59347.271469 0.000000 0.000000    -0.400781     0.477276 
59347.309080 0.000000 0.000000    -0.405616     0.476811 
59347.346690 0.000000 0.000000    -0.410273     0.476360 
59347.384300 0.000000 0.000000    -0.414751     0.475925 
59347.421910 0.000000 0.000000    -0.419049     0.475504 
59347.459520 0.000000 0.000000    -0.423165     0.475099 
59347.497130 0.000000 0.000000    -0.427098     0.474708 
59347.534740 0.000000 0.000000    -0.430847     0.474333 
59347.572351 0.000000 0.000000    -0.434410     0.473972 
59347.609961 0.000000 0.000000    -0.437788     0.473626 
59347.647571 0.000000 0.000000    -0.440978     0.473294 
59347.685181 0.000000 0.000000    -0.443979     0.472977 
59347.722791 0.000000 0.000000    -0.446791     0.472674 
59347.760401 0.000000 0.000000    -0.449412     0.472385 
59347.798012 0.000000 0.000000    -0.451842     0.472110 
59347.835622 0.000000 0.000000    -0.454080     0.471849 
59347.873232 0.000000 0.000000    -0.456124     0.471602 
59347.910842 0.000000 0.000000    -0.457975     0.471368 
59347.948452 0.000000 0.000000    -0.459631     0.471146 
59347.986062 0.000000 0.000000    -0.461092     0.470938 
59348.023672 0.000000 0.000000    -0.462357     0.470742 
59348.061283 0.000000 0.000000    -0.463426     0.470559 
59348.098893 0.000000 0.000000    -0.464297     0.470387 
59348.136503 0.000000 0.000000    -0.464970     0.470227 
59348.174113 0.000000 0.000000    -0.465446     0.470079 
59348.211723 0.000000 0.000000    -0.465722     0.469941 
59348.249333 0.000000 0.000000    -0.465800     0.469815 
59348.286944 0.000000 0.000000    -0.465678     0.469698 
59348.324554 0.000000 0.000000    -0.465356     0.469592 
59348.362164 0.000000 0.000000    -0.464834     0.469495 
59348.399774 0.000000 0.000000    -0.464112     0.469408 
59348.437384 0.000000 0.000000    -0.463190     0.469330 
59348.474994 0.000000 0.000000    -0.462067     0.469261 
59348.512605 0.000000 0.000000    -0.460743     0.469200 
59348.550215 0.000000 0.000000    -0.459218     0.469147 
59348.587825 0.000000 0.000000    -0.457492     0.469101 
59348.625435 0.000000 0.000000    -0.455566     0.469063 
59348.663045 0.000000 0.000000    -0.453439     0.469032 
59348.700655 0.000000 0.000000    -0.451111     0.469007 
59348.738265 0.000000 0.000000    -0.448582     0.468988 
59348.775876 0.000000 0.000000    -0.445853     0.468976 
59348.813486 0.000000 0.000000    -0.442924     0.468969 
59348.851096 0.000000 0.000000    -0.439796     0.468967 
59348.888706 0.000000 0.000000    -0.436468     0.468970 
59348.926316 0.000000 0.000000    -0.432940     0.468977 
59348.963926 0.000000 0.000000    -0.429214     0.468989 
59349.001537 0.000000 0.000000    -0.425290     0.469004 
59349.039147 0.000000 0.000000    -0.421168     0.469023 
59349.076757 0.000000 0.000000    -0.416849     0.469046 
59349.114367 0.000000 0.000000    -0.412333     0.469071 
59349.151977 0.000000 0.000000    -0.407622     0.469099 
59349.189587 0.000000 0.000000    -0.402715     0.469129 
59349.227197 0.000000 0.000000    -0.397614     0.469162 
59349.264808 0.000000 0.000000    -0.392319     0.469197 
59349.302418 0.000000 0.000000    -0.386831     0.469233 
59349.340028 0.000000 0.000000    -0.381151     0.469270 
59349.377638 0.000000 0.000000    -0.375280     0.469309 
59349.415248 0.000000 0.000000    -0.369219     0.469348 
59349.452858 0.000000 0.000000    -0.362969     0.469388 
59349.490469 0.000000 0.000000    -0.356531     0.469429 
59349.528079 0.000000 0.000000    -0.349906     0.469470 
59349.565689 0.000000 0.000000    -0.343095     0.469511 
59349.603299 0.000000 0.000000    -0.336100     0.469552 
59349.640909 0.000000 0.000000    -0.328921     0.469593 
59349.678519 0.000000 0.000000    -0.321561     0.469634 
59349.716129 0.000000 0.000000    -0.314020     0.469674 
59349.753740 0.000000 0.000000    -0.306300     0.469713 
59349.791350 0.000000 0.000000    -0.298402     0.469751 
59349.828960 0.000000 0.000000    -0.290328     0.469789 
59349.866570 0.000000 0.000000    -0.282079     0.469826 
59349.904180 0.000000 0.000000    -0.273657     0.469861 
59349.941790 0.000000 0.000000    -0.265064     0.469895 
59349.979401 0.000000 0.000000    -0.256301     0.469929 
59350.017011 0.000000 0.000000    -0.247371     0.469960 
59350.054621 0.000000 0.000000    -0.238274     0.469991 
59350.092231 0.000000 0.000000    -0.229013     0.470020 
59350.129841 0.000000 0.000000    -0.219589     0.470047 
59350.167451 0.000000 0.000000    -0.210006     0.470073 
59350.205062 0.000000 0.000000    -0.200263     0.470098 
59350.242672 0.000000 0.000000    -0.190365     0.470121 
59350.280282 0.000000 0.000000    -0.180312     0.470143 
59350.317892 0.000000 0.000000    -0.170107     0.470163 
59350.355502 0.000000 0.000000    -0.159753     0.470181 
59350.393112 0.000000 0.000000    -0.149251     0.470198 
59350.430722 0.000000 0.000000    -0.138603     0.470214 
59350.468333 0.000000 0.000000    -0.127813     0.470228 
59350.505943 0.000000 0.000000    -0.116882     0.470241 
59350.543553 0.000000 0.000000    -0.105813     0.470253 
59350.581163 0.000000 0.000000    -0.094609     0.470263 
59350.618773 0.000000 0.000000    -0.083272     0.470272 
59350.656383 0.000000 0.000000    -0.071804     0.470280 
59350.693994 0.000000 0.000000    -0.060209     0.470287 
59350.731604 0.000000 0.000000    -0.048489     0.470293 
59350.769214 0.000000 0.000000    -0.036647     0.470297 
59350.806824 0.000000 0.000000    -0.024685     0.470301 
59350.844434 0.000000 0.000000    -0.012607     0.470305 
59350.882044 0.000000 0.000000    -0.000415     0.470307 
59350.919654 0.000000 0.000000     0.011887     0.470309 
59350.957265 0.000000 0.000000     0.024297     0.470311 
59350.994875 0.000000 0.000000     0.036811     0.470312 
59351.032485 0.000000 0.000000     0.049427     0.470312 
59351.070095 0.000000 0.000000     0.062141     0.470313 
59351.107705 0.000000 0.000000     0.074950     0.470313 
59351.145315 0.000000 0.000000     0.087851     0.470313 
59351.182926 0.000000 0.000000     0.100840     0.470314 
59351.220536 0.000000 0.000000     0.113914     0.470314 
59351.258146 0.000000 0.000000     0.127070     0.470315 
59351.295756 0.000000 0.000000     0.140304     0.470316 
59351.333366 0.000000 0.000000     0.153613     0.470317 
59351.370976 0.000000 0.000000     0.166993     0.470319 
59351.408586 0.000000 0.000000     0.180441     0.470322 
59351.446197 0.000000 0.000000     0.193953     0.470325 
59351.483807 0.000000 0.000000     0.207525     0.470329 
59351.521417 0.000000 0.000000     0.221154     0.470334 
59351.559027 0.000000 0.000000     0.234836     0.470340 
59351.596637 0.000000 0.000000     0.248566     0.470347 
59351.634247 0.000000 0.000000     0.262342     0.470354 
59351.671858 0.000000 0.000000     0.276159     0.470363 
59351.709468 0.000000 0.000000     0.290014     0.470374 
59351.747078 0.000000 0.000000     0.303902     0.470385 
59351.784688 0.000000 0.000000     0.317819     0.470398 
59351.822298 0.000000 0.000000     0.331762     0.470412 
59351.859908 0.000000 0.000000     0.345727     0.470427 
59351.897519 0.000000 0.000000     0.359708     0.470444 
59351.935129 0.000000 0.000000     0.373703     0.470462 
59351.972739 0.000000 0.000000     0.387706     0.470481 
59352.010349 0.000000 0.000000     0.401714     0.470502 
59352.047959 0.000000 0.000000     0.415723     0.470525 
59352.085569 0.000000 0.000000     0.429727     0.470548 
59352.123179 0.000000 0.000000     0.443724     0.470574 
59352.160790 0.000000 0.000000     0.457708     0.470600 
59352.198400 0.000000 0.000000     0.471675     0.470628 
59352.236010 0.000000 0.000000     0.485621     0.470658 
59352.273620 0.000000 0.000000     0.499541     0.470688 
59352.311230 0.000000 0.000000     0.513431     0.470720 
59352.348840 0.000000 0.000000     0.527286     0.470753 
59352.386451 0.000000 0.000000     0.541102     0.470788 
59352.424061 0.000000 0.000000     0.554875     0.470823 
59352.461671 0.000000 0.000000     0.568599     0.470859 
59352.499281 0.000000 0.000000     0.582271     0.470897 
59352.536891 0.000000 0.000000     0.595885     0.470935 
59352.574501 0.000000 0.000000     0.609437     0.470974 
59352.612111 0.000000 0.000000     0.622923     0.471013 
59352.649722 0.000000 0.000000     0.636338     0.471053 
59352.687332 0.000000 0.000000     0.649677     0.471093 
59352.724942 0.000000 0.000000     0.662936     0.471134 
59352.762552 0.000000 0.000000     0.676109     0.471175 
59352.800162 0.000000 0.000000     0.689193     0.471216 
59352.837772 0.000000 0.000000     0.702182     0.471257 
59352.875383 0.000000 0.000000     0.715072     0.471297 
59352.912993 0.000000 0.000000     0.727858     0.471337 
59352.950603 0.000000 0.000000     0.740536     0.471377 
59352.988213 0.000000 0.000000     0.753101     0.471415 
59353.025823 0.000000 0.000000     0.765547     0.471453 
59353.063433 0.000000 0.000000     0.777872     0.471490 
59353.101043 0.000000 0.000000     0.790068     0.471525 
59353.138654 0.000000 0.000000     0.802133     0.471560 
59353.176264 0.000000 0.000000     0.814062     0.471592 
59353.213874 0.000000 0.000000     0.825849     0.471623 
59353.251484 0.000000 0.000000     0.837490     0.471652 
59353.289094 0.000000 0.000000     0.848981     0.471678 
59353.326704 0.000000 0.000000     0.860317     0.471702 
59353.364315 0.000000 0.000000     0.871492     0.471724 
59353.401925 0.000000 0.000000     0.882504     0.471743 
59353.439535 0.000000 0.000000     0.893346     0.471759 
59353.477145 0.000000 0.000000     0.904015     0.471772 
59353.514755 0.000000 0.000000     0.914506     0.471782 
59353.552365 0.000000 0.000000     0.924814     0.471788 
59353.589976 0.000000 0.000000     0.934936     0.471791 
59353.627586 0.000000 0.000000     0.944865     0.471790 
59353.665196 0.000000 0.000000     0.954599     0.471784 
59353.702806 0.000000 0.000000     0.964133     0.471775 
59353.740416 0.000000 0.000000     0.973462     0.471761 
59353.778026 0.000000 0.000000     0.982582     0.471743 
59353.815636 0.000000 0.000000     0.991488     0.471719 
59353.853247 0.000000 0.000000     1.000177     0.471691 
59353.890857 0.000000 0.000000     1.008644     0.471658 
59353.928467 0.000000 0.000000     1.016885     0.471620 
59353.966077 0.000000 0.000000     1.024897     0.471576 
59354.003687 0.000000 0.000000     1.032674     0.471527 
59354.041297 0.000000 0.000000     1.040212     0.471473 
59354.078908 0.000000 0.000000     1.047509     0.471412 
59354.116518 0.000000 0.000000     1.054560     0.471346 
59354.154128 0.000000 0.000000     1.061360     0.471274 
59354.191738 0.000000 0.000000     1.067907     0.471196 
59354.229348 0.000000 0.000000     1.074196     0.471112 
59354.266958 0.000000 0.000000     1.080224     0.471021 
59354.304568 0.000000 0.000000     1.085987     0.470925 
59354.342179 0.000000 0.000000     1.091481     0.470822 
59354.379789 0.000000 0.000000     1.096703     0.470713 
59354.417399 0.000000 0.000000     1.101650     0.470597 
59354.455009 0.000000 0.000000     1.106318     0.470475 
59354.492619 0.000000 0.000000     1.110703     0.470347 
59354.530229 0.000000 0.000000     1.114803     0.470213 
59354.567840 0.000000 0.000000     1.118615     0.470072 
59354.605450 0.000000 0.000000     1.122134     0.469926 
59354.643060 0.000000 0.000000     1.125359     0.469773 
59354.680670 0.000000 0.000000     1.128286     0.469614 
59354.718280 0.000000 0.000000     1.130912     0.469449 
59354.755890 0.000000 0.000000     1.133235     0.469278 
59354.793500 0.000000 0.000000     1.135252     0.469102 
59354.831111 0.000000 0.000000     1.136960     0.468920 
59354.868721 0.000000 0.000000     1.138357     0.468733 
59354.906331 0.000000 0.000000     1.139440     0.468541 
59354.943941 0.000000 0.000000     1.140207     0.468344 
59354.981551 0.000000 0.000000     1.140655     0.468143 
59355.019161 0.000000 0.000000     1.140783     0.467937 
59355.056772 0.000000 0.000000     1.140588     0.467727 
59355.094382 0.000000 0.000000     1.140068     0.467514 
59355.131992 0.000000 0.000000     1.139222     0.467297 
59355.169602 0.000000 0.000000     1.138047     0.467077 
59355.207212 0.000000 0.000000     1.136542     0.466855 
59355.244822 0.000000 0.000000     1.134706     0.466631 
59355.282433 0.000000 0.000000     1.132536     0.466405 
59355.320043 0.000000 0.000000     1.130031     0.466178 
59355.357653 0.000000 0.000000     1.127191     0.465950 
59355.395263 0.000000 0.000000     1.124014     0.465722 
59355.432873 0.000000 0.000000     1.120498     0.465494 
59355.470483 0.000000 0.000000     1.116643     0.465267 
59355.508093 0.000000 0.000000     1.112448     0.465042 
59355.545704 0.000000 0.000000     1.107912     0.464819 
59355.583314 0.000000 0.000000     1.103034     0.464600 
59355.620924 0.000000 0.000000     1.097814     0.464383 
59355.658534 0.000000 0.000000     1.092252     0.464171 
59355.696144 0.000000 0.000000     1.086347     0.463964 
59355.733754 0.000000 0.000000     1.080098     0.463763 
59355.771365 0.000000 0.000000     1.073507     0.463569 
59355.808975 0.000000 0.000000     1.066572     0.463382 
59355.846585 0.000000 0.000000     1.059294     0.463204 
59355.884195 0.000000 0.000000     1.051673     0.463035 
59355.921805 0.000000 0.000000     1.043710     0.462876 
59355.959415 0.000000 0.000000     1.035405     0.462728 
59355.997025 0.000000 0.000000     1.026758     0.462592 
59356.034636 0.000000 0.000000     1.017771     0.462469 
59356.072246 0.000000 0.000000     1.008443     0.462360 
59356.109856 0.000000 0.000000     0.998777     0.462267 
59356.147466 0.000000 0.000000     0.988772     0.462189 
59356.185076 0.000000 0.000000     0.978431     0.462128 
59356.222686 0.000000 0.000000     0.967754     0.462086 
59356.260297 0.000000 0.000000     0.956743     0.462063 
59356.297907 0.000000 0.000000     0.945399     0.462060 
59356.335517 0.000000 0.000000     0.933725     0.462079 
59356.373127 0.000000 0.000000     0.921721     0.462120 
59356.410737 0.000000 0.000000     0.909390     0.462185 
59356.448347 0.000000 0.000000     0.896734     0.462274 
59356.485957 0.000000 0.000000     0.883754     0.462390 
59356.523568 0.000000 0.000000     0.870454     0.462532 
59356.561178 0.000000 0.000000     0.856834     0.462702 
59356.598788 0.000000 0.000000     0.842899     0.462902 
59356.636398 0.000000 0.000000     0.828650     0.463132 
59356.674008 0.000000 0.000000     0.814090     0.463393 
59356.711618 0.000000 0.000000     0.799222     0.463686 
59356.749229 0.000000 0.000000     0.784049     0.464013 
59356.786839 0.000000 0.000000     0.768573     0.464373 
59356.824449 0.000000 0.000000     0.752799     0.464769 
59356.862059 0.000000 0.000000     0.736729     0.465202 
59356.899669 0.000000 0.000000     0.720366     0.465671 
59356.937279 0.000000 0.000000     0.703715     0.466178 
59356.974890 0.000000 0.000000     0.686778     0.466724 
59357.012500 0.000000 0.000000     0.669559     0.467310 
59357.050110 0.000000 0.000000     0.652063     0.467935 
59357.087720 0.000000 0.000000     0.634293     0.468602 
59357.125330 0.000000 0.000000     0.616253     0.469310 
59357.162940 0.000000 0.000000     0.597947     0.470060 
59357.200550 0.000000 0.000000     0.579380     0.470853 
59357.238161 0.000000 0.000000     0.560555     0.471689 
59357.275771 0.000000 0.000000     0.541478     0.472568 
59357.313381 0.000000 0.000000     0.522152     0.473492 
59357.350991 0.000000 0.000000     0.502583     0.474459 
59357.388601 0.000000 0.000000     0.482774     0.475471 
59357.426211 0.000000 0.000000     0.462732     0.476527 
59357.463822 0.000000 0.000000     0.442461     0.477628 
59357.501432 0.000000 0.000000     0.421965     0.478773 
59357.539042 0.000000 0.000000     0.401250     0.479963 
59357.576652 0.000000 0.000000     0.380321     0.481198 
59357.614262 0.000000 0.000000     0.359183     0.482476 
59357.651872 0.000000 0.000000     0.337843     0.483799 
59357.689482 0.000000 0.000000     0.316304     0.485166 
59357.727093 0.000000 0.000000     0.294573     0.486577 
59357.764703 0.000000 0.000000     0.272655     0.488030 
59357.802313 0.000000 0.000000     0.250555     0.489526 
59357.839923 0.000000 0.000000     0.228281     0.491065 
59357.877533 0.000000 0.000000     0.205836     0.492645 
59357.915143 0.000000 0.000000     0.183228     0.494265 
59357.952754 0.000000 0.000000     0.160463     0.495927 
59357.990364 0.000000 0.000000     0.137545     0.497628 
59358.027974 0.000000 0.000000     0.114482     0.499368 
59358.065584 0.000000 0.000000     0.091279     0.501146 
59358.103194 0.000000 0.000000     0.067943     0.502961 
59358.140804 0.000000 0.000000     0.044479     0.504813 
59358.178414 0.000000 0.000000     0.020895     0.506700 
59358.216025 0.000000 0.000000    -0.002803     0.508623 
59358.253635 0.000000 0.000000    -0.026610     0.510579 
59358.291245 0.000000 0.000000    -0.050518     0.512567 
59358.328855 0.000000 0.000000    -0.074521     0.514588 
59358.366465 0.000000 0.000000    -0.098613     0.516639 
59358.404075 0.000000 0.000000    -0.122787     0.518721 
59358.441686 0.000000 0.000000    -0.147036     0.520831 
59358.479296 0.000000 0.000000    -0.171353     0.522968 
59358.516906 0.000000 0.000000    -0.195733     0.525133 
59358.554516 0.000000 0.000000    -0.220167     0.527323 
59358.592126 0.000000 0.000000    -0.244650     0.529538 
59358.629736 0.000000 0.000000    -0.269175     0.531776 
59358.667347 0.000000 0.000000    -0.293735     0.534036 
59358.704957 0.000000 0.000000    -0.318323     0.536318 
59358.742567 0.000000 0.000000    -0.342932     0.538621 
59358.780177 0.000000 0.000000    -0.367555     0.540943 
59358.817787 0.000000 0.000000    -0.392186     0.543282 
59358.855397 0.000000 0.000000    -0.416818     0.545640 
59358.893007 0.000000 0.000000    -0.441443     0.548013 
59358.930618 0.000000 0.000000    -0.466056     0.550401 
59358.968228 0.000000 0.000000    -0.490648     0.552804 
59359.005838 0.000000 0.000000    -0.515214     0.555220 
59359.043448 0.000000 0.000000    -0.539745     0.557647 
59359.081058 0.000000 0.000000    -0.564237     0.560086 
59359.118668 0.000000 0.000000    -0.588681     0.562536 
59359.156279 0.000000 0.000000    -0.613070     0.564994 
59359.193889 0.000000 0.000000    -0.637399     0.567461 
59359.231499 0.000000 0.000000    -0.661660     0.569935 
59359.269109 0.000000 0.000000    -0.685846     0.572416 
59359.306719 0.000000 0.000000    -0.709951     0.574903 
59359.344329 0.000000 0.000000    -0.733968     0.577394 
59359.381939 0.000000 0.000000    -0.757890     0.579889 
59359.419550 0.000000 0.000000    -0.781710     0.582388 
59359.457160 0.000000 0.000000    -0.805423     0.584889 
59359.494770 0.000000 0.000000    -0.829020     0.587391 
59359.532380 0.000000 0.000000    -0.852497     0.589894 
59359.569990 0.000000 0.000000    -0.875846     0.592397 
59359.607600 0.000000 0.000000    -0.899060     0.594900 
59359.645211 0.000000 0.000000    -0.922134     0.597401 
59359.682821 0.000000 0.000000    -0.945061     0.599900 
59359.720431 0.000000 0.000000    -0.967835     0.602396 
59359.758041 0.000000 0.000000    -0.990449     0.604888 
59359.795651 0.000000 0.000000    -1.012898     0.607377 
59359.833261 0.000000 0.000000    -1.035174     0.609861 
59359.870871 0.000000 0.000000    -1.057273     0.612339 
59359.908482 0.000000 0.000000    -1.079188     0.614812 
59359.946092 0.000000 0.000000    -1.100913     0.617278 
59359.983702 0.000000 0.000000    -1.122443     0.619737 
59360.021312 0.000000 0.000000    -1.143771     0.622189 
59360.058922 0.000000 0.000000    -1.164892     0.624632 
59360.096532 0.000000 0.000000    -1.185800     0.627067 
59360.134143 0.000000 0.000000    -1.206490     0.629492 
59360.171753 0.000000 0.000000    -1.226956     0.631908 
59360.209363 0.000000 0.000000    -1.247193     0.634314 
59360.246973 0.000000 0.000000    -1.267195     0.636709 
59360.284583 0.000000 0.000000    -1.286958     0.639094 
59360.322193 0.000000 0.000000    -1.306476     0.641467 
59360.359804 0.000000 0.000000    -1.325744     0.643829 
59360.397414 0.000000 0.000000    -1.344758     0.646178 
59360.435024 0.000000 0.000000    -1.363512     0.648515 
59360.472634 0.000000 0.000000    -1.382002     0.650838 
59360.510244 0.000000 0.000000    -1.400223     0.653149 
59360.547854 0.000000 0.000000    -1.418170     0.655446 
59360.585464 0.000000 0.000000    -1.435840     0.657729 
59360.623075 0.000000 0.000000    -1.453228     0.659998 
59360.660685 0.000000 0.000000    -1.470329     0.662253 
59360.698295 0.000000 0.000000    -1.487140     0.664493 
59360.735905 0.000000 0.000000    -1.503657     0.666718 
59360.773515 0.000000 0.000000    -1.519875     0.668927 
59360.811125 0.000000 0.000000    -1.535791     0.671121 
59360.848736 0.000000 0.000000    -1.551402     0.673299 
59360.886346 0.000000 0.000000    -1.566704     0.675461 
59360.923956 0.000000 0.000000    -1.581694     0.677607 
59360.961566 0.000000 0.000000    -1.596367     0.679737 
59360.999176 0.000000 0.000000    -1.610722     0.681849 
59361.036786 0.000000 0.000000    -1.624754     0.683945 
59361.074396 0.000000 0.000000    -1.638462     0.686024 
59361.112007 0.000000 0.000000    -1.651843     0.688086 
59361.149617 0.000000 0.000000    -1.664893     0.690131 
59361.187227 0.000000 0.000000    -1.677610     0.692158 
59361.224837 0.000000 0.000000    -1.689992     0.694167 
59361.262447 0.000000 0.000000    -1.702036     0.696159 
59361.300057 0.000000 0.000000    -1.713741     0.698133 
59361.337668 0.000000 0.000000    -1.725105     0.700088 
59361.375278 0.000000 0.000000    -1.736125     0.702026 
59361.412888 0.000000 0.000000    -1.746799     0.703946 
59361.450498 0.000000 0.000000    -1.757127     0.705847 
59361.488108 0.000000 0.000000    -1.767107     0.707730 
59361.525718 0.000000 0.000000    -1.776737     0.709594 
59361.563328 0.000000 0.000000    -1.786016     0.711440 
59361.600939 0.000000 0.000000    -1.794943     0.713267 
59361.638549 0.000000 0.000000    -1.803517     0.715076 
59361.676159 0.000000 0.000000    -1.811737     0.716866 
59361.713769 0.000000 0.000000    -1.819603     0.718638 
59361.751379 0.000000 0.000000    -1.827114     0.720390 
59361.788989 0.000000 0.000000    -1.834270     0.722124 
59361.826600 0.000000 0.000000    -1.841070     0.723839 
59361.864210 0.000000 0.000000    -1.847514     0.725535 
59361.901820 0.000000 0.000000    -1.853603     0.727213 
59361.939430 0.000000 0.000000    -1.859336     0.728871 
59361.977040 0.000000 0.000000    -1.864713     0.730511 
59362.014650 0.000000 0.000000    -1.869736     0.732132 
59362.052261 0.000000 0.000000    -1.874404     0.733734 
59362.089871 0.000000 0.000000    -1.878718     0.735318 
59362.127481 0.000000 0.000000    -1.882679     0.736883 
59362.165091 0.000000 0.000000    -1.886288     0.738428 
59362.202701 0.000000 0.000000    -1.889546     0.739956 
59362.240311 0.000000 0.000000    -1.892455     0.741464 
59362.277921 0.000000 0.000000    -1.895014     0.742954 
59362.315532 0.000000 0.000000    -1.897227     0.744426 
59362.353142 0.000000 0.000000    -1.899094     0.745879 
59362.390752 0.000000 0.000000    -1.900617     0.747313 
59362.428362 0.000000 0.000000    -1.901798     0.748730 
59362.465972 0.000000 0.000000    -1.902639     0.750128 
59362.503582 0.000000 0.000000    -1.903142     0.751507 
59362.541193 0.000000 0.000000    -1.903309     0.752869 
59362.578803 0.000000 0.000000    -1.903142     0.754212 
59362.616413 0.000000 0.000000    -1.902645     0.755538 
59362.654023 0.000000 0.000000    -1.901819     0.756845 
59362.691633 0.000000 0.000000    -1.900667     0.758135 
59362.729243 0.000000 0.000000    -1.899191     0.759407 
59362.766853 0.000000 0.000000    -1.897396     0.760661 
59362.804464 0.000000 0.000000    -1.895283     0.761898 
59362.842074 0.000000 0.000000    -1.892856     0.763117 
59362.879684 0.000000 0.000000    -1.890119     0.764320 
59362.917294 0.000000 0.000000    -1.887073     0.765505 
59362.954904 0.000000 0.000000    -1.883724     0.766672 
59362.992514 0.000000 0.000000    -1.880074     0.767823 
59363.030125 0.000000 0.000000    -1.876127     0.768957 
59363.067735 0.000000 0.000000    -1.871887     0.770075 
59363.105345 0.000000 0.000000    -1.867358     0.771176 
59363.142955 0.000000 0.000000    -1.862543     0.772260 
59363.180565 0.000000 0.000000    -1.857447     0.773328 
59363.218175 0.000000 0.000000    -1.852073     0.774380 
59363.255785 0.000000 0.000000    -1.846427     0.775416 
59363.293396 0.000000 0.000000    -1.840512     0.776436 
59363.331006 0.000000 0.000000    -1.834333     0.777440 
59363.368616 0.000000 0.000000    -1.827894     0.778429 
59363.406226 0.000000 0.000000    -1.821199     0.779402 
59363.443836 0.000000 0.000000    -1.814254     0.780359 
59363.481446 0.000000 0.000000    -1.807063     0.781302 
59363.519057 0.000000 0.000000    -1.799632     0.782230 
59363.556667 0.000000 0.000000    -1.791964     0.783143 
59363.594277 0.000000 0.000000    -1.784064     0.784041 
59363.631887 0.000000 0.000000    -1.775939     0.784925 
59363.669497 0.000000 0.000000    -1.767592     0.785794 
59363.707107 0.000000 0.000000    -1.759030     0.786649 
59363.744718 0.000000 0.000000    -1.750256     0.787490 
59363.782328 0.000000 0.000000    -1.741278     0.788317 
59363.819938 0.000000 0.000000    -1.732099     0.789131 
59363.857548 0.000000 0.000000    -1.722725     0.789931 
59363.895158 0.000000 0.000000    -1.713162     0.790718 
59363.932768 0.000000 0.000000    -1.703415     0.791491 
59363.970378 0.000000 0.000000    -1.693490     0.792252 
59364.007989 0.000000 0.000000    -1.683392     0.793000 
59364.045599 0.000000 0.000000    -1.673127     0.793735 
59364.083209 0.000000 0.000000    -1.662700     0.794458 
59364.120819 0.000000 0.000000    -1.652118     0.795168 
59364.158429 0.000000 0.000000    -1.641386     0.795867 
59364.196039 0.000000 0.000000    -1.630509     0.796553 
59364.233650 0.000000 0.000000    -1.619494     0.797228 
59364.271260 0.000000 0.000000    -1.608347     0.797892 
59364.308870 0.000000 0.000000    -1.597073     0.798544 
59364.346480 0.000000 0.000000    -1.585678     0.799184 
59364.384090 0.000000 0.000000    -1.574168     0.799814 
59364.421700 0.000000 0.000000    -1.562548     0.800434 
59364.459310 0.000000 0.000000    -1.550826     0.801042 
59364.496921 0.000000 0.000000    -1.539007     0.801640 
59364.534531 0.000000 0.000000    -1.527096     0.802228 
59364.572141 0.000000 0.000000    -1.515100     0.802806 
59364.609751 0.000000 0.000000    -1.503025     0.803375 
59364.647361 0.000000 0.000000    -1.490876     0.803933 
59364.684971 0.000000 0.000000    -1.478660     0.804482 
59364.722582 0.000000 0.000000    -1.466383     0.805022 
59364.760192 0.000000 0.000000    -1.454050     0.805553 
59364.797802 0.000000 0.000000    -1.441668     0.806075 
59364.835412 0.000000 0.000000    -1.429242     0.806589 
59364.873022 0.000000 0.000000    -1.416778     0.807094 
59364.910632 0.000000 0.000000    -1.404283     0.807591 
59364.948242 0.000000 0.000000    -1.391762     0.808079 
59364.985853 0.000000 0.000000    -1.379220     0.808560 
59365.023463 0.000000 0.000000    -1.366665     0.809033 
59365.061073 0.000000 0.000000    -1.354101     0.809499 
59365.098683 0.000000 0.000000    -1.341535     0.809957 
59365.136293 0.000000 0.000000    -1.328973     0.810408 
59365.173903 0.000000 0.000000    -1.316419     0.810852 
59365.211514 0.000000 0.000000    -1.303880     0.811290 
59365.249124 0.000000 0.000000    -1.291361     0.811721 
59365.286734 0.000000 0.000000    -1.278869     0.812145 
59365.324344 0.000000 0.000000    -1.266408     0.812563 
59365.361954 0.000000 0.000000    -1.253984     0.812976 
59365.399564 0.000000 0.000000    -1.241603     0.813382 
59365.437175 0.000000 0.000000    -1.229270     0.813783 
59365.474785 0.000000 0.000000    -1.216990     0.814178 
59365.512395 0.000000 0.000000    -1.204770     0.814568 
59365.550005 0.000000 0.000000    -1.192613     0.814953 
59365.587615 0.000000 0.000000    -1.180527     0.815333 
59365.625225 0.000000 0.000000    -1.168514     0.815708 
59365.662835 0.000000 0.000000    -1.156582     0.816078 
59365.700446 0.000000 0.000000    -1.144735     0.816444 
59365.738056 0.000000 0.000000    -1.132977     0.816806 
59365.775666 0.000000 0.000000    -1.121314     0.817164 
59365.813276 0.000000 0.000000    -1.109752     0.817517 
59365.850886 0.000000 0.000000    -1.098293     0.817867 
59365.888496 0.000000 0.000000    -1.086944     0.818213 
59365.926107 0.000000 0.000000    -1.075709     0.818556 
59365.963717 0.000000 0.000000    -1.064593     0.818895 
59366.001327 0.000000 0.000000    -1.053600     0.819231 
59366.038937 0.000000 0.000000    -1.042734     0.819564 
59366.076547 0.000000 0.000000    -1.032000     0.819894 
59366.114157 0.000000 0.000000    -1.021403     0.820221 
59366.151767 0.000000 0.000000    -1.010946     0.820546 
59366.189378 0.000000 0.000000    -1.000634     0.820868 
59366.226988 0.000000 0.000000    -0.990470     0.821188 
59366.264598 0.000000 0.000000    -0.980460     0.821505 
59366.302208 0.000000 0.000000    -0.970606     0.821820 
59366.339818 0.000000 0.000000    -0.960912     0.822133 
59366.377428 0.000000 0.000000    -0.951382     0.822444 
59366.415039 0.000000 0.000000    -0.942021     0.822754 
59366.452649 0.000000 0.000000    -0.932830     0.823061 
59366.490259 0.000000 0.000000    -0.923815     0.823367 
59366.527869 0.000000 0.000000    -0.914978     0.823672 
59366.565479 0.000000 0.000000    -0.906322     0.823975 
59366.603089 0.000000 0.000000    -0.897850     0.824276 
59366.640699 0.000000 0.000000    -0.889567     0.824577 
59366.678310 0.000000 0.000000    -0.881474     0.824876 
59366.715920 0.000000 0.000000    -0.873575     0.825174 
59366.753530 0.000000 0.000000    -0.865872     0.825471 
59366.791140 0.000000 0.000000    -0.858369     0.825767 
59366.828750 0.000000 0.000000    -0.851067     0.826063 
59366.866360 0.000000 0.000000    -0.843970     0.826357 
59366.903971 0.000000 0.000000    -0.837079     0.826651 
59366.941581 0.000000 0.000000    -0.830398     0.826944 
59366.979191 0.000000 0.000000    -0.823928     0.827236 
59367.016801 0.000000 0.000000    -0.817671     0.827528 
59367.054411 0.000000 0.000000    -0.811630     0.827819 
59367.092021 0.000000 0.000000    -0.805806     0.828110 
59367.129632 0.000000 0.000000    -0.800202     0.828400 
59367.167242 0.000000 0.000000    -0.794818     0.828690 
59367.204852 0.000000 0.000000    -0.789657     0.828979 
59367.242462 0.000000 0.000000    -0.784721     0.829267 
59367.280072 0.000000 0.000000    -0.780010     0.829556 
59367.317682 0.000000 0.000000    -0.775526     0.829844 
59367.355292 0.000000 0.000000    -0.771270     0.830131 
59367.392903 0.000000 0.000000    -0.767244     0.830418 
59367.430513 0.000000 0.000000    -0.763448     0.830705 
59367.468123 0.000000 0.000000    -0.759884     0.830992 
59367.505733 0.000000 0.000000    -0.756551     0.831278 
59367.543343 0.000000 0.000000    -0.753452     0.831563 
59367.580953 0.000000 0.000000    -0.750587     0.831848 
59367.618564 0.000000 0.000000    -0.747956     0.832133 
59367.656174 0.000000 0.000000    -0.745559     0.832417 
59367.693784 0.000000 0.000000    -0.743398     0.832701 
59367.731394 0.000000 0.000000    -0.741471     0.832984 
59367.769004 0.000000 0.000000    -0.739781     0.833267 
59367.806614 0.000000 0.000000    -0.738326     0.833549 
59367.844224 0.000000 0.000000    -0.737107     0.833831 
59367.881835 0.000000 0.000000    -0.736123     0.834111 
59367.919445 0.000000 0.000000    -0.735374     0.834391 
59367.957055 0.000000 0.000000    -0.734861     0.834671 
59367.994665 0.000000 0.000000    -0.734582     0.834950 
59368.032275 0.000000 0.000000    -0.734538     0.835227 
59368.069885 0.000000 0.000000    -0.734727     0.835504 
59368.107496 0.000000 0.000000    -0.735149     0.835780 
59368.145106 0.000000 0.000000    -0.735803     0.836055 
59368.182716 0.000000 0.000000    -0.736689     0.836329 
59368.220326 0.000000 0.000000    -0.737806     0.836601 
59368.257936 0.000000 0.000000    -0.739152     0.836873 
59368.295546 0.000000 0.000000    -0.740726     0.837143 
59368.333156 0.000000 0.000000    -0.742528     0.837412 
59368.370767 0.000000 0.000000    -0.744556     0.837680 
59368.408377 0.000000 0.000000    -0.746809     0.837946 
59368.445987 0.000000 0.000000    -0.749285     0.838210 
59368.483597 0.000000 0.000000    -0.751984     0.838473 
59368.521207 0.000000 0.000000    -0.754902     0.838734 
59368.558817 0.000000 0.000000    -0.758040     0.838994 
59368.596428 0.000000 0.000000    -0.761394     0.839251 
59368.634038 0.000000 0.000000    -0.764964     0.839507 
59368.671648 0.000000 0.000000    -0.768747     0.839761 
59368.709258 0.000000 0.000000    -0.772742     0.840013 
59368.746868 0.000000 0.000000    -0.776947     0.840262 
59368.784478 0.000000 0.000000    -0.781358     0.840510 
59368.822089 0.000000 0.000000    -0.785976     0.840755 
59368.859699 0.000000 0.000000    -0.790796     0.840997 
59368.897309 0.000000 0.000000    -0.795817     0.841238 
59368.934919 0.000000 0.000000    -0.801037     0.841476 
59368.972529 0.000000 0.000000    -0.806454     0.841711 
59369.010139 0.000000 0.000000    -0.812064     0.841943 
59369.047749 0.000000 0.000000    -0.817865     0.842173 
59369.085360 0.000000 0.000000    -0.823855     0.842400 
59369.122970 0.000000 0.000000    -0.830032     0.842624 
59369.160580 0.000000 0.000000    -0.836391     0.842846 
59369.198190 0.000000 0.000000    -0.842932     0.843064 
59369.235800 0.000000 0.000000    -0.849650     0.843279 
59369.273410 0.000000 0.000000    -0.856544     0.843491 
59369.311021 0.000000 0.000000    -0.863610     0.843700 
59369.348631 0.000000 0.000000    -0.870845     0.843906 
59369.386241 0.000000 0.000000    -0.878247     0.844108 
59369.423851 0.000000 0.000000    -0.885812     0.844307 
59369.461461 0.000000 0.000000    -0.893538     0.844503 
59369.499071 0.000000 0.000000    -0.901421     0.844695 
59369.536681 0.000000 0.000000    -0.909458     0.844883 
59369.574292 0.000000 0.000000    -0.917646     0.845068 
59369.611902 0.000000 0.000000    -0.925982     0.845250 
59369.649512 0.000000 0.000000    -0.934462     0.845427 
59369.687122 0.000000 0.000000    -0.943083     0.845601 
59369.724732 0.000000 0.000000    -0.951843     0.845771 
59369.762342 0.000000 0.000000    -0.960737     0.845938 
59369.799953 0.000000 0.000000    -0.969762     0.846101 
59369.837563 0.000000 0.000000    -0.978915     0.846259 
59369.875173 0.000000 0.000000    -0.988192     0.846414 
59369.912783 0.000000 0.000000    -0.997590     0.846565 
59369.950393 0.000000 0.000000    -1.007106     0.846712 
59369.988003 0.000000 0.000000    -1.016736     0.846855 
59370.025613 0.000000 0.000000    -1.026476     0.846995 
59370.063224 0.000000 0.000000    -1.036323     0.847130 
59370.100834 0.000000 0.000000    -1.046273     0.847261 
59370.138444 0.000000 0.000000    -1.056323     0.847388 
59370.176054 0.000000 0.000000    -1.066469     0.847511 
59370.213664 0.000000 0.000000    -1.076707     0.847631 
59370.251274 0.000000 0.000000    -1.087035     0.847746 
59370.288885 0.000000 0.000000    -1.097447     0.847857 
59370.326495 0.000000 0.000000    -1.107942     0.847964 
59370.364105 0.000000 0.000000    -1.118514     0.848067 
59370.401715 0.000000 0.000000    -1.129160     0.848166 
59370.439325 0.000000 0.000000    -1.139877     0.848261 
59370.476935 0.000000 0.000000    -1.150661     0.848353 
59370.514546 0.000000 0.000000    -1.161509     0.848440 
59370.552156 0.000000 0.000000    -1.172415     0.848523 
59370.589766 0.000000 0.000000    -1.183378     0.848602 
59370.627376 0.000000 0.000000    -1.194393     0.848678 
59370.664986 0.000000 0.000000    -1.205456     0.848750 
59370.702596 0.000000 0.000000    -1.216565     0.848817 
59370.740206 0.000000 0.000000    -1.227714     0.848882 
59370.777817 0.000000 0.000000    -1.238901     0.848942 
59370.815427 0.000000 0.000000    -1.250121     0.848998 
59370.853037 0.000000 0.000000    -1.261372     0.849051 
59370.890647 0.000000 0.000000    -1.272649     0.849100 
59370.928257 0.000000 0.000000    -1.283949     0.849146 
59370.965867 0.000000 0.000000    -1.295269     0.849188 
59371.003478 0.000000 0.000000    -1.306603     0.849227 
59371.041088 0.000000 0.000000    -1.317950     0.849262 
59371.078698 0.000000 0.000000    -1.329305     0.849293 
59371.116308 0.000000 0.000000    -1.340665     0.849321 
59371.153918 0.000000 0.000000    -1.352026     0.849346 
59371.191528 0.000000 0.000000    -1.363384     0.849368 
59371.229138 0.000000 0.000000    -1.374737     0.849386 
59371.266749 0.000000 0.000000    -1.386080     0.849402 
59371.304359 0.000000 0.000000    -1.397410     0.849414 
59371.341969 0.000000 0.000000    -1.408723     0.849423 
59371.379579 0.000000 0.000000    -1.420017     0.849429 
59371.417189 0.000000 0.000000    -1.431287     0.849432 
59371.454799 0.000000 0.000000    -1.442530     0.849432 
59371.492410 0.000000 0.000000    -1.453743     0.849430 
59371.530020 0.000000 0.000000    -1.464922     0.849424 
59371.567630 0.000000 0.000000    -1.476064     0.849416 
59371.605240 0.000000 0.000000    -1.487166     0.849405 
59371.642850 0.000000 0.000000    -1.498225     0.849392 
59371.680460 0.000000 0.000000    -1.509236     0.849376 
59371.718070 0.000000 0.000000    -1.520197     0.849358 
59371.755681 0.000000 0.000000    -1.531104     0.849337 
59371.793291 0.000000 0.000000    -1.541955     0.849314 
59371.830901 0.000000 0.000000    -1.552746     0.849288 
59371.868511 0.000000 0.000000    -1.563474     0.849260 
59371.906121 0.000000 0.000000    -1.574136     0.849230 
59371.943731 0.000000 0.000000    -1.584728     0.849198 
59371.981342 0.000000 0.000000    -1.595249     0.849163 
59372.018952 0.000000 0.000000    -1.605694     0.849127 
59372.056562 0.000000 0.000000    -1.616060     0.849088 
59372.094172 0.000000 0.000000    -1.626345     0.849048 
59372.131782 0.000000 0.000000    -1.636546     0.849006 
59372.169392 0.000000 0.000000    -1.646660     0.848961 
59372.207003 0.000000 0.000000    -1.656684     0.848915 
59372.244613 0.000000 0.000000    -1.666615     0.848867 
59372.282223 0.000000 0.000000    -1.676450     0.848817 
59372.319833 0.000000 0.000000    -1.686187     0.848766 
59372.357443 0.000000 0.000000    -1.695822     0.848712 
59372.395053 0.000000 0.000000    -1.705354     0.848657 
59372.432663 0.000000 0.000000    -1.714779     0.848601 
59372.470274 0.000000 0.000000    -1.724095     0.848542 
59372.507884 0.000000 0.000000    -1.733299     0.848482 
59372.545494 0.000000 0.000000    -1.742388     0.848421 
59372.583104 0.000000 0.000000    -1.751361     0.848358 
59372.620714 0.000000 0.000000    -1.760214     0.848293 
59372.658324 0.000000 0.000000    -1.768946     0.848227 
59372.695935 0.000000 0.000000    -1.777553     0.848159 
59372.733545 0.000000 0.000000    -1.786033     0.848090 
59372.771155 0.000000 0.000000     0.000001     6.604629 
