# Tc_folded model 
-1.500000 0.947018 
-1.499000 0.961192 
-1.498000 0.975287 
-1.497000 0.989302 
-1.496000 1.003237 
-1.495000 1.017090 
-1.494000 1.030863 
-1.493000 1.044555 
-1.492000 1.058166 
-1.491000 1.071695 
-1.490000 1.085142 
-1.489000 1.098508 
-1.488000 1.111791 
-1.487000 1.124993 
-1.486000 1.138111 
-1.485000 1.151148 
-1.484000 1.164101 
-1.483000 1.176972 
-1.482000 1.189760 
-1.481000 1.202465 
-1.480000 1.215086 
-1.479000 1.227624 
-1.478000 1.240079 
-1.477000 1.252450 
-1.476000 1.264737 
-1.475000 1.276940 
-1.474000 1.289060 
-1.473000 1.301096 
-1.472000 1.313047 
-1.471000 1.324915 
-1.470000 1.336698 
-1.469000 1.348398 
-1.468000 1.360013 
-1.467000 1.371543 
-1.466000 1.382990 
-1.465000 1.394352 
-1.464000 1.405629 
-1.463000 1.416823 
-1.462000 1.427931 
-1.461000 1.438956 
-1.460000 1.449895 
-1.459000 1.460751 
-1.458000 1.471522 
-1.457000 1.482208 
-1.456000 1.492810 
-1.455000 1.503328 
-1.454000 1.513761 
-1.453000 1.524110 
-1.452000 1.534374 
-1.451000 1.544554 
-1.450000 1.554650 
-1.449000 1.564662 
-1.448000 1.574589 
-1.447000 1.584433 
-1.446000 1.594192 
-1.445000 1.603867 
-1.444000 1.613458 
-1.443000 1.622965 
-1.442000 1.632388 
-1.441000 1.641728 
-1.440000 1.650984 
-1.439000 1.660156 
-1.438000 1.669245 
-1.437000 1.678250 
-1.436000 1.687172 
-1.435000 1.696011 
-1.434000 1.704766 
-1.433000 1.713438 
-1.432000 1.722028 
-1.431000 1.730534 
-1.430000 1.738958 
-1.429000 1.747299 
-1.428000 1.755557 
-1.427000 1.763733 
-1.426000 1.771826 
-1.425000 1.779838 
-1.424000 1.787767 
-1.423000 1.795614 
-1.422000 1.803380 
-1.421000 1.811063 
-1.420000 1.818666 
-1.419000 1.826186 
-1.418000 1.833625 
-1.417000 1.840983 
-1.416000 1.848261 
-1.415000 1.855457 
-1.414000 1.862572 
-1.413000 1.869607 
-1.412000 1.876561 
-1.411000 1.883435 
-1.410000 1.890228 
-1.409000 1.896942 
-1.408000 1.903575 
-1.407000 1.910129 
-1.406000 1.916604 
-1.405000 1.922998 
-1.404000 1.929314 
-1.403000 1.935550 
-1.402000 1.941708 
-1.401000 1.947787 
-1.400000 1.953787 
-1.399000 1.959708 
-1.398000 1.965551 
-1.397000 1.971316 
-1.396000 1.977004 
-1.395000 1.982613 
-1.394000 1.988144 
-1.393000 1.993599 
-1.392000 1.998975 
-1.391000 2.004275 
-1.390000 2.009498 
-1.389000 2.014644 
-1.388000 2.019713 
-1.387000 2.024706 
-1.386000 2.029622 
-1.385000 2.034463 
-1.384000 2.039227 
-1.383000 2.043916 
-1.382000 2.048530 
-1.381000 2.053067 
-1.380000 2.057530 
-1.379000 2.061918 
-1.378000 2.066230 
-1.377000 2.070469 
-1.376000 2.074632 
-1.375000 2.078721 
-1.374000 2.082737 
-1.373000 2.086678 
-1.372000 2.090545 
-1.371000 2.094339 
-1.370000 2.098060 
-1.369000 2.101707 
-1.368000 2.105281 
-1.367000 2.108782 
-1.366000 2.112211 
-1.365000 2.115567 
-1.364000 2.118851 
-1.363000 2.122063 
-1.362000 2.125203 
-1.361000 2.128271 
-1.360000 2.131267 
-1.359000 2.134192 
-1.358000 2.137046 
-1.357000 2.139829 
-1.356000 2.142541 
-1.355000 2.145183 
-1.354000 2.147753 
-1.353000 2.150254 
-1.352000 2.152685 
-1.351000 2.155045 
-1.350000 2.157336 
-1.349000 2.159557 
-1.348000 2.161709 
-1.347000 2.163792 
-1.346000 2.165806 
-1.345000 2.167751 
-1.344000 2.169627 
-1.343000 2.171435 
-1.342000 2.173174 
-1.341000 2.174845 
-1.340000 2.176449 
-1.339000 2.177985 
-1.338000 2.179453 
-1.337000 2.180854 
-1.336000 2.182187 
-1.335000 2.183454 
-1.334000 2.184653 
-1.333000 2.185786 
-1.332000 2.186853 
-1.331000 2.187853 
-1.330000 2.188787 
-1.329000 2.189655 
-1.328000 2.190458 
-1.327000 2.191194 
-1.326000 2.191866 
-1.325000 2.192472 
-1.324000 2.193013 
-1.323000 2.193489 
-1.322000 2.193900 
-1.321000 2.194247 
-1.320000 2.194529 
-1.319000 2.194747 
-1.318000 2.194902 
-1.317000 2.194992 
-1.316000 2.195018 
-1.315000 2.194981 
-1.314000 2.194881 
-1.313000 2.194717 
-1.312000 2.194491 
-1.311000 2.194201 
-1.310000 2.193849 
-1.309000 2.193434 
-1.308000 2.192957 
-1.307000 2.192418 
-1.306000 2.191817 
-1.305000 2.191154 
-1.304000 2.190429 
-1.303000 2.189642 
-1.302000 2.188795 
-1.301000 2.187886 
-1.300000 2.186916 
-1.299000 2.185885 
-1.298000 2.184793 
-1.297000 2.183641 
-1.296000 2.182428 
-1.295000 2.181155 
-1.294000 2.179822 
-1.293000 2.178429 
-1.292000 2.176976 
-1.291000 2.175464 
-1.290000 2.173892 
-1.289000 2.172261 
-1.288000 2.170571 
-1.287000 2.168821 
-1.286000 2.167013 
-1.285000 2.165146 
-1.284000 2.163221 
-1.283000 2.161237 
-1.282000 2.159195 
-1.281000 2.157095 
-1.280000 2.154937 
-1.279000 2.152721 
-1.278000 2.150447 
-1.277000 2.148116 
-1.276000 2.145727 
-1.275000 2.143282 
-1.274000 2.140779 
-1.273000 2.138219 
-1.272000 2.135603 
-1.271000 2.132929 
-1.270000 2.130200 
-1.269000 2.127414 
-1.268000 2.124572 
-1.267000 2.121673 
-1.266000 2.118719 
-1.265000 2.115709 
-1.264000 2.112643 
-1.263000 2.109522 
-1.262000 2.106345 
-1.261000 2.103114 
-1.260000 2.099827 
-1.259000 2.096485 
-1.258000 2.093088 
-1.257000 2.089636 
-1.256000 2.086130 
-1.255000 2.082570 
-1.254000 2.078955 
-1.253000 2.075286 
-1.252000 2.071563 
-1.251000 2.067786 
-1.250000 2.063956 
-1.249000 2.060071 
-1.248000 2.056133 
-1.247000 2.052142 
-1.246000 2.048098 
-1.245000 2.044000 
-1.244000 2.039849 
-1.243000 2.035646 
-1.242000 2.031389 
-1.241000 2.027081 
-1.240000 2.022719 
-1.239000 2.018305 
-1.238000 2.013839 
-1.237000 2.009321 
-1.236000 2.004751 
-1.235000 2.000128 
-1.234000 1.995455 
-1.233000 1.990729 
-1.232000 1.985952 
-1.231000 1.981123 
-1.230000 1.976243 
-1.229000 1.971312 
-1.228000 1.966330 
-1.227000 1.961297 
-1.226000 1.956213 
-1.225000 1.951079 
-1.224000 1.945894 
-1.223000 1.940658 
-1.222000 1.935372 
-1.221000 1.930036 
-1.220000 1.924649 
-1.219000 1.919213 
-1.218000 1.913727 
-1.217000 1.908191 
-1.216000 1.902605 
-1.215000 1.896969 
-1.214000 1.891285 
-1.213000 1.885550 
-1.212000 1.879767 
-1.211000 1.873934 
-1.210000 1.868053 
-1.209000 1.862122 
-1.208000 1.856143 
-1.207000 1.850115 
-1.206000 1.844038 
-1.205000 1.837913 
-1.204000 1.831740 
-1.203000 1.825518 
-1.202000 1.819248 
-1.201000 1.812930 
-1.200000 1.806564 
-1.199000 1.800150 
-1.198000 1.793689 
-1.197000 1.787180 
-1.196000 1.780623 
-1.195000 1.774019 
-1.194000 1.767368 
-1.193000 1.760669 
-1.192000 1.753923 
-1.191000 1.747130 
-1.190000 1.740290 
-1.189000 1.733404 
-1.188000 1.726471 
-1.187000 1.719491 
-1.186000 1.712464 
-1.185000 1.705391 
-1.184000 1.698272 
-1.183000 1.691107 
-1.182000 1.683895 
-1.181000 1.676638 
-1.180000 1.669335 
-1.179000 1.661985 
-1.178000 1.654590 
-1.177000 1.647150 
-1.176000 1.639664 
-1.175000 1.632132 
-1.174000 1.624555 
-1.173000 1.616933 
-1.172000 1.609266 
-1.171000 1.601554 
-1.170000 1.593797 
-1.169000 1.585995 
-1.168000 1.578148 
-1.167000 1.570257 
-1.166000 1.562321 
-1.165000 1.554341 
-1.164000 1.546316 
-1.163000 1.538247 
-1.162000 1.530134 
-1.161000 1.521977 
-1.160000 1.513775 
-1.159000 1.505530 
-1.158000 1.497242 
-1.157000 1.488909 
-1.156000 1.480533 
-1.155000 1.472114 
-1.154000 1.463651 
-1.153000 1.455145 
-1.152000 1.446595 
-1.151000 1.438003 
-1.150000 1.429367 
-1.149000 1.420689 
-1.148000 1.411968 
-1.147000 1.403204 
-1.146000 1.394397 
-1.145000 1.385548 
-1.144000 1.376657 
-1.143000 1.367723 
-1.142000 1.358747 
-1.141000 1.349729 
-1.140000 1.340669 
-1.139000 1.331567 
-1.138000 1.322423 
-1.137000 1.313237 
-1.136000 1.304010 
-1.135000 1.294741 
-1.134000 1.285431 
-1.133000 1.276079 
-1.132000 1.266687 
-1.131000 1.257253 
-1.130000 1.247778 
-1.129000 1.238262 
-1.128000 1.228705 
-1.127000 1.219107 
-1.126000 1.209469 
-1.125000 1.199791 
-1.124000 1.190071 
-1.123000 1.180312 
-1.122000 1.170512 
-1.121000 1.160673 
-1.120000 1.150793 
-1.119000 1.140873 
-1.118000 1.130913 
-1.117000 1.120914 
-1.116000 1.110875 
-1.115000 1.100797 
-1.114000 1.090679 
-1.113000 1.080522 
-1.112000 1.070326 
-1.111000 1.060090 
-1.110000 1.049816 
-1.109000 1.039503 
-1.108000 1.029151 
-1.107000 1.018761 
-1.106000 1.008332 
-1.105000 0.997864 
-1.104000 0.987358 
-1.103000 0.976814 
-1.102000 0.966232 
-1.101000 0.955613 
-1.100000 0.944955 
-1.099000 0.934259 
-1.098000 0.923526 
-1.097000 0.912755 
-1.096000 0.901947 
-1.095000 0.891102 
-1.094000 0.880220 
-1.093000 0.869300 
-1.092000 0.858344 
-1.091000 0.847351 
-1.090000 0.836321 
-1.089000 0.825254 
-1.088000 0.814152 
-1.087000 0.803013 
-1.086000 0.791837 
-1.085000 0.780626 
-1.084000 0.769379 
-1.083000 0.758096 
-1.082000 0.746778 
-1.081000 0.735424 
-1.080000 0.724034 
-1.079000 0.712610 
-1.078000 0.701150 
-1.077000 0.689655 
-1.076000 0.678125 
-1.075000 0.666561 
-1.074000 0.654962 
-1.073000 0.643329 
-1.072000 0.631662 
-1.071000 0.619960 
-1.070000 0.608224 
-1.069000 0.596455 
-1.068000 0.584652 
-1.067000 0.572815 
-1.066000 0.560945 
-1.065000 0.549041 
-1.064000 0.537105 
-1.063000 0.525136 
-1.062000 0.513134 
-1.061000 0.501099 
-1.060000 0.489031 
-1.059000 0.476932 
-1.058000 0.464800 
-1.057000 0.452637 
-1.056000 0.440441 
-1.055000 0.428214 
-1.054000 0.415955 
-1.053000 0.403665 
-1.052000 0.391344 
-1.051000 0.378992 
-1.050000 0.366609 
-1.049000 0.354196 
-1.048000 0.341752 
-1.047000 0.329278 
-1.046000 0.316774 
-1.045000 0.304240 
-1.044000 0.291676 
-1.043000 0.279083 
-1.042000 0.266460 
-1.041000 0.253808 
-1.040000 0.241128 
-1.039000 0.228418 
-1.038000 0.215680 
-1.037000 0.202914 
-1.036000 0.190119 
-1.035000 0.177297 
-1.034000 0.164447 
-1.033000 0.151569 
-1.032000 0.138664 
-1.031000 0.125732 
-1.030000 0.112773 
-1.029000 0.099787 
-1.028000 0.086775 
-1.027000 0.073737 
-1.026000 0.060673 
-1.025000 0.047583 
-1.024000 0.034467 
-1.023000 0.021326 
-1.022000 0.008160 
-1.021000 -0.005030 
-1.020000 -0.018246 
-1.019000 -0.031485 
-1.018000 -0.044749 
-1.017000 -0.058037 
-1.016000 -0.071348 
-1.015000 -0.084683 
-1.014000 -0.098040 
-1.013000 -0.111421 
-1.012000 -0.124824 
-1.011000 -0.138249 
-1.010000 -0.151697 
-1.009000 -0.165166 
-1.008000 -0.178656 
-1.007000 -0.192168 
-1.006000 -0.205701 
-1.005000 -0.219255 
-1.004000 -0.232828 
-1.003000 -0.246422 
-1.002000 -0.260036 
-1.001000 -0.273669 
-1.000000 -0.287321 
-0.999000 -0.300992 
-0.998000 -0.314682 
-0.997000 -0.328390 
-0.996000 -0.342116 
-0.995000 -0.355859 
-0.994000 -0.369620 
-0.993000 -0.383398 
-0.992000 -0.397193 
-0.991000 -0.411003 
-0.990000 -0.424830 
-0.989000 -0.438673 
-0.988000 -0.452530 
-0.987000 -0.466403 
-0.986000 -0.480291 
-0.985000 -0.494192 
-0.984000 -0.508108 
-0.983000 -0.522037 
-0.982000 -0.535979 
-0.981000 -0.549934 
-0.980000 -0.563901 
-0.979000 -0.577881 
-0.978000 -0.591872 
-0.977000 -0.605874 
-0.976000 -0.619888 
-0.975000 -0.633912 
-0.974000 -0.647946 
-0.973000 -0.661989 
-0.972000 -0.676042 
-0.971000 -0.690104 
-0.970000 -0.704174 
-0.969000 -0.718253 
-0.968000 -0.732339 
-0.967000 -0.746432 
-0.966000 -0.760532 
-0.965000 -0.774638 
-0.964000 -0.788750 
-0.963000 -0.802868 
-0.962000 -0.816990 
-0.961000 -0.831117 
-0.960000 -0.845248 
-0.959000 -0.859383 
-0.958000 -0.873521 
-0.957000 -0.887661 
-0.956000 -0.901804 
-0.955000 -0.915948 
-0.954000 -0.930094 
-0.953000 -0.944240 
-0.952000 -0.958386 
-0.951000 -0.972532 
-0.950000 -0.986678 
-0.949000 -1.000822 
-0.948000 -1.014964 
-0.947000 -1.029103 
-0.946000 -1.043240 
-0.945000 -1.057373 
-0.944000 -1.071502 
-0.943000 -1.085627 
-0.942000 -1.099747 
-0.941000 -1.113861 
-0.940000 -1.127968 
-0.939000 -1.142069 
-0.938000 -1.156162 
-0.937000 -1.170248 
-0.936000 -1.184325 
-0.935000 -1.198393 
-0.934000 -1.212451 
-0.933000 -1.226498 
-0.932000 -1.240535 
-0.931000 -1.254560 
-0.930000 -1.268573 
-0.929000 -1.282574 
-0.928000 -1.296560 
-0.927000 -1.310533 
-0.926000 -1.324491 
-0.925000 -1.338433 
-0.924000 -1.352360 
-0.923000 -1.366270 
-0.922000 -1.380162 
-0.921000 -1.394036 
-0.920000 -1.407892 
-0.919000 -1.421728 
-0.918000 -1.435544 
-0.917000 -1.449339 
-0.916000 -1.463113 
-0.915000 -1.476865 
-0.914000 -1.490593 
-0.913000 -1.504298 
-0.912000 -1.517979 
-0.911000 -1.531635 
-0.910000 -1.545264 
-0.909000 -1.558867 
-0.908000 -1.572443 
-0.907000 -1.585990 
-0.906000 -1.599509 
-0.905000 -1.612998 
-0.904000 -1.626457 
-0.903000 -1.639884 
-0.902000 -1.653279 
-0.901000 -1.666642 
-0.900000 -1.679971 
-0.899000 -1.693265 
-0.898000 -1.706525 
-0.897000 -1.719748 
-0.896000 -1.732934 
-0.895000 -1.746083 
-0.894000 -1.759193 
-0.893000 -1.772264 
-0.892000 -1.785295 
-0.891000 -1.798284 
-0.890000 -1.811232 
-0.889000 -1.824137 
-0.888000 -1.836998 
-0.887000 -1.849814 
-0.886000 -1.862585 
-0.885000 -1.875310 
-0.884000 -1.887987 
-0.883000 -1.900616 
-0.882000 -1.913197 
-0.881000 -1.925727 
-0.880000 -1.938206 
-0.879000 -1.950634 
-0.878000 -1.963009 
-0.877000 -1.975330 
-0.876000 -1.987596 
-0.875000 -1.999807 
-0.874000 -2.011961 
-0.873000 -2.024058 
-0.872000 -2.036097 
-0.871000 -2.048076 
-0.870000 -2.059994 
-0.869000 -2.071852 
-0.868000 -2.083647 
-0.867000 -2.095378 
-0.866000 -2.107046 
-0.865000 -2.118648 
-0.864000 -2.130183 
-0.863000 -2.141652 
-0.862000 -2.153052 
-0.861000 -2.164382 
-0.860000 -2.175643 
-0.859000 -2.186831 
-0.858000 -2.197948 
-0.857000 -2.208991 
-0.856000 -2.219959 
-0.855000 -2.230852 
-0.854000 -2.241669 
-0.853000 -2.252407 
-0.852000 -2.263068 
-0.851000 -2.273648 
-0.850000 -2.284148 
-0.849000 -2.294565 
-0.848000 -2.304900 
-0.847000 -2.315151 
-0.846000 -2.325317 
-0.845000 -2.335397 
-0.844000 -2.345390 
-0.843000 -2.355294 
-0.842000 -2.365109 
-0.841000 -2.374834 
-0.840000 -2.384467 
-0.839000 -2.394008 
-0.838000 -2.403455 
-0.837000 -2.412807 
-0.836000 -2.422064 
-0.835000 -2.431223 
-0.834000 -2.440285 
-0.833000 -2.449248 
-0.832000 -2.458110 
-0.831000 -2.466872 
-0.830000 -2.475531 
-0.829000 -2.484086 
-0.828000 -2.492538 
-0.827000 -2.500883 
-0.826000 -2.509122 
-0.825000 -2.517253 
-0.824000 -2.525276 
-0.823000 -2.533188 
-0.822000 -2.540990 
-0.821000 -2.548679 
-0.820000 -2.556256 
-0.819000 -2.563718 
-0.818000 -2.571065 
-0.817000 -2.578295 
-0.816000 -2.585409 
-0.815000 -2.592404 
-0.814000 -2.599279 
-0.813000 -2.606034 
-0.812000 -2.612667 
-0.811000 -2.619177 
-0.810000 -2.625564 
-0.809000 -2.631826 
-0.808000 -2.637963 
-0.807000 -2.643972 
-0.806000 -2.649854 
-0.805000 -2.655607 
-0.804000 -2.661230 
-0.803000 -2.666723 
-0.802000 -2.672084 
-0.801000 -2.677311 
-0.800000 -2.682406 
-0.799000 -2.687365 
-0.798000 -2.692189 
-0.797000 -2.696876 
-0.796000 -2.701425 
-0.795000 -2.705836 
-0.794000 -2.710108 
-0.793000 -2.714239 
-0.792000 -2.718229 
-0.791000 -2.722076 
-0.790000 -2.725781 
-0.789000 -2.729341 
-0.788000 -2.732757 
-0.787000 -2.736027 
-0.786000 -2.739151 
-0.785000 -2.742127 
-0.784000 -2.744955 
-0.783000 -2.747634 
-0.782000 -2.750163 
-0.781000 -2.752541 
-0.780000 -2.754769 
-0.779000 -2.756844 
-0.778000 -2.758766 
-0.777000 -2.760534 
-0.776000 -2.762148 
-0.775000 -2.763608 
-0.774000 -2.764911 
-0.773000 -2.766058 
-0.772000 -2.767048 
-0.771000 -2.767880 
-0.770000 -2.768554 
-0.769000 -2.769069 
-0.768000 -2.769424 
-0.767000 -2.769620 
-0.766000 -2.769654 
-0.765000 -2.769528 
-0.764000 -2.769239 
-0.763000 -2.768788 
-0.762000 -2.768175 
-0.761000 -2.767398 
-0.760000 -2.766458 
-0.759000 -2.765353 
-0.758000 -2.764084 
-0.757000 -2.762650 
-0.756000 -2.761050 
-0.755000 -2.759285 
-0.754000 -2.757354 
-0.753000 -2.755256 
-0.752000 -2.752992 
-0.751000 -2.750560 
-0.750000 -2.747962 
-0.749000 -2.745196 
-0.748000 -2.742262 
-0.747000 -2.739161 
-0.746000 -2.735891 
-0.745000 -2.732454 
-0.744000 -2.728848 
-0.743000 -2.725073 
-0.742000 -2.721130 
-0.741000 -2.717018 
-0.740000 -2.712738 
-0.739000 -2.708289 
-0.738000 -2.703671 
-0.737000 -2.698885 
-0.736000 -2.693930 
-0.735000 -2.688807 
-0.734000 -2.683515 
-0.733000 -2.678055 
-0.732000 -2.672427 
-0.731000 -2.666630 
-0.730000 -2.660666 
-0.729000 -2.654535 
-0.728000 -2.648235 
-0.727000 -2.641769 
-0.726000 -2.635136 
-0.725000 -2.628336 
-0.724000 -2.621370 
-0.723000 -2.614239 
-0.722000 -2.606941 
-0.721000 -2.599479 
-0.720000 -2.591852 
-0.719000 -2.584061 
-0.718000 -2.576106 
-0.717000 -2.567988 
-0.716000 -2.559707 
-0.715000 -2.551264 
-0.714000 -2.542659 
-0.713000 -2.533893 
-0.712000 -2.524967 
-0.711000 -2.515881 
-0.710000 -2.506635 
-0.709000 -2.497232 
-0.708000 -2.487670 
-0.707000 -2.477952 
-0.706000 -2.468077 
-0.705000 -2.458047 
-0.704000 -2.447862 
-0.703000 -2.437523 
-0.702000 -2.427031 
-0.701000 -2.416387 
-0.700000 -2.405591 
-0.699000 -2.394645 
-0.698000 -2.383550 
-0.697000 -2.372306 
-0.696000 -2.360914 
-0.695000 -2.349376 
-0.694000 -2.337692 
-0.693000 -2.325864 
-0.692000 -2.313892 
-0.691000 -2.301778 
-0.690000 -2.289523 
-0.689000 -2.277127 
-0.688000 -2.264592 
-0.687000 -2.251919 
-0.686000 -2.239110 
-0.685000 -2.226164 
-0.684000 -2.213085 
-0.683000 -2.199872 
-0.682000 -2.186527 
-0.681000 -2.173051 
-0.680000 -2.159446 
-0.679000 -2.145713 
-0.678000 -2.131853 
-0.677000 -2.117868 
-0.676000 -2.103758 
-0.675000 -2.089525 
-0.674000 -2.075171 
-0.673000 -2.060697 
-0.672000 -2.046104 
-0.671000 -2.031394 
-0.670000 -2.016568 
-0.669000 -2.001628 
-0.668000 -1.986574 
-0.667000 -1.971409 
-0.666000 -1.956134 
-0.665000 -1.940750 
-0.664000 -1.925259 
-0.663000 -1.909663 
-0.662000 -1.893962 
-0.661000 -1.878159 
-0.660000 -1.862255 
-0.659000 -1.846251 
-0.658000 -1.830150 
-0.657000 -1.813952 
-0.656000 -1.797659 
-0.655000 -1.781273 
-0.654000 -1.764795 
-0.653000 -1.748227 
-0.652000 -1.731571 
-0.651000 -1.714828 
-0.650000 -1.697999 
-0.649000 -1.681087 
-0.648000 -1.664093 
-0.647000 -1.647019 
-0.646000 -1.629866 
-0.645000 -1.612635 
-0.644000 -1.595329 
-0.643000 -1.577950 
-0.642000 -1.560498 
-0.641000 -1.542975 
-0.640000 -1.525384 
-0.639000 -1.507725 
-0.638000 -1.490000 
-0.637000 -1.472212 
-0.636000 -1.454361 
-0.635000 -1.436450 
-0.634000 -1.418479 
-0.633000 -1.400451 
-0.632000 -1.382368 
-0.631000 -1.364230 
-0.630000 -1.346040 
-0.629000 -1.327799 
-0.628000 -1.309508 
-0.627000 -1.291171 
-0.626000 -1.272787 
-0.625000 -1.254359 
-0.624000 -1.235889 
-0.623000 -1.217377 
-0.622000 -1.198826 
-0.621000 -1.180238 
-0.620000 -1.161613 
-0.619000 -1.142954 
-0.618000 -1.124261 
-0.617000 -1.105538 
-0.616000 -1.086784 
-0.615000 -1.068003 
-0.614000 -1.049195 
-0.613000 -1.030361 
-0.612000 -1.011505 
-0.611000 -0.992626 
-0.610000 -0.973727 
-0.609000 -0.954809 
-0.608000 -0.935874 
-0.607000 -0.916923 
-0.606000 -0.897958 
-0.605000 -0.878980 
-0.604000 -0.859991 
-0.603000 -0.840993 
-0.602000 -0.821985 
-0.601000 -0.802972 
-0.600000 -0.783952 
-0.599000 -0.764929 
-0.598000 -0.745903 
-0.597000 -0.726877 
-0.596000 -0.707851 
-0.595000 -0.688826 
-0.594000 -0.669805 
-0.593000 -0.650788 
-0.592000 -0.631777 
-0.591000 -0.612774 
-0.590000 -0.593779 
-0.589000 -0.574795 
-0.588000 -0.555821 
-0.587000 -0.536861 
-0.586000 -0.517914 
-0.585000 -0.498983 
-0.584000 -0.480068 
-0.583000 -0.461171 
-0.582000 -0.442293 
-0.581000 -0.423435 
-0.580000 -0.404599 
-0.579000 -0.385786 
-0.578000 -0.366997 
-0.577000 -0.348232 
-0.576000 -0.329495 
-0.575000 -0.310785 
-0.574000 -0.292103 
-0.573000 -0.273451 
-0.572000 -0.254831 
-0.571000 -0.236242 
-0.570000 -0.217686 
-0.569000 -0.199165 
-0.568000 -0.180679 
-0.567000 -0.162230 
-0.566000 -0.143818 
-0.565000 -0.125445 
-0.564000 -0.107111 
-0.563000 -0.088817 
-0.562000 -0.070566 
-0.561000 -0.052356 
-0.560000 -0.034191 
-0.559000 -0.016069 
-0.558000 0.002007 
-0.557000 0.020036 
-0.556000 0.038019 
-0.555000 0.055953 
-0.554000 0.073838 
-0.553000 0.091673 
-0.552000 0.109457 
-0.551000 0.127190 
-0.550000 0.144870 
-0.549000 0.162497 
-0.548000 0.180070 
-0.547000 0.197588 
-0.546000 0.215050 
-0.545000 0.232456 
-0.544000 0.249804 
-0.543000 0.267094 
-0.542000 0.284326 
-0.541000 0.301498 
-0.540000 0.318610 
-0.539000 0.335661 
-0.538000 0.352651 
-0.537000 0.369578 
-0.536000 0.386442 
-0.535000 0.403243 
-0.534000 0.419979 
-0.533000 0.436651 
-0.532000 0.453257 
-0.531000 0.469798 
-0.530000 0.486271 
-0.529000 0.502677 
-0.528000 0.519016 
-0.527000 0.535286 
-0.526000 0.551488 
-0.525000 0.567620 
-0.524000 0.583682 
-0.523000 0.599673 
-0.522000 0.615594 
-0.521000 0.631443 
-0.520000 0.647220 
-0.519000 0.662925 
-0.518000 0.678557 
-0.517000 0.694115 
-0.516000 0.709600 
-0.515000 0.725011 
-0.514000 0.740348 
-0.513000 0.755609 
-0.512000 0.770795 
-0.511000 0.785905 
-0.510000 0.800939 
-0.509000 0.815897 
-0.508000 0.830777 
-0.507000 0.845581 
-0.506000 0.860307 
-0.505000 0.874955 
-0.504000 0.889525 
-0.503000 0.904017 
-0.502000 0.918430 
-0.501000 0.932763 
-0.500000 0.947018 
-0.499000 0.961192 
-0.498000 0.975287 
-0.497000 0.989302 
-0.496000 1.003237 
-0.495000 1.017090 
-0.494000 1.030863 
-0.493000 1.044555 
-0.492000 1.058166 
-0.491000 1.071695 
-0.490000 1.085142 
-0.489000 1.098508 
-0.488000 1.111791 
-0.487000 1.124993 
-0.486000 1.138111 
-0.485000 1.151148 
-0.484000 1.164101 
-0.483000 1.176972 
-0.482000 1.189760 
-0.481000 1.202465 
-0.480000 1.215086 
-0.479000 1.227624 
-0.478000 1.240079 
-0.477000 1.252450 
-0.476000 1.264737 
-0.475000 1.276940 
-0.474000 1.289060 
-0.473000 1.301096 
-0.472000 1.313047 
-0.471000 1.324915 
-0.470000 1.336698 
-0.469000 1.348398 
-0.468000 1.360013 
-0.467000 1.371543 
-0.466000 1.382990 
-0.465000 1.394352 
-0.464000 1.405629 
-0.463000 1.416823 
-0.462000 1.427931 
-0.461000 1.438956 
-0.460000 1.449895 
-0.459000 1.460751 
-0.458000 1.471522 
-0.457000 1.482208 
-0.456000 1.492810 
-0.455000 1.503328 
-0.454000 1.513761 
-0.453000 1.524110 
-0.452000 1.534374 
-0.451000 1.544554 
-0.450000 1.554650 
-0.449000 1.564662 
-0.448000 1.574589 
-0.447000 1.584433 
-0.446000 1.594192 
-0.445000 1.603867 
-0.444000 1.613458 
-0.443000 1.622965 
-0.442000 1.632388 
-0.441000 1.641728 
-0.440000 1.650984 
-0.439000 1.660156 
-0.438000 1.669245 
-0.437000 1.678250 
-0.436000 1.687172 
-0.435000 1.696011 
-0.434000 1.704766 
-0.433000 1.713438 
-0.432000 1.722028 
-0.431000 1.730534 
-0.430000 1.738958 
-0.429000 1.747299 
-0.428000 1.755557 
-0.427000 1.763733 
-0.426000 1.771826 
-0.425000 1.779838 
-0.424000 1.787767 
-0.423000 1.795614 
-0.422000 1.803380 
-0.421000 1.811063 
-0.420000 1.818666 
-0.419000 1.826186 
-0.418000 1.833625 
-0.417000 1.840983 
-0.416000 1.848261 
-0.415000 1.855457 
-0.414000 1.862572 
-0.413000 1.869607 
-0.412000 1.876561 
-0.411000 1.883435 
-0.410000 1.890228 
-0.409000 1.896942 
-0.408000 1.903575 
-0.407000 1.910129 
-0.406000 1.916604 
-0.405000 1.922998 
-0.404000 1.929314 
-0.403000 1.935550 
-0.402000 1.941708 
-0.401000 1.947787 
-0.400000 1.953787 
-0.399000 1.959708 
-0.398000 1.965551 
-0.397000 1.971316 
-0.396000 1.977004 
-0.395000 1.982613 
-0.394000 1.988144 
-0.393000 1.993599 
-0.392000 1.998975 
-0.391000 2.004275 
-0.390000 2.009498 
-0.389000 2.014644 
-0.388000 2.019713 
-0.387000 2.024706 
-0.386000 2.029622 
-0.385000 2.034463 
-0.384000 2.039227 
-0.383000 2.043916 
-0.382000 2.048530 
-0.381000 2.053067 
-0.380000 2.057530 
-0.379000 2.061918 
-0.378000 2.066230 
-0.377000 2.070469 
-0.376000 2.074632 
-0.375000 2.078721 
-0.374000 2.082737 
-0.373000 2.086678 
-0.372000 2.090545 
-0.371000 2.094339 
-0.370000 2.098060 
-0.369000 2.101707 
-0.368000 2.105281 
-0.367000 2.108782 
-0.366000 2.112211 
-0.365000 2.115567 
-0.364000 2.118851 
-0.363000 2.122063 
-0.362000 2.125203 
-0.361000 2.128271 
-0.360000 2.131267 
-0.359000 2.134192 
-0.358000 2.137046 
-0.357000 2.139829 
-0.356000 2.142541 
-0.355000 2.145183 
-0.354000 2.147753 
-0.353000 2.150254 
-0.352000 2.152685 
-0.351000 2.155045 
-0.350000 2.157336 
-0.349000 2.159557 
-0.348000 2.161709 
-0.347000 2.163792 
-0.346000 2.165806 
-0.345000 2.167751 
-0.344000 2.169627 
-0.343000 2.171435 
-0.342000 2.173174 
-0.341000 2.174845 
-0.340000 2.176449 
-0.339000 2.177985 
-0.338000 2.179453 
-0.337000 2.180854 
-0.336000 2.182187 
-0.335000 2.183454 
-0.334000 2.184653 
-0.333000 2.185786 
-0.332000 2.186853 
-0.331000 2.187853 
-0.330000 2.188787 
-0.329000 2.189655 
-0.328000 2.190458 
-0.327000 2.191194 
-0.326000 2.191866 
-0.325000 2.192472 
-0.324000 2.193013 
-0.323000 2.193489 
-0.322000 2.193900 
-0.321000 2.194247 
-0.320000 2.194529 
-0.319000 2.194747 
-0.318000 2.194902 
-0.317000 2.194992 
-0.316000 2.195018 
-0.315000 2.194981 
-0.314000 2.194881 
-0.313000 2.194717 
-0.312000 2.194491 
-0.311000 2.194201 
-0.310000 2.193849 
-0.309000 2.193434 
-0.308000 2.192957 
-0.307000 2.192418 
-0.306000 2.191817 
-0.305000 2.191154 
-0.304000 2.190429 
-0.303000 2.189642 
-0.302000 2.188795 
-0.301000 2.187886 
-0.300000 2.186916 
-0.299000 2.185885 
-0.298000 2.184793 
-0.297000 2.183641 
-0.296000 2.182428 
-0.295000 2.181155 
-0.294000 2.179822 
-0.293000 2.178429 
-0.292000 2.176976 
-0.291000 2.175464 
-0.290000 2.173892 
-0.289000 2.172261 
-0.288000 2.170571 
-0.287000 2.168821 
-0.286000 2.167013 
-0.285000 2.165146 
-0.284000 2.163221 
-0.283000 2.161237 
-0.282000 2.159195 
-0.281000 2.157095 
-0.280000 2.154937 
-0.279000 2.152721 
-0.278000 2.150447 
-0.277000 2.148116 
-0.276000 2.145727 
-0.275000 2.143282 
-0.274000 2.140779 
-0.273000 2.138219 
-0.272000 2.135603 
-0.271000 2.132929 
-0.270000 2.130200 
-0.269000 2.127414 
-0.268000 2.124572 
-0.267000 2.121673 
-0.266000 2.118719 
-0.265000 2.115709 
-0.264000 2.112643 
-0.263000 2.109522 
-0.262000 2.106345 
-0.261000 2.103114 
-0.260000 2.099827 
-0.259000 2.096485 
-0.258000 2.093088 
-0.257000 2.089636 
-0.256000 2.086130 
-0.255000 2.082570 
-0.254000 2.078955 
-0.253000 2.075286 
-0.252000 2.071563 
-0.251000 2.067786 
-0.250000 2.063956 
-0.249000 2.060071 
-0.248000 2.056133 
-0.247000 2.052142 
-0.246000 2.048098 
-0.245000 2.044000 
-0.244000 2.039849 
-0.243000 2.035646 
-0.242000 2.031389 
-0.241000 2.027081 
-0.240000 2.022719 
-0.239000 2.018305 
-0.238000 2.013839 
-0.237000 2.009321 
-0.236000 2.004751 
-0.235000 2.000128 
-0.234000 1.995455 
-0.233000 1.990729 
-0.232000 1.985952 
-0.231000 1.981123 
-0.230000 1.976243 
-0.229000 1.971312 
-0.228000 1.966330 
-0.227000 1.961297 
-0.226000 1.956213 
-0.225000 1.951079 
-0.224000 1.945894 
-0.223000 1.940658 
-0.222000 1.935372 
-0.221000 1.930036 
-0.220000 1.924649 
-0.219000 1.919213 
-0.218000 1.913727 
-0.217000 1.908191 
-0.216000 1.902605 
-0.215000 1.896969 
-0.214000 1.891285 
-0.213000 1.885550 
-0.212000 1.879767 
-0.211000 1.873934 
-0.210000 1.868053 
-0.209000 1.862122 
-0.208000 1.856143 
-0.207000 1.850115 
-0.206000 1.844038 
-0.205000 1.837913 
-0.204000 1.831740 
-0.203000 1.825518 
-0.202000 1.819248 
-0.201000 1.812930 
-0.200000 1.806564 
-0.199000 1.800150 
-0.198000 1.793689 
-0.197000 1.787180 
-0.196000 1.780623 
-0.195000 1.774019 
-0.194000 1.767368 
-0.193000 1.760669 
-0.192000 1.753923 
-0.191000 1.747130 
-0.190000 1.740290 
-0.189000 1.733404 
-0.188000 1.726471 
-0.187000 1.719491 
-0.186000 1.712464 
-0.185000 1.705391 
-0.184000 1.698272 
-0.183000 1.691107 
-0.182000 1.683895 
-0.181000 1.676638 
-0.180000 1.669335 
-0.179000 1.661985 
-0.178000 1.654590 
-0.177000 1.647150 
-0.176000 1.639664 
-0.175000 1.632132 
-0.174000 1.624555 
-0.173000 1.616933 
-0.172000 1.609266 
-0.171000 1.601554 
-0.170000 1.593797 
-0.169000 1.585995 
-0.168000 1.578148 
-0.167000 1.570257 
-0.166000 1.562321 
-0.165000 1.554341 
-0.164000 1.546316 
-0.163000 1.538247 
-0.162000 1.530134 
-0.161000 1.521977 
-0.160000 1.513775 
-0.159000 1.505530 
-0.158000 1.497242 
-0.157000 1.488909 
-0.156000 1.480533 
-0.155000 1.472114 
-0.154000 1.463651 
-0.153000 1.455145 
-0.152000 1.446595 
-0.151000 1.438003 
-0.150000 1.429367 
-0.149000 1.420689 
-0.148000 1.411968 
-0.147000 1.403204 
-0.146000 1.394397 
-0.145000 1.385548 
-0.144000 1.376657 
-0.143000 1.367723 
-0.142000 1.358747 
-0.141000 1.349729 
-0.140000 1.340669 
-0.139000 1.331567 
-0.138000 1.322423 
-0.137000 1.313237 
-0.136000 1.304010 
-0.135000 1.294741 
-0.134000 1.285431 
-0.133000 1.276079 
-0.132000 1.266687 
-0.131000 1.257253 
-0.130000 1.247778 
-0.129000 1.238262 
-0.128000 1.228705 
-0.127000 1.219107 
-0.126000 1.209469 
-0.125000 1.199791 
-0.124000 1.190071 
-0.123000 1.180312 
-0.122000 1.170512 
-0.121000 1.160673 
-0.120000 1.150793 
-0.119000 1.140873 
-0.118000 1.130913 
-0.117000 1.120914 
-0.116000 1.110875 
-0.115000 1.100797 
-0.114000 1.090679 
-0.113000 1.080522 
-0.112000 1.070326 
-0.111000 1.060090 
-0.110000 1.049816 
-0.109000 1.039503 
-0.108000 1.029151 
-0.107000 1.018761 
-0.106000 1.008332 
-0.105000 0.997864 
-0.104000 0.987358 
-0.103000 0.976814 
-0.102000 0.966232 
-0.101000 0.955613 
-0.100000 0.944955 
-0.099000 0.934259 
-0.098000 0.923526 
-0.097000 0.912755 
-0.096000 0.901947 
-0.095000 0.891102 
-0.094000 0.880220 
-0.093000 0.869300 
-0.092000 0.858344 
-0.091000 0.847351 
-0.090000 0.836321 
-0.089000 0.825254 
-0.088000 0.814152 
-0.087000 0.803013 
-0.086000 0.791837 
-0.085000 0.780626 
-0.084000 0.769379 
-0.083000 0.758096 
-0.082000 0.746778 
-0.081000 0.735424 
-0.080000 0.724034 
-0.079000 0.712610 
-0.078000 0.701150 
-0.077000 0.689655 
-0.076000 0.678125 
-0.075000 0.666561 
-0.074000 0.654962 
-0.073000 0.643329 
-0.072000 0.631662 
-0.071000 0.619960 
-0.070000 0.608224 
-0.069000 0.596455 
-0.068000 0.584652 
-0.067000 0.572815 
-0.066000 0.560945 
-0.065000 0.549041 
-0.064000 0.537105 
-0.063000 0.525136 
-0.062000 0.513134 
-0.061000 0.501099 
-0.060000 0.489031 
-0.059000 0.476932 
-0.058000 0.464800 
-0.057000 0.452637 
-0.056000 0.440441 
-0.055000 0.428214 
-0.054000 0.415955 
-0.053000 0.403665 
-0.052000 0.391344 
-0.051000 0.378992 
-0.050000 0.366609 
-0.049000 0.354196 
-0.048000 0.341752 
-0.047000 0.329278 
-0.046000 0.316774 
-0.045000 0.304240 
-0.044000 0.291676 
-0.043000 0.279083 
-0.042000 0.266460 
-0.041000 0.253808 
-0.040000 0.241128 
-0.039000 0.228418 
-0.038000 0.215680 
-0.037000 0.202914 
-0.036000 0.190119 
-0.035000 0.177297 
-0.034000 0.164447 
-0.033000 0.151569 
-0.032000 0.138664 
-0.031000 0.125732 
-0.030000 0.112773 
-0.029000 0.099787 
-0.028000 0.086775 
-0.027000 0.073737 
-0.026000 0.060673 
-0.025000 0.047583 
-0.024000 0.034467 
-0.023000 0.021326 
-0.022000 0.008160 
-0.021000 -0.005030 
-0.020000 -0.018246 
-0.019000 -0.031485 
-0.018000 -0.044749 
-0.017000 -0.058037 
-0.016000 -0.071348 
-0.015000 -0.084683 
-0.014000 -0.098040 
-0.013000 -0.111421 
-0.012000 -0.124824 
-0.011000 -0.138249 
-0.010000 -0.151697 
-0.009000 -0.165166 
-0.008000 -0.178656 
-0.007000 -0.192168 
-0.006000 -0.205701 
-0.005000 -0.219255 
-0.004000 -0.232828 
-0.003000 -0.246422 
-0.002000 -0.260036 
-0.001000 -0.273669 
-0.000000 -0.287321 
0.001000 -0.300992 
0.002000 -0.314682 
0.003000 -0.328390 
0.004000 -0.342116 
0.005000 -0.355859 
0.006000 -0.369620 
0.007000 -0.383398 
0.008000 -0.397193 
0.009000 -0.411003 
0.010000 -0.424830 
0.011000 -0.438673 
0.012000 -0.452530 
0.013000 -0.466403 
0.014000 -0.480291 
0.015000 -0.494192 
0.016000 -0.508108 
0.017000 -0.522037 
0.018000 -0.535979 
0.019000 -0.549934 
0.020000 -0.563901 
0.021000 -0.577881 
0.022000 -0.591872 
0.023000 -0.605874 
0.024000 -0.619888 
0.025000 -0.633912 
0.026000 -0.647946 
0.027000 -0.661989 
0.028000 -0.676042 
0.029000 -0.690104 
0.030000 -0.704174 
0.031000 -0.718253 
0.032000 -0.732339 
0.033000 -0.746432 
0.034000 -0.760532 
0.035000 -0.774638 
0.036000 -0.788750 
0.037000 -0.802868 
0.038000 -0.816990 
0.039000 -0.831117 
0.040000 -0.845248 
0.041000 -0.859383 
0.042000 -0.873521 
0.043000 -0.887661 
0.044000 -0.901804 
0.045000 -0.915948 
0.046000 -0.930094 
0.047000 -0.944240 
0.048000 -0.958386 
0.049000 -0.972532 
0.050000 -0.986678 
0.051000 -1.000822 
0.052000 -1.014964 
0.053000 -1.029103 
0.054000 -1.043240 
0.055000 -1.057373 
0.056000 -1.071502 
0.057000 -1.085627 
0.058000 -1.099747 
0.059000 -1.113861 
0.060000 -1.127968 
0.061000 -1.142069 
0.062000 -1.156162 
0.063000 -1.170248 
0.064000 -1.184325 
0.065000 -1.198393 
0.066000 -1.212451 
0.067000 -1.226498 
0.068000 -1.240535 
0.069000 -1.254560 
0.070000 -1.268573 
0.071000 -1.282574 
0.072000 -1.296560 
0.073000 -1.310533 
0.074000 -1.324491 
0.075000 -1.338433 
0.076000 -1.352360 
0.077000 -1.366270 
0.078000 -1.380162 
0.079000 -1.394036 
0.080000 -1.407892 
0.081000 -1.421728 
0.082000 -1.435544 
0.083000 -1.449339 
0.084000 -1.463113 
0.085000 -1.476865 
0.086000 -1.490593 
0.087000 -1.504298 
0.088000 -1.517979 
0.089000 -1.531635 
0.090000 -1.545264 
0.091000 -1.558867 
0.092000 -1.572443 
0.093000 -1.585990 
0.094000 -1.599509 
0.095000 -1.612998 
0.096000 -1.626457 
0.097000 -1.639884 
0.098000 -1.653279 
0.099000 -1.666642 
0.100000 -1.679971 
0.101000 -1.693265 
0.102000 -1.706525 
0.103000 -1.719748 
0.104000 -1.732934 
0.105000 -1.746083 
0.106000 -1.759193 
0.107000 -1.772264 
0.108000 -1.785295 
0.109000 -1.798284 
0.110000 -1.811232 
0.111000 -1.824137 
0.112000 -1.836998 
0.113000 -1.849814 
0.114000 -1.862585 
0.115000 -1.875310 
0.116000 -1.887987 
0.117000 -1.900616 
0.118000 -1.913197 
0.119000 -1.925727 
0.120000 -1.938206 
0.121000 -1.950634 
0.122000 -1.963009 
0.123000 -1.975330 
0.124000 -1.987596 
0.125000 -1.999807 
0.126000 -2.011961 
0.127000 -2.024058 
0.128000 -2.036097 
0.129000 -2.048076 
0.130000 -2.059994 
0.131000 -2.071852 
0.132000 -2.083647 
0.133000 -2.095378 
0.134000 -2.107046 
0.135000 -2.118648 
0.136000 -2.130183 
0.137000 -2.141652 
0.138000 -2.153052 
0.139000 -2.164382 
0.140000 -2.175643 
0.141000 -2.186831 
0.142000 -2.197948 
0.143000 -2.208991 
0.144000 -2.219959 
0.145000 -2.230852 
0.146000 -2.241669 
0.147000 -2.252407 
0.148000 -2.263068 
0.149000 -2.273648 
0.150000 -2.284148 
0.151000 -2.294565 
0.152000 -2.304900 
0.153000 -2.315151 
0.154000 -2.325317 
0.155000 -2.335397 
0.156000 -2.345390 
0.157000 -2.355294 
0.158000 -2.365109 
0.159000 -2.374834 
0.160000 -2.384467 
0.161000 -2.394008 
0.162000 -2.403455 
0.163000 -2.412807 
0.164000 -2.422064 
0.165000 -2.431223 
0.166000 -2.440285 
0.167000 -2.449248 
0.168000 -2.458110 
0.169000 -2.466872 
0.170000 -2.475531 
0.171000 -2.484086 
0.172000 -2.492538 
0.173000 -2.500883 
0.174000 -2.509122 
0.175000 -2.517253 
0.176000 -2.525276 
0.177000 -2.533188 
0.178000 -2.540990 
0.179000 -2.548679 
0.180000 -2.556256 
0.181000 -2.563718 
0.182000 -2.571065 
0.183000 -2.578295 
0.184000 -2.585409 
0.185000 -2.592404 
0.186000 -2.599279 
0.187000 -2.606034 
0.188000 -2.612667 
0.189000 -2.619177 
0.190000 -2.625564 
0.191000 -2.631826 
0.192000 -2.637963 
0.193000 -2.643972 
0.194000 -2.649854 
0.195000 -2.655607 
0.196000 -2.661230 
0.197000 -2.666723 
0.198000 -2.672084 
0.199000 -2.677311 
0.200000 -2.682406 
0.201000 -2.687365 
0.202000 -2.692189 
0.203000 -2.696876 
0.204000 -2.701425 
0.205000 -2.705836 
0.206000 -2.710108 
0.207000 -2.714239 
0.208000 -2.718229 
0.209000 -2.722076 
0.210000 -2.725781 
0.211000 -2.729341 
0.212000 -2.732757 
0.213000 -2.736027 
0.214000 -2.739151 
0.215000 -2.742127 
0.216000 -2.744955 
0.217000 -2.747634 
0.218000 -2.750163 
0.219000 -2.752541 
0.220000 -2.754769 
0.221000 -2.756844 
0.222000 -2.758766 
0.223000 -2.760534 
0.224000 -2.762148 
0.225000 -2.763608 
0.226000 -2.764911 
0.227000 -2.766058 
0.228000 -2.767048 
0.229000 -2.767880 
0.230000 -2.768554 
0.231000 -2.769069 
0.232000 -2.769424 
0.233000 -2.769620 
0.234000 -2.769654 
0.235000 -2.769528 
0.236000 -2.769239 
0.237000 -2.768788 
0.238000 -2.768175 
0.239000 -2.767398 
0.240000 -2.766458 
0.241000 -2.765353 
0.242000 -2.764084 
0.243000 -2.762650 
0.244000 -2.761050 
0.245000 -2.759285 
0.246000 -2.757354 
0.247000 -2.755256 
0.248000 -2.752992 
0.249000 -2.750560 
0.250000 -2.747962 
0.251000 -2.745196 
0.252000 -2.742262 
0.253000 -2.739161 
0.254000 -2.735891 
0.255000 -2.732454 
0.256000 -2.728848 
0.257000 -2.725073 
0.258000 -2.721130 
0.259000 -2.717018 
0.260000 -2.712738 
0.261000 -2.708289 
0.262000 -2.703671 
0.263000 -2.698885 
0.264000 -2.693930 
0.265000 -2.688807 
0.266000 -2.683515 
0.267000 -2.678055 
0.268000 -2.672427 
0.269000 -2.666630 
0.270000 -2.660666 
0.271000 -2.654535 
0.272000 -2.648235 
0.273000 -2.641769 
0.274000 -2.635136 
0.275000 -2.628336 
0.276000 -2.621370 
0.277000 -2.614239 
0.278000 -2.606941 
0.279000 -2.599479 
0.280000 -2.591852 
0.281000 -2.584061 
0.282000 -2.576106 
0.283000 -2.567988 
0.284000 -2.559707 
0.285000 -2.551264 
0.286000 -2.542659 
0.287000 -2.533893 
0.288000 -2.524967 
0.289000 -2.515881 
0.290000 -2.506635 
0.291000 -2.497232 
0.292000 -2.487670 
0.293000 -2.477952 
0.294000 -2.468077 
0.295000 -2.458047 
0.296000 -2.447862 
0.297000 -2.437523 
0.298000 -2.427031 
0.299000 -2.416387 
0.300000 -2.405591 
0.301000 -2.394645 
0.302000 -2.383550 
0.303000 -2.372306 
0.304000 -2.360914 
0.305000 -2.349376 
0.306000 -2.337692 
0.307000 -2.325864 
0.308000 -2.313892 
0.309000 -2.301778 
0.310000 -2.289523 
0.311000 -2.277127 
0.312000 -2.264592 
0.313000 -2.251919 
0.314000 -2.239110 
0.315000 -2.226164 
0.316000 -2.213085 
0.317000 -2.199872 
0.318000 -2.186527 
0.319000 -2.173051 
0.320000 -2.159446 
0.321000 -2.145713 
0.322000 -2.131853 
0.323000 -2.117868 
0.324000 -2.103758 
0.325000 -2.089525 
0.326000 -2.075171 
0.327000 -2.060697 
0.328000 -2.046104 
0.329000 -2.031394 
0.330000 -2.016568 
0.331000 -2.001628 
0.332000 -1.986574 
0.333000 -1.971409 
0.334000 -1.956134 
0.335000 -1.940750 
0.336000 -1.925259 
0.337000 -1.909663 
0.338000 -1.893962 
0.339000 -1.878159 
0.340000 -1.862255 
0.341000 -1.846251 
0.342000 -1.830150 
0.343000 -1.813952 
0.344000 -1.797659 
0.345000 -1.781273 
0.346000 -1.764795 
0.347000 -1.748227 
0.348000 -1.731571 
0.349000 -1.714828 
0.350000 -1.697999 
0.351000 -1.681087 
0.352000 -1.664093 
0.353000 -1.647019 
0.354000 -1.629866 
0.355000 -1.612635 
0.356000 -1.595329 
0.357000 -1.577950 
0.358000 -1.560498 
0.359000 -1.542975 
0.360000 -1.525384 
0.361000 -1.507725 
0.362000 -1.490000 
0.363000 -1.472212 
0.364000 -1.454361 
0.365000 -1.436450 
0.366000 -1.418479 
0.367000 -1.400451 
0.368000 -1.382368 
0.369000 -1.364230 
0.370000 -1.346040 
0.371000 -1.327799 
0.372000 -1.309508 
0.373000 -1.291171 
0.374000 -1.272787 
0.375000 -1.254359 
0.376000 -1.235889 
0.377000 -1.217377 
0.378000 -1.198826 
0.379000 -1.180238 
0.380000 -1.161613 
0.381000 -1.142954 
0.382000 -1.124261 
0.383000 -1.105538 
0.384000 -1.086784 
0.385000 -1.068003 
0.386000 -1.049195 
0.387000 -1.030361 
0.388000 -1.011505 
0.389000 -0.992626 
0.390000 -0.973727 
0.391000 -0.954809 
0.392000 -0.935874 
0.393000 -0.916923 
0.394000 -0.897958 
0.395000 -0.878980 
0.396000 -0.859991 
0.397000 -0.840993 
0.398000 -0.821985 
0.399000 -0.802972 
0.400000 -0.783952 
0.401000 -0.764929 
0.402000 -0.745903 
0.403000 -0.726877 
0.404000 -0.707851 
0.405000 -0.688826 
0.406000 -0.669805 
0.407000 -0.650788 
0.408000 -0.631777 
0.409000 -0.612774 
0.410000 -0.593779 
0.411000 -0.574795 
0.412000 -0.555821 
0.413000 -0.536861 
0.414000 -0.517914 
0.415000 -0.498983 
0.416000 -0.480068 
0.417000 -0.461171 
0.418000 -0.442293 
0.419000 -0.423435 
0.420000 -0.404599 
0.421000 -0.385786 
0.422000 -0.366997 
0.423000 -0.348232 
0.424000 -0.329495 
0.425000 -0.310785 
0.426000 -0.292103 
0.427000 -0.273451 
0.428000 -0.254831 
0.429000 -0.236242 
0.430000 -0.217686 
0.431000 -0.199165 
0.432000 -0.180679 
0.433000 -0.162230 
0.434000 -0.143818 
0.435000 -0.125445 
0.436000 -0.107111 
0.437000 -0.088817 
0.438000 -0.070566 
0.439000 -0.052356 
0.440000 -0.034191 
0.441000 -0.016069 
0.442000 0.002007 
0.443000 0.020036 
0.444000 0.038019 
0.445000 0.055953 
0.446000 0.073838 
0.447000 0.091673 
0.448000 0.109457 
0.449000 0.127190 
0.450000 0.144870 
0.451000 0.162497 
0.452000 0.180070 
0.453000 0.197588 
0.454000 0.215050 
0.455000 0.232456 
0.456000 0.249804 
0.457000 0.267094 
0.458000 0.284326 
0.459000 0.301498 
0.460000 0.318610 
0.461000 0.335661 
0.462000 0.352651 
0.463000 0.369578 
0.464000 0.386442 
0.465000 0.403243 
0.466000 0.419979 
0.467000 0.436651 
0.468000 0.453257 
0.469000 0.469798 
0.470000 0.486271 
0.471000 0.502677 
0.472000 0.519016 
0.473000 0.535286 
0.474000 0.551488 
0.475000 0.567620 
0.476000 0.583682 
0.477000 0.599673 
0.478000 0.615594 
0.479000 0.631443 
0.480000 0.647220 
0.481000 0.662925 
0.482000 0.678557 
0.483000 0.694115 
0.484000 0.709600 
0.485000 0.725011 
0.486000 0.740348 
0.487000 0.755609 
0.488000 0.770795 
0.489000 0.785905 
0.490000 0.800939 
0.491000 0.815897 
0.492000 0.830777 
0.493000 0.845581 
0.494000 0.860307 
0.495000 0.874955 
0.496000 0.889525 
0.497000 0.904017 
0.498000 0.918430 
0.499000 0.932763 
0.500000 0.947018 
0.501000 0.961192 
0.502000 0.975287 
0.503000 0.989302 
0.504000 1.003237 
0.505000 1.017090 
0.506000 1.030863 
0.507000 1.044555 
0.508000 1.058166 
0.509000 1.071695 
0.510000 1.085142 
0.511000 1.098508 
0.512000 1.111791 
0.513000 1.124993 
0.514000 1.138111 
0.515000 1.151148 
0.516000 1.164101 
0.517000 1.176972 
0.518000 1.189760 
0.519000 1.202465 
0.520000 1.215086 
0.521000 1.227624 
0.522000 1.240079 
0.523000 1.252450 
0.524000 1.264737 
0.525000 1.276940 
0.526000 1.289060 
0.527000 1.301096 
0.528000 1.313047 
0.529000 1.324915 
0.530000 1.336698 
0.531000 1.348398 
0.532000 1.360013 
0.533000 1.371543 
0.534000 1.382990 
0.535000 1.394352 
0.536000 1.405629 
0.537000 1.416823 
0.538000 1.427931 
0.539000 1.438956 
0.540000 1.449895 
0.541000 1.460751 
0.542000 1.471522 
0.543000 1.482208 
0.544000 1.492810 
0.545000 1.503328 
0.546000 1.513761 
0.547000 1.524110 
0.548000 1.534374 
0.549000 1.544554 
0.550000 1.554650 
0.551000 1.564662 
0.552000 1.574589 
0.553000 1.584433 
0.554000 1.594192 
0.555000 1.603867 
0.556000 1.613458 
0.557000 1.622965 
0.558000 1.632388 
0.559000 1.641728 
0.560000 1.650984 
0.561000 1.660156 
0.562000 1.669245 
0.563000 1.678250 
0.564000 1.687172 
0.565000 1.696011 
0.566000 1.704766 
0.567000 1.713438 
0.568000 1.722028 
0.569000 1.730534 
0.570000 1.738958 
0.571000 1.747299 
0.572000 1.755557 
0.573000 1.763733 
0.574000 1.771826 
0.575000 1.779838 
0.576000 1.787767 
0.577000 1.795614 
0.578000 1.803380 
0.579000 1.811063 
0.580000 1.818666 
0.581000 1.826186 
0.582000 1.833625 
0.583000 1.840983 
0.584000 1.848261 
0.585000 1.855457 
0.586000 1.862572 
0.587000 1.869607 
0.588000 1.876561 
0.589000 1.883435 
0.590000 1.890228 
0.591000 1.896942 
0.592000 1.903575 
0.593000 1.910129 
0.594000 1.916604 
0.595000 1.922998 
0.596000 1.929314 
0.597000 1.935550 
0.598000 1.941708 
0.599000 1.947787 
0.600000 1.953787 
0.601000 1.959708 
0.602000 1.965551 
0.603000 1.971316 
0.604000 1.977004 
0.605000 1.982613 
0.606000 1.988144 
0.607000 1.993599 
0.608000 1.998975 
0.609000 2.004275 
0.610000 2.009498 
0.611000 2.014644 
0.612000 2.019713 
0.613000 2.024706 
0.614000 2.029622 
0.615000 2.034463 
0.616000 2.039227 
0.617000 2.043916 
0.618000 2.048530 
0.619000 2.053067 
0.620000 2.057530 
0.621000 2.061918 
0.622000 2.066230 
0.623000 2.070469 
0.624000 2.074632 
0.625000 2.078721 
0.626000 2.082737 
0.627000 2.086678 
0.628000 2.090545 
0.629000 2.094339 
0.630000 2.098060 
0.631000 2.101707 
0.632000 2.105281 
0.633000 2.108782 
0.634000 2.112211 
0.635000 2.115567 
0.636000 2.118851 
0.637000 2.122063 
0.638000 2.125203 
0.639000 2.128271 
0.640000 2.131267 
0.641000 2.134192 
0.642000 2.137046 
0.643000 2.139829 
0.644000 2.142541 
0.645000 2.145183 
0.646000 2.147753 
0.647000 2.150254 
0.648000 2.152685 
0.649000 2.155045 
0.650000 2.157336 
0.651000 2.159557 
0.652000 2.161709 
0.653000 2.163792 
0.654000 2.165806 
0.655000 2.167751 
0.656000 2.169627 
0.657000 2.171435 
0.658000 2.173174 
0.659000 2.174845 
0.660000 2.176449 
0.661000 2.177985 
0.662000 2.179453 
0.663000 2.180854 
0.664000 2.182187 
0.665000 2.183454 
0.666000 2.184653 
0.667000 2.185786 
0.668000 2.186853 
0.669000 2.187853 
0.670000 2.188787 
0.671000 2.189655 
0.672000 2.190458 
0.673000 2.191194 
0.674000 2.191866 
0.675000 2.192472 
0.676000 2.193013 
0.677000 2.193489 
0.678000 2.193900 
0.679000 2.194247 
0.680000 2.194529 
0.681000 2.194747 
0.682000 2.194902 
0.683000 2.194992 
0.684000 2.195018 
0.685000 2.194981 
0.686000 2.194881 
0.687000 2.194717 
0.688000 2.194491 
0.689000 2.194201 
0.690000 2.193849 
0.691000 2.193434 
0.692000 2.192957 
0.693000 2.192418 
0.694000 2.191817 
0.695000 2.191154 
0.696000 2.190429 
0.697000 2.189642 
0.698000 2.188795 
0.699000 2.187886 
0.700000 2.186916 
0.701000 2.185885 
0.702000 2.184793 
0.703000 2.183641 
0.704000 2.182428 
0.705000 2.181155 
0.706000 2.179822 
0.707000 2.178429 
0.708000 2.176976 
0.709000 2.175464 
0.710000 2.173892 
0.711000 2.172261 
0.712000 2.170571 
0.713000 2.168821 
0.714000 2.167013 
0.715000 2.165146 
0.716000 2.163221 
0.717000 2.161237 
0.718000 2.159195 
0.719000 2.157095 
0.720000 2.154937 
0.721000 2.152721 
0.722000 2.150447 
0.723000 2.148116 
0.724000 2.145727 
0.725000 2.143282 
0.726000 2.140779 
0.727000 2.138219 
0.728000 2.135603 
0.729000 2.132929 
0.730000 2.130200 
0.731000 2.127414 
0.732000 2.124572 
0.733000 2.121673 
0.734000 2.118719 
0.735000 2.115709 
0.736000 2.112643 
0.737000 2.109522 
0.738000 2.106345 
0.739000 2.103114 
0.740000 2.099827 
0.741000 2.096485 
0.742000 2.093088 
0.743000 2.089636 
0.744000 2.086130 
0.745000 2.082570 
0.746000 2.078955 
0.747000 2.075286 
0.748000 2.071563 
0.749000 2.067786 
0.750000 2.063956 
0.751000 2.060071 
0.752000 2.056133 
0.753000 2.052142 
0.754000 2.048098 
0.755000 2.044000 
0.756000 2.039849 
0.757000 2.035646 
0.758000 2.031389 
0.759000 2.027081 
0.760000 2.022719 
0.761000 2.018305 
0.762000 2.013839 
0.763000 2.009321 
0.764000 2.004751 
0.765000 2.000128 
0.766000 1.995455 
0.767000 1.990729 
0.768000 1.985952 
0.769000 1.981123 
0.770000 1.976243 
0.771000 1.971312 
0.772000 1.966330 
0.773000 1.961297 
0.774000 1.956213 
0.775000 1.951079 
0.776000 1.945894 
0.777000 1.940658 
0.778000 1.935372 
0.779000 1.930036 
0.780000 1.924649 
0.781000 1.919213 
0.782000 1.913727 
0.783000 1.908191 
0.784000 1.902605 
0.785000 1.896969 
0.786000 1.891285 
0.787000 1.885550 
0.788000 1.879767 
0.789000 1.873934 
0.790000 1.868053 
0.791000 1.862122 
0.792000 1.856143 
0.793000 1.850115 
0.794000 1.844038 
0.795000 1.837913 
0.796000 1.831740 
0.797000 1.825518 
0.798000 1.819248 
0.799000 1.812930 
0.800000 1.806564 
0.801000 1.800150 
0.802000 1.793689 
0.803000 1.787180 
0.804000 1.780623 
0.805000 1.774019 
0.806000 1.767368 
0.807000 1.760669 
0.808000 1.753923 
0.809000 1.747130 
0.810000 1.740290 
0.811000 1.733404 
0.812000 1.726471 
0.813000 1.719491 
0.814000 1.712464 
0.815000 1.705391 
0.816000 1.698272 
0.817000 1.691107 
0.818000 1.683895 
0.819000 1.676638 
0.820000 1.669335 
0.821000 1.661985 
0.822000 1.654590 
0.823000 1.647150 
0.824000 1.639664 
0.825000 1.632132 
0.826000 1.624555 
0.827000 1.616933 
0.828000 1.609266 
0.829000 1.601554 
0.830000 1.593797 
0.831000 1.585995 
0.832000 1.578148 
0.833000 1.570257 
0.834000 1.562321 
0.835000 1.554341 
0.836000 1.546316 
0.837000 1.538247 
0.838000 1.530134 
0.839000 1.521977 
0.840000 1.513775 
0.841000 1.505530 
0.842000 1.497242 
0.843000 1.488909 
0.844000 1.480533 
0.845000 1.472114 
0.846000 1.463651 
0.847000 1.455145 
0.848000 1.446595 
0.849000 1.438003 
0.850000 1.429367 
0.851000 1.420689 
0.852000 1.411968 
0.853000 1.403204 
0.854000 1.394397 
0.855000 1.385548 
0.856000 1.376657 
0.857000 1.367723 
0.858000 1.358747 
0.859000 1.349729 
0.860000 1.340669 
0.861000 1.331567 
0.862000 1.322423 
0.863000 1.313237 
0.864000 1.304010 
0.865000 1.294741 
0.866000 1.285431 
0.867000 1.276079 
0.868000 1.266687 
0.869000 1.257253 
0.870000 1.247778 
0.871000 1.238262 
0.872000 1.228705 
0.873000 1.219107 
0.874000 1.209469 
0.875000 1.199791 
0.876000 1.190071 
0.877000 1.180312 
0.878000 1.170512 
0.879000 1.160673 
0.880000 1.150793 
0.881000 1.140873 
0.882000 1.130913 
0.883000 1.120914 
0.884000 1.110875 
0.885000 1.100797 
0.886000 1.090679 
0.887000 1.080522 
0.888000 1.070326 
0.889000 1.060090 
0.890000 1.049816 
0.891000 1.039503 
0.892000 1.029151 
0.893000 1.018761 
0.894000 1.008332 
0.895000 0.997864 
0.896000 0.987358 
0.897000 0.976814 
0.898000 0.966232 
0.899000 0.955613 
0.900000 0.944955 
0.901000 0.934259 
0.902000 0.923526 
0.903000 0.912755 
0.904000 0.901947 
0.905000 0.891102 
0.906000 0.880220 
0.907000 0.869300 
0.908000 0.858344 
0.909000 0.847351 
0.910000 0.836321 
0.911000 0.825254 
0.912000 0.814152 
0.913000 0.803013 
0.914000 0.791837 
0.915000 0.780626 
0.916000 0.769379 
0.917000 0.758096 
0.918000 0.746778 
0.919000 0.735424 
0.920000 0.724034 
0.921000 0.712610 
0.922000 0.701150 
0.923000 0.689655 
0.924000 0.678125 
0.925000 0.666561 
0.926000 0.654962 
0.927000 0.643329 
0.928000 0.631662 
0.929000 0.619960 
0.930000 0.608224 
0.931000 0.596455 
0.932000 0.584652 
0.933000 0.572815 
0.934000 0.560945 
0.935000 0.549041 
0.936000 0.537105 
0.937000 0.525136 
0.938000 0.513134 
0.939000 0.501099 
0.940000 0.489031 
0.941000 0.476932 
0.942000 0.464800 
0.943000 0.452637 
0.944000 0.440441 
0.945000 0.428214 
0.946000 0.415955 
0.947000 0.403665 
0.948000 0.391344 
0.949000 0.378992 
0.950000 0.366609 
0.951000 0.354196 
0.952000 0.341752 
0.953000 0.329278 
0.954000 0.316774 
0.955000 0.304240 
0.956000 0.291676 
0.957000 0.279083 
0.958000 0.266460 
0.959000 0.253808 
0.960000 0.241128 
0.961000 0.228418 
0.962000 0.215680 
0.963000 0.202914 
0.964000 0.190119 
0.965000 0.177297 
0.966000 0.164447 
0.967000 0.151569 
0.968000 0.138664 
0.969000 0.125732 
0.970000 0.112773 
0.971000 0.099787 
0.972000 0.086775 
0.973000 0.073737 
0.974000 0.060673 
0.975000 0.047583 
0.976000 0.034467 
0.977000 0.021326 
0.978000 0.008160 
0.979000 -0.005030 
0.980000 -0.018246 
0.981000 -0.031485 
0.982000 -0.044749 
0.983000 -0.058037 
0.984000 -0.071348 
0.985000 -0.084683 
0.986000 -0.098040 
0.987000 -0.111421 
0.988000 -0.124824 
0.989000 -0.138249 
0.990000 -0.151697 
0.991000 -0.165166 
0.992000 -0.178656 
0.993000 -0.192168 
0.994000 -0.205701 
0.995000 -0.219255 
0.996000 -0.232828 
0.997000 -0.246422 
0.998000 -0.260036 
0.999000 -0.273669 
1.000000 -0.287321 
1.001000 -0.300992 
1.002000 -0.314682 
1.003000 -0.328390 
1.004000 -0.342116 
1.005000 -0.355859 
1.006000 -0.369620 
1.007000 -0.383398 
1.008000 -0.397193 
1.009000 -0.411003 
1.010000 -0.424830 
1.011000 -0.438673 
1.012000 -0.452530 
1.013000 -0.466403 
1.014000 -0.480291 
1.015000 -0.494192 
1.016000 -0.508108 
1.017000 -0.522037 
1.018000 -0.535979 
1.019000 -0.549934 
1.020000 -0.563901 
1.021000 -0.577881 
1.022000 -0.591872 
1.023000 -0.605874 
1.024000 -0.619888 
1.025000 -0.633912 
1.026000 -0.647946 
1.027000 -0.661989 
1.028000 -0.676042 
1.029000 -0.690104 
1.030000 -0.704174 
1.031000 -0.718253 
1.032000 -0.732339 
1.033000 -0.746432 
1.034000 -0.760532 
1.035000 -0.774638 
1.036000 -0.788750 
1.037000 -0.802868 
1.038000 -0.816990 
1.039000 -0.831117 
1.040000 -0.845248 
1.041000 -0.859383 
1.042000 -0.873521 
1.043000 -0.887661 
1.044000 -0.901804 
1.045000 -0.915948 
1.046000 -0.930094 
1.047000 -0.944240 
1.048000 -0.958386 
1.049000 -0.972532 
1.050000 -0.986678 
1.051000 -1.000822 
1.052000 -1.014964 
1.053000 -1.029103 
1.054000 -1.043240 
1.055000 -1.057373 
1.056000 -1.071502 
1.057000 -1.085627 
1.058000 -1.099747 
1.059000 -1.113861 
1.060000 -1.127968 
1.061000 -1.142069 
1.062000 -1.156162 
1.063000 -1.170248 
1.064000 -1.184325 
1.065000 -1.198393 
1.066000 -1.212451 
1.067000 -1.226498 
1.068000 -1.240535 
1.069000 -1.254560 
1.070000 -1.268573 
1.071000 -1.282574 
1.072000 -1.296560 
1.073000 -1.310533 
1.074000 -1.324491 
1.075000 -1.338433 
1.076000 -1.352360 
1.077000 -1.366270 
1.078000 -1.380162 
1.079000 -1.394036 
1.080000 -1.407892 
1.081000 -1.421728 
1.082000 -1.435544 
1.083000 -1.449339 
1.084000 -1.463113 
1.085000 -1.476865 
1.086000 -1.490593 
1.087000 -1.504298 
1.088000 -1.517979 
1.089000 -1.531635 
1.090000 -1.545264 
1.091000 -1.558867 
1.092000 -1.572443 
1.093000 -1.585990 
1.094000 -1.599509 
1.095000 -1.612998 
1.096000 -1.626457 
1.097000 -1.639884 
1.098000 -1.653279 
1.099000 -1.666642 
1.100000 -1.679971 
1.101000 -1.693265 
1.102000 -1.706525 
1.103000 -1.719748 
1.104000 -1.732934 
1.105000 -1.746083 
1.106000 -1.759193 
1.107000 -1.772264 
1.108000 -1.785295 
1.109000 -1.798284 
1.110000 -1.811232 
1.111000 -1.824137 
1.112000 -1.836998 
1.113000 -1.849814 
1.114000 -1.862585 
1.115000 -1.875310 
1.116000 -1.887987 
1.117000 -1.900616 
1.118000 -1.913197 
1.119000 -1.925727 
1.120000 -1.938206 
1.121000 -1.950634 
1.122000 -1.963009 
1.123000 -1.975330 
1.124000 -1.987596 
1.125000 -1.999807 
1.126000 -2.011961 
1.127000 -2.024058 
1.128000 -2.036097 
1.129000 -2.048076 
1.130000 -2.059994 
1.131000 -2.071852 
1.132000 -2.083647 
1.133000 -2.095378 
1.134000 -2.107046 
1.135000 -2.118648 
1.136000 -2.130183 
1.137000 -2.141652 
1.138000 -2.153052 
1.139000 -2.164382 
1.140000 -2.175643 
1.141000 -2.186831 
1.142000 -2.197948 
1.143000 -2.208991 
1.144000 -2.219959 
1.145000 -2.230852 
1.146000 -2.241669 
1.147000 -2.252407 
1.148000 -2.263068 
1.149000 -2.273648 
1.150000 -2.284148 
1.151000 -2.294565 
1.152000 -2.304900 
1.153000 -2.315151 
1.154000 -2.325317 
1.155000 -2.335397 
1.156000 -2.345390 
1.157000 -2.355294 
1.158000 -2.365109 
1.159000 -2.374834 
1.160000 -2.384467 
1.161000 -2.394008 
1.162000 -2.403455 
1.163000 -2.412807 
1.164000 -2.422064 
1.165000 -2.431223 
1.166000 -2.440285 
1.167000 -2.449248 
1.168000 -2.458110 
1.169000 -2.466872 
1.170000 -2.475531 
1.171000 -2.484086 
1.172000 -2.492538 
1.173000 -2.500883 
1.174000 -2.509122 
1.175000 -2.517253 
1.176000 -2.525276 
1.177000 -2.533188 
1.178000 -2.540990 
1.179000 -2.548679 
1.180000 -2.556256 
1.181000 -2.563718 
1.182000 -2.571065 
1.183000 -2.578295 
1.184000 -2.585409 
1.185000 -2.592404 
1.186000 -2.599279 
1.187000 -2.606034 
1.188000 -2.612667 
1.189000 -2.619177 
1.190000 -2.625564 
1.191000 -2.631826 
1.192000 -2.637963 
1.193000 -2.643972 
1.194000 -2.649854 
1.195000 -2.655607 
1.196000 -2.661230 
1.197000 -2.666723 
1.198000 -2.672084 
1.199000 -2.677311 
1.200000 -2.682406 
1.201000 -2.687365 
1.202000 -2.692189 
1.203000 -2.696876 
1.204000 -2.701425 
1.205000 -2.705836 
1.206000 -2.710108 
1.207000 -2.714239 
1.208000 -2.718229 
1.209000 -2.722076 
1.210000 -2.725781 
1.211000 -2.729341 
1.212000 -2.732757 
1.213000 -2.736027 
1.214000 -2.739151 
1.215000 -2.742127 
1.216000 -2.744955 
1.217000 -2.747634 
1.218000 -2.750163 
1.219000 -2.752541 
1.220000 -2.754769 
1.221000 -2.756844 
1.222000 -2.758766 
1.223000 -2.760534 
1.224000 -2.762148 
1.225000 -2.763608 
1.226000 -2.764911 
1.227000 -2.766058 
1.228000 -2.767048 
1.229000 -2.767880 
1.230000 -2.768554 
1.231000 -2.769069 
1.232000 -2.769424 
1.233000 -2.769620 
1.234000 -2.769654 
1.235000 -2.769528 
1.236000 -2.769239 
1.237000 -2.768788 
1.238000 -2.768175 
1.239000 -2.767398 
1.240000 -2.766458 
1.241000 -2.765353 
1.242000 -2.764084 
1.243000 -2.762650 
1.244000 -2.761050 
1.245000 -2.759285 
1.246000 -2.757354 
1.247000 -2.755256 
1.248000 -2.752992 
1.249000 -2.750560 
1.250000 -2.747962 
1.251000 -2.745196 
1.252000 -2.742262 
1.253000 -2.739161 
1.254000 -2.735891 
1.255000 -2.732454 
1.256000 -2.728848 
1.257000 -2.725073 
1.258000 -2.721130 
1.259000 -2.717018 
1.260000 -2.712738 
1.261000 -2.708289 
1.262000 -2.703671 
1.263000 -2.698885 
1.264000 -2.693930 
1.265000 -2.688807 
1.266000 -2.683515 
1.267000 -2.678055 
1.268000 -2.672427 
1.269000 -2.666630 
1.270000 -2.660666 
1.271000 -2.654535 
1.272000 -2.648235 
1.273000 -2.641769 
1.274000 -2.635136 
1.275000 -2.628336 
1.276000 -2.621370 
1.277000 -2.614239 
1.278000 -2.606941 
1.279000 -2.599479 
1.280000 -2.591852 
1.281000 -2.584061 
1.282000 -2.576106 
1.283000 -2.567988 
1.284000 -2.559707 
1.285000 -2.551264 
1.286000 -2.542659 
1.287000 -2.533893 
1.288000 -2.524967 
1.289000 -2.515881 
1.290000 -2.506635 
1.291000 -2.497232 
1.292000 -2.487670 
1.293000 -2.477952 
1.294000 -2.468077 
1.295000 -2.458047 
1.296000 -2.447862 
1.297000 -2.437523 
1.298000 -2.427031 
1.299000 -2.416387 
1.300000 -2.405591 
1.301000 -2.394645 
1.302000 -2.383550 
1.303000 -2.372306 
1.304000 -2.360914 
1.305000 -2.349376 
1.306000 -2.337692 
1.307000 -2.325864 
1.308000 -2.313892 
1.309000 -2.301778 
1.310000 -2.289523 
1.311000 -2.277127 
1.312000 -2.264592 
1.313000 -2.251919 
1.314000 -2.239110 
1.315000 -2.226164 
1.316000 -2.213085 
1.317000 -2.199872 
1.318000 -2.186527 
1.319000 -2.173051 
1.320000 -2.159446 
1.321000 -2.145713 
1.322000 -2.131853 
1.323000 -2.117868 
1.324000 -2.103758 
1.325000 -2.089525 
1.326000 -2.075171 
1.327000 -2.060697 
1.328000 -2.046104 
1.329000 -2.031394 
1.330000 -2.016568 
1.331000 -2.001628 
1.332000 -1.986574 
1.333000 -1.971409 
1.334000 -1.956134 
1.335000 -1.940750 
1.336000 -1.925259 
1.337000 -1.909663 
1.338000 -1.893962 
1.339000 -1.878159 
1.340000 -1.862255 
1.341000 -1.846251 
1.342000 -1.830150 
1.343000 -1.813952 
1.344000 -1.797659 
1.345000 -1.781273 
1.346000 -1.764795 
1.347000 -1.748227 
1.348000 -1.731571 
1.349000 -1.714828 
1.350000 -1.697999 
1.351000 -1.681087 
1.352000 -1.664093 
1.353000 -1.647019 
1.354000 -1.629866 
1.355000 -1.612635 
1.356000 -1.595329 
1.357000 -1.577950 
1.358000 -1.560498 
1.359000 -1.542975 
1.360000 -1.525384 
1.361000 -1.507725 
1.362000 -1.490000 
1.363000 -1.472212 
1.364000 -1.454361 
1.365000 -1.436450 
1.366000 -1.418479 
1.367000 -1.400451 
1.368000 -1.382368 
1.369000 -1.364230 
1.370000 -1.346040 
1.371000 -1.327799 
1.372000 -1.309508 
1.373000 -1.291171 
1.374000 -1.272787 
1.375000 -1.254359 
1.376000 -1.235889 
1.377000 -1.217377 
1.378000 -1.198826 
1.379000 -1.180238 
1.380000 -1.161613 
1.381000 -1.142954 
1.382000 -1.124261 
1.383000 -1.105538 
1.384000 -1.086784 
1.385000 -1.068003 
1.386000 -1.049195 
1.387000 -1.030361 
1.388000 -1.011505 
1.389000 -0.992626 
1.390000 -0.973727 
1.391000 -0.954809 
1.392000 -0.935874 
1.393000 -0.916923 
1.394000 -0.897958 
1.395000 -0.878980 
1.396000 -0.859991 
1.397000 -0.840993 
1.398000 -0.821985 
1.399000 -0.802972 
1.400000 -0.783952 
1.401000 -0.764929 
1.402000 -0.745903 
1.403000 -0.726877 
1.404000 -0.707851 
1.405000 -0.688826 
1.406000 -0.669805 
1.407000 -0.650788 
1.408000 -0.631777 
1.409000 -0.612774 
1.410000 -0.593779 
1.411000 -0.574795 
1.412000 -0.555821 
1.413000 -0.536861 
1.414000 -0.517914 
1.415000 -0.498983 
1.416000 -0.480068 
1.417000 -0.461171 
1.418000 -0.442293 
1.419000 -0.423435 
1.420000 -0.404599 
1.421000 -0.385786 
1.422000 -0.366997 
1.423000 -0.348232 
1.424000 -0.329495 
1.425000 -0.310785 
1.426000 -0.292103 
1.427000 -0.273451 
1.428000 -0.254831 
1.429000 -0.236242 
1.430000 -0.217686 
1.431000 -0.199165 
1.432000 -0.180679 
1.433000 -0.162230 
1.434000 -0.143818 
1.435000 -0.125445 
1.436000 -0.107111 
1.437000 -0.088817 
1.438000 -0.070566 
1.439000 -0.052356 
1.440000 -0.034191 
1.441000 -0.016069 
1.442000 0.002007 
1.443000 0.020036 
1.444000 0.038019 
1.445000 0.055953 
1.446000 0.073838 
1.447000 0.091673 
1.448000 0.109457 
1.449000 0.127190 
1.450000 0.144870 
1.451000 0.162497 
1.452000 0.180070 
1.453000 0.197588 
1.454000 0.215050 
1.455000 0.232456 
1.456000 0.249804 
1.457000 0.267094 
1.458000 0.284326 
1.459000 0.301498 
1.460000 0.318610 
1.461000 0.335661 
1.462000 0.352651 
1.463000 0.369578 
1.464000 0.386442 
1.465000 0.403243 
1.466000 0.419979 
1.467000 0.436651 
1.468000 0.453257 
1.469000 0.469798 
1.470000 0.486271 
1.471000 0.502677 
1.472000 0.519016 
1.473000 0.535286 
1.474000 0.551488 
1.475000 0.567620 
1.476000 0.583682 
1.477000 0.599673 
1.478000 0.615594 
1.479000 0.631443 
1.480000 0.647220 
1.481000 0.662925 
1.482000 0.678557 
1.483000 0.694115 
1.484000 0.709600 
1.485000 0.725011 
1.486000 0.740348 
1.487000 0.755609 
1.488000 0.770795 
1.489000 0.785905 
1.490000 0.800939 
1.491000 0.815897 
1.492000 0.830777 
1.493000 0.845581 
1.494000 0.860307 
1.495000 0.874955 
1.496000 0.889525 
1.497000 0.904017 
1.498000 0.918430 
1.499000 0.932763 
