# Tref_folded model 
-1.500000 1.266809 
-1.499000 1.278998 
-1.498000 1.291104 
-1.497000 1.303125 
-1.496000 1.315063 
-1.495000 1.326916 
-1.494000 1.338685 
-1.493000 1.350370 
-1.492000 1.361971 
-1.491000 1.373487 
-1.490000 1.384919 
-1.489000 1.396267 
-1.488000 1.407530 
-1.487000 1.418709 
-1.486000 1.429804 
-1.485000 1.440814 
-1.484000 1.451739 
-1.483000 1.462580 
-1.482000 1.473337 
-1.481000 1.484009 
-1.480000 1.494597 
-1.479000 1.505100 
-1.478000 1.515519 
-1.477000 1.525854 
-1.476000 1.536104 
-1.475000 1.546270 
-1.474000 1.556351 
-1.473000 1.566349 
-1.472000 1.576262 
-1.471000 1.586091 
-1.470000 1.595836 
-1.469000 1.605497 
-1.468000 1.615073 
-1.467000 1.624566 
-1.466000 1.633976 
-1.465000 1.643301 
-1.464000 1.652543 
-1.463000 1.661701 
-1.462000 1.670775 
-1.461000 1.679767 
-1.460000 1.688674 
-1.459000 1.697499 
-1.458000 1.706240 
-1.457000 1.714898 
-1.456000 1.723474 
-1.455000 1.731966 
-1.454000 1.740376 
-1.453000 1.748703 
-1.452000 1.756947 
-1.451000 1.765109 
-1.450000 1.773189 
-1.449000 1.781186 
-1.448000 1.789101 
-1.447000 1.796935 
-1.446000 1.804686 
-1.445000 1.812356 
-1.444000 1.819945 
-1.443000 1.827451 
-1.442000 1.834877 
-1.441000 1.842221 
-1.440000 1.849485 
-1.439000 1.856667 
-1.438000 1.863769 
-1.437000 1.870790 
-1.436000 1.877730 
-1.435000 1.884590 
-1.434000 1.891370 
-1.433000 1.898070 
-1.432000 1.904691 
-1.431000 1.911231 
-1.430000 1.917692 
-1.429000 1.924073 
-1.428000 1.930375 
-1.427000 1.936598 
-1.426000 1.942743 
-1.425000 1.948808 
-1.424000 1.954795 
-1.423000 1.960703 
-1.422000 1.966533 
-1.421000 1.972285 
-1.420000 1.977959 
-1.419000 1.983555 
-1.418000 1.989073 
-1.417000 1.994514 
-1.416000 1.999878 
-1.415000 2.005165 
-1.414000 2.010374 
-1.413000 2.015507 
-1.412000 2.020564 
-1.411000 2.025544 
-1.410000 2.030447 
-1.409000 2.035275 
-1.408000 2.040027 
-1.407000 2.044703 
-1.406000 2.049303 
-1.405000 2.053828 
-1.404000 2.058278 
-1.403000 2.062653 
-1.402000 2.066953 
-1.401000 2.071179 
-1.400000 2.075330 
-1.399000 2.079406 
-1.398000 2.083409 
-1.397000 2.087338 
-1.396000 2.091193 
-1.395000 2.094974 
-1.394000 2.098682 
-1.393000 2.102317 
-1.392000 2.105879 
-1.391000 2.109368 
-1.390000 2.112784 
-1.389000 2.116128 
-1.388000 2.119400 
-1.387000 2.122600 
-1.386000 2.125727 
-1.385000 2.128783 
-1.384000 2.131768 
-1.383000 2.134681 
-1.382000 2.137522 
-1.381000 2.140293 
-1.380000 2.142993 
-1.379000 2.145623 
-1.378000 2.148182 
-1.377000 2.150670 
-1.376000 2.153089 
-1.375000 2.155438 
-1.374000 2.157717 
-1.373000 2.159927 
-1.372000 2.162067 
-1.371000 2.164138 
-1.370000 2.166140 
-1.369000 2.168073 
-1.368000 2.169938 
-1.367000 2.171734 
-1.366000 2.173462 
-1.365000 2.175122 
-1.364000 2.176714 
-1.363000 2.178238 
-1.362000 2.179695 
-1.361000 2.181084 
-1.360000 2.182406 
-1.359000 2.183661 
-1.358000 2.184850 
-1.357000 2.185972 
-1.356000 2.187027 
-1.355000 2.188016 
-1.354000 2.188939 
-1.353000 2.189796 
-1.352000 2.190587 
-1.351000 2.191313 
-1.350000 2.191973 
-1.349000 2.192568 
-1.348000 2.193098 
-1.347000 2.193563 
-1.346000 2.193963 
-1.345000 2.194299 
-1.344000 2.194571 
-1.343000 2.194778 
-1.342000 2.194921 
-1.341000 2.195001 
-1.340000 2.195016 
-1.339000 2.194969 
-1.338000 2.194858 
-1.337000 2.194683 
-1.336000 2.194446 
-1.335000 2.194146 
-1.334000 2.193783 
-1.333000 2.193358 
-1.332000 2.192870 
-1.331000 2.192321 
-1.330000 2.191709 
-1.329000 2.191035 
-1.328000 2.190300 
-1.327000 2.189503 
-1.326000 2.188645 
-1.325000 2.187726 
-1.324000 2.186745 
-1.323000 2.185704 
-1.322000 2.184602 
-1.321000 2.183440 
-1.320000 2.182217 
-1.319000 2.180934 
-1.318000 2.179591 
-1.317000 2.178187 
-1.316000 2.176725 
-1.315000 2.175202 
-1.314000 2.173620 
-1.313000 2.171979 
-1.312000 2.170279 
-1.311000 2.168519 
-1.310000 2.166701 
-1.309000 2.164825 
-1.308000 2.162889 
-1.307000 2.160895 
-1.306000 2.158844 
-1.305000 2.156733 
-1.304000 2.154566 
-1.303000 2.152340 
-1.302000 2.150056 
-1.301000 2.147716 
-1.300000 2.145317 
-1.299000 2.142862 
-1.298000 2.140349 
-1.297000 2.137780 
-1.296000 2.135154 
-1.295000 2.132471 
-1.294000 2.129732 
-1.293000 2.126937 
-1.292000 2.124085 
-1.291000 2.121177 
-1.290000 2.118213 
-1.289000 2.115194 
-1.288000 2.112119 
-1.287000 2.108988 
-1.286000 2.105802 
-1.285000 2.102561 
-1.284000 2.099265 
-1.283000 2.095913 
-1.282000 2.092507 
-1.281000 2.089047 
-1.280000 2.085531 
-1.279000 2.081962 
-1.278000 2.078338 
-1.277000 2.074660 
-1.276000 2.070928 
-1.275000 2.067141 
-1.274000 2.063302 
-1.273000 2.059408 
-1.272000 2.055461 
-1.271000 2.051461 
-1.270000 2.047408 
-1.269000 2.043301 
-1.268000 2.039141 
-1.267000 2.034929 
-1.266000 2.030664 
-1.265000 2.026346 
-1.264000 2.021975 
-1.263000 2.017553 
-1.262000 2.013078 
-1.261000 2.008551 
-1.260000 2.003972 
-1.259000 1.999341 
-1.258000 1.994658 
-1.257000 1.989924 
-1.256000 1.985138 
-1.255000 1.980301 
-1.254000 1.975412 
-1.253000 1.970472 
-1.252000 1.965482 
-1.251000 1.960440 
-1.250000 1.955348 
-1.249000 1.950205 
-1.248000 1.945011 
-1.247000 1.939767 
-1.246000 1.934472 
-1.245000 1.929127 
-1.244000 1.923733 
-1.243000 1.918288 
-1.242000 1.912793 
-1.241000 1.907248 
-1.240000 1.901654 
-1.239000 1.896010 
-1.238000 1.890317 
-1.237000 1.884575 
-1.236000 1.878783 
-1.235000 1.872942 
-1.234000 1.867052 
-1.233000 1.861113 
-1.232000 1.855126 
-1.231000 1.849090 
-1.230000 1.843005 
-1.229000 1.836871 
-1.228000 1.830690 
-1.227000 1.824460 
-1.226000 1.818182 
-1.225000 1.811856 
-1.224000 1.805482 
-1.223000 1.799060 
-1.222000 1.792590 
-1.221000 1.786073 
-1.220000 1.779508 
-1.219000 1.772896 
-1.218000 1.766237 
-1.217000 1.759530 
-1.216000 1.752776 
-1.215000 1.745975 
-1.214000 1.739128 
-1.213000 1.732233 
-1.212000 1.725292 
-1.211000 1.718304 
-1.210000 1.711270 
-1.209000 1.704189 
-1.208000 1.697062 
-1.207000 1.689889 
-1.206000 1.682670 
-1.205000 1.675405 
-1.204000 1.668094 
-1.203000 1.660737 
-1.202000 1.653334 
-1.201000 1.645886 
-1.200000 1.638392 
-1.199000 1.630853 
-1.198000 1.623268 
-1.197000 1.615638 
-1.196000 1.607964 
-1.195000 1.600244 
-1.194000 1.592479 
-1.193000 1.584670 
-1.192000 1.576815 
-1.191000 1.568916 
-1.190000 1.560973 
-1.189000 1.552985 
-1.188000 1.544953 
-1.187000 1.536876 
-1.186000 1.528756 
-1.185000 1.520591 
-1.184000 1.512383 
-1.183000 1.504130 
-1.182000 1.495834 
-1.181000 1.487494 
-1.180000 1.479111 
-1.179000 1.470684 
-1.178000 1.462214 
-1.177000 1.453700 
-1.176000 1.445143 
-1.175000 1.436544 
-1.174000 1.427901 
-1.173000 1.419215 
-1.172000 1.410487 
-1.171000 1.401716 
-1.170000 1.392902 
-1.169000 1.384046 
-1.168000 1.375147 
-1.167000 1.366206 
-1.166000 1.357223 
-1.165000 1.348198 
-1.164000 1.339131 
-1.163000 1.330022 
-1.162000 1.320871 
-1.161000 1.311678 
-1.160000 1.302444 
-1.159000 1.293168 
-1.158000 1.283851 
-1.157000 1.274492 
-1.156000 1.265092 
-1.155000 1.255651 
-1.154000 1.246169 
-1.153000 1.236647 
-1.152000 1.227083 
-1.151000 1.217478 
-1.150000 1.207833 
-1.149000 1.198148 
-1.148000 1.188422 
-1.147000 1.178656 
-1.146000 1.168849 
-1.145000 1.159003 
-1.144000 1.149116 
-1.143000 1.139190 
-1.142000 1.129223 
-1.141000 1.119217 
-1.140000 1.109172 
-1.139000 1.099087 
-1.138000 1.088962 
-1.137000 1.078798 
-1.136000 1.068596 
-1.135000 1.058354 
-1.134000 1.048073 
-1.133000 1.037753 
-1.132000 1.027395 
-1.131000 1.016998 
-1.130000 1.006562 
-1.129000 0.996088 
-1.128000 0.985576 
-1.127000 0.975026 
-1.126000 0.964437 
-1.125000 0.953811 
-1.124000 0.943146 
-1.123000 0.932445 
-1.122000 0.921705 
-1.121000 0.910928 
-1.120000 0.900114 
-1.119000 0.889262 
-1.118000 0.878373 
-1.117000 0.867448 
-1.116000 0.856485 
-1.115000 0.845486 
-1.114000 0.834450 
-1.113000 0.823377 
-1.112000 0.812268 
-1.111000 0.801123 
-1.110000 0.789942 
-1.109000 0.778724 
-1.108000 0.767471 
-1.107000 0.756182 
-1.106000 0.744858 
-1.105000 0.733498 
-1.104000 0.722102 
-1.103000 0.710672 
-1.102000 0.699206 
-1.101000 0.687705 
-1.100000 0.676170 
-1.099000 0.664600 
-1.098000 0.652995 
-1.097000 0.641356 
-1.096000 0.629683 
-1.095000 0.617975 
-1.094000 0.606234 
-1.093000 0.594459 
-1.092000 0.582650 
-1.091000 0.570808 
-1.090000 0.558932 
-1.089000 0.547023 
-1.088000 0.535081 
-1.087000 0.523106 
-1.086000 0.511098 
-1.085000 0.499058 
-1.084000 0.486985 
-1.083000 0.474880 
-1.082000 0.462743 
-1.081000 0.450574 
-1.080000 0.438373 
-1.079000 0.426141 
-1.078000 0.413877 
-1.077000 0.401582 
-1.076000 0.389255 
-1.075000 0.376898 
-1.074000 0.364510 
-1.073000 0.352091 
-1.072000 0.339642 
-1.071000 0.327163 
-1.070000 0.314654 
-1.069000 0.302115 
-1.068000 0.289546 
-1.067000 0.276948 
-1.066000 0.264320 
-1.065000 0.251663 
-1.064000 0.238978 
-1.063000 0.226263 
-1.062000 0.213521 
-1.061000 0.200750 
-1.060000 0.187950 
-1.059000 0.175123 
-1.058000 0.162268 
-1.057000 0.149386 
-1.056000 0.136476 
-1.055000 0.123540 
-1.054000 0.110576 
-1.053000 0.097586 
-1.052000 0.084570 
-1.051000 0.071527 
-1.050000 0.058458 
-1.049000 0.045364 
-1.048000 0.032244 
-1.047000 0.019099 
-1.046000 0.005929 
-1.045000 -0.007266 
-1.044000 -0.020486 
-1.043000 -0.033729 
-1.042000 -0.046997 
-1.041000 -0.060289 
-1.040000 -0.073604 
-1.039000 -0.086943 
-1.038000 -0.100304 
-1.037000 -0.113688 
-1.036000 -0.127095 
-1.035000 -0.140524 
-1.034000 -0.153976 
-1.033000 -0.167448 
-1.032000 -0.180943 
-1.031000 -0.194458 
-1.030000 -0.207994 
-1.029000 -0.221551 
-1.028000 -0.235128 
-1.027000 -0.248726 
-1.026000 -0.262343 
-1.025000 -0.275979 
-1.024000 -0.289635 
-1.023000 -0.303309 
-1.022000 -0.317002 
-1.021000 -0.330713 
-1.020000 -0.344442 
-1.019000 -0.358188 
-1.018000 -0.371952 
-1.017000 -0.385733 
-1.016000 -0.399530 
-1.015000 -0.413343 
-1.014000 -0.427173 
-1.013000 -0.441018 
-1.012000 -0.454878 
-1.011000 -0.468753 
-1.010000 -0.482643 
-1.009000 -0.496547 
-1.008000 -0.510465 
-1.007000 -0.524396 
-1.006000 -0.538341 
-1.005000 -0.552298 
-1.004000 -0.566267 
-1.003000 -0.580249 
-1.002000 -0.594242 
-1.001000 -0.608246 
-1.000000 -0.622261 
-0.999000 -0.636287 
-0.998000 -0.650323 
-0.997000 -0.664368 
-0.996000 -0.678422 
-0.995000 -0.692486 
-0.994000 -0.706557 
-0.993000 -0.720637 
-0.992000 -0.734724 
-0.991000 -0.748819 
-0.990000 -0.762920 
-0.989000 -0.777027 
-0.988000 -0.791140 
-0.987000 -0.805258 
-0.986000 -0.819382 
-0.985000 -0.833509 
-0.984000 -0.847641 
-0.983000 -0.861777 
-0.982000 -0.875915 
-0.981000 -0.890056 
-0.980000 -0.904199 
-0.979000 -0.918343 
-0.978000 -0.932489 
-0.977000 -0.946635 
-0.976000 -0.960782 
-0.975000 -0.974927 
-0.974000 -0.989073 
-0.973000 -1.003216 
-0.972000 -1.017358 
-0.971000 -1.031497 
-0.970000 -1.045633 
-0.969000 -1.059766 
-0.968000 -1.073894 
-0.967000 -1.088018 
-0.966000 -1.102137 
-0.965000 -1.116250 
-0.964000 -1.130356 
-0.963000 -1.144456 
-0.962000 -1.158548 
-0.961000 -1.172632 
-0.960000 -1.186707 
-0.959000 -1.200774 
-0.958000 -1.214830 
-0.957000 -1.228876 
-0.956000 -1.242911 
-0.955000 -1.256934 
-0.954000 -1.270945 
-0.953000 -1.284943 
-0.952000 -1.298927 
-0.951000 -1.312897 
-0.950000 -1.326852 
-0.949000 -1.340792 
-0.948000 -1.354716 
-0.947000 -1.368623 
-0.946000 -1.382512 
-0.945000 -1.396383 
-0.944000 -1.410236 
-0.943000 -1.424069 
-0.942000 -1.437881 
-0.941000 -1.451673 
-0.940000 -1.465443 
-0.939000 -1.479191 
-0.938000 -1.492916 
-0.937000 -1.506616 
-0.936000 -1.520293 
-0.935000 -1.533944 
-0.934000 -1.547569 
-0.933000 -1.561168 
-0.932000 -1.574739 
-0.931000 -1.588281 
-0.930000 -1.601795 
-0.929000 -1.615279 
-0.928000 -1.628732 
-0.927000 -1.642154 
-0.926000 -1.655544 
-0.925000 -1.668901 
-0.924000 -1.682224 
-0.923000 -1.695513 
-0.922000 -1.708766 
-0.921000 -1.721983 
-0.920000 -1.735163 
-0.919000 -1.748306 
-0.918000 -1.761409 
-0.917000 -1.774473 
-0.916000 -1.787497 
-0.915000 -1.800479 
-0.914000 -1.813420 
-0.913000 -1.826317 
-0.912000 -1.839171 
-0.911000 -1.851979 
-0.910000 -1.864743 
-0.909000 -1.877459 
-0.908000 -1.890129 
-0.907000 -1.902750 
-0.906000 -1.915322 
-0.905000 -1.927843 
-0.904000 -1.940314 
-0.903000 -1.952733 
-0.902000 -1.965098 
-0.901000 -1.977410 
-0.900000 -1.989667 
-0.899000 -2.001869 
-0.898000 -2.014014 
-0.897000 -2.026101 
-0.896000 -2.038129 
-0.895000 -2.050098 
-0.894000 -2.062006 
-0.893000 -2.073853 
-0.892000 -2.085638 
-0.891000 -2.097358 
-0.890000 -2.109015 
-0.889000 -2.120605 
-0.888000 -2.132130 
-0.887000 -2.143587 
-0.886000 -2.154975 
-0.885000 -2.166294 
-0.884000 -2.177542 
-0.883000 -2.188719 
-0.882000 -2.199823 
-0.881000 -2.210853 
-0.880000 -2.221809 
-0.879000 -2.232689 
-0.878000 -2.243492 
-0.877000 -2.254218 
-0.876000 -2.264865 
-0.875000 -2.275431 
-0.874000 -2.285917 
-0.873000 -2.296321 
-0.872000 -2.306642 
-0.871000 -2.316878 
-0.870000 -2.327030 
-0.869000 -2.337095 
-0.868000 -2.347073 
-0.867000 -2.356962 
-0.866000 -2.366762 
-0.865000 -2.376471 
-0.864000 -2.386089 
-0.863000 -2.395614 
-0.862000 -2.405045 
-0.861000 -2.414381 
-0.860000 -2.423621 
-0.859000 -2.432765 
-0.858000 -2.441810 
-0.857000 -2.450755 
-0.856000 -2.459601 
-0.855000 -2.468345 
-0.854000 -2.476987 
-0.853000 -2.485525 
-0.852000 -2.493958 
-0.851000 -2.502286 
-0.850000 -2.510506 
-0.849000 -2.518619 
-0.848000 -2.526623 
-0.847000 -2.534517 
-0.846000 -2.542300 
-0.845000 -2.549970 
-0.844000 -2.557527 
-0.843000 -2.564970 
-0.842000 -2.572297 
-0.841000 -2.579508 
-0.840000 -2.586601 
-0.839000 -2.593576 
-0.838000 -2.600431 
-0.837000 -2.607165 
-0.836000 -2.613778 
-0.835000 -2.620267 
-0.834000 -2.626633 
-0.833000 -2.632874 
-0.832000 -2.638989 
-0.831000 -2.644977 
-0.830000 -2.650837 
-0.829000 -2.656568 
-0.828000 -2.662170 
-0.827000 -2.667640 
-0.826000 -2.672978 
-0.825000 -2.678183 
-0.824000 -2.683255 
-0.823000 -2.688191 
-0.822000 -2.692992 
-0.821000 -2.697656 
-0.820000 -2.702182 
-0.819000 -2.706569 
-0.818000 -2.710817 
-0.817000 -2.714924 
-0.816000 -2.718890 
-0.815000 -2.722714 
-0.814000 -2.726394 
-0.813000 -2.729930 
-0.812000 -2.733321 
-0.811000 -2.736566 
-0.810000 -2.739665 
-0.809000 -2.742616 
-0.808000 -2.745419 
-0.807000 -2.748073 
-0.806000 -2.750576 
-0.805000 -2.752929 
-0.804000 -2.755131 
-0.803000 -2.757180 
-0.802000 -2.759076 
-0.801000 -2.760818 
-0.800000 -2.762406 
-0.799000 -2.763839 
-0.798000 -2.765116 
-0.797000 -2.766237 
-0.796000 -2.767200 
-0.795000 -2.768006 
-0.794000 -2.768653 
-0.793000 -2.769141 
-0.792000 -2.769469 
-0.791000 -2.769637 
-0.790000 -2.769644 
-0.789000 -2.769490 
-0.788000 -2.769174 
-0.787000 -2.768696 
-0.786000 -2.768055 
-0.785000 -2.767250 
-0.784000 -2.766282 
-0.783000 -2.765150 
-0.782000 -2.763853 
-0.781000 -2.762391 
-0.780000 -2.760763 
-0.779000 -2.758970 
-0.778000 -2.757010 
-0.777000 -2.754884 
-0.776000 -2.752592 
-0.775000 -2.750132 
-0.774000 -2.747505 
-0.773000 -2.744711 
-0.772000 -2.741749 
-0.771000 -2.738619 
-0.770000 -2.735321 
-0.769000 -2.731855 
-0.768000 -2.728220 
-0.767000 -2.724417 
-0.766000 -2.720446 
-0.765000 -2.716306 
-0.764000 -2.711997 
-0.763000 -2.707519 
-0.762000 -2.702873 
-0.761000 -2.698058 
-0.760000 -2.693075 
-0.759000 -2.687923 
-0.758000 -2.682603 
-0.757000 -2.677114 
-0.756000 -2.671457 
-0.755000 -2.665632 
-0.754000 -2.659640 
-0.753000 -2.653480 
-0.752000 -2.647152 
-0.751000 -2.640658 
-0.750000 -2.633996 
-0.749000 -2.627169 
-0.748000 -2.620175 
-0.747000 -2.613015 
-0.746000 -2.605690 
-0.745000 -2.598199 
-0.744000 -2.590545 
-0.743000 -2.582726 
-0.742000 -2.574743 
-0.741000 -2.566597 
-0.740000 -2.558289 
-0.739000 -2.549818 
-0.738000 -2.541186 
-0.737000 -2.532393 
-0.736000 -2.523440 
-0.735000 -2.514327 
-0.734000 -2.505054 
-0.733000 -2.495624 
-0.732000 -2.486036 
-0.731000 -2.476291 
-0.730000 -2.466390 
-0.729000 -2.456333 
-0.728000 -2.446122 
-0.727000 -2.435757 
-0.726000 -2.425239 
-0.725000 -2.414570 
-0.724000 -2.403749 
-0.723000 -2.392777 
-0.722000 -2.381657 
-0.721000 -2.370388 
-0.720000 -2.358971 
-0.719000 -2.347408 
-0.718000 -2.335700 
-0.717000 -2.323847 
-0.716000 -2.311851 
-0.715000 -2.299713 
-0.714000 -2.287434 
-0.713000 -2.275014 
-0.712000 -2.262456 
-0.711000 -2.249760 
-0.710000 -2.236927 
-0.709000 -2.223959 
-0.708000 -2.210857 
-0.707000 -2.197622 
-0.706000 -2.184254 
-0.705000 -2.170757 
-0.704000 -2.157130 
-0.703000 -2.143375 
-0.702000 -2.129494 
-0.701000 -2.115488 
-0.700000 -2.101357 
-0.699000 -2.087104 
-0.698000 -2.072729 
-0.697000 -2.058235 
-0.696000 -2.043622 
-0.695000 -2.028892 
-0.694000 -2.014047 
-0.693000 -1.999087 
-0.692000 -1.984014 
-0.691000 -1.968831 
-0.690000 -1.953537 
-0.689000 -1.938135 
-0.688000 -1.922626 
-0.687000 -1.907012 
-0.686000 -1.891294 
-0.685000 -1.875473 
-0.684000 -1.859552 
-0.683000 -1.843532 
-0.682000 -1.827414 
-0.681000 -1.811200 
-0.680000 -1.794891 
-0.679000 -1.778489 
-0.678000 -1.761996 
-0.677000 -1.745413 
-0.676000 -1.728742 
-0.675000 -1.711985 
-0.674000 -1.695142 
-0.673000 -1.678216 
-0.672000 -1.661208 
-0.671000 -1.644120 
-0.670000 -1.626954 
-0.669000 -1.609710 
-0.668000 -1.592392 
-0.667000 -1.575000 
-0.666000 -1.557536 
-0.665000 -1.540001 
-0.664000 -1.522398 
-0.663000 -1.504728 
-0.662000 -1.486993 
-0.661000 -1.469194 
-0.660000 -1.451333 
-0.659000 -1.433411 
-0.658000 -1.415431 
-0.657000 -1.397393 
-0.656000 -1.379300 
-0.655000 -1.361154 
-0.654000 -1.342955 
-0.653000 -1.324705 
-0.652000 -1.306407 
-0.651000 -1.288061 
-0.650000 -1.269670 
-0.649000 -1.251235 
-0.648000 -1.232757 
-0.647000 -1.214239 
-0.646000 -1.195682 
-0.645000 -1.177087 
-0.644000 -1.158456 
-0.643000 -1.139791 
-0.642000 -1.121093 
-0.641000 -1.102365 
-0.640000 -1.083606 
-0.639000 -1.064820 
-0.638000 -1.046008 
-0.637000 -1.027170 
-0.636000 -1.008310 
-0.635000 -0.989428 
-0.634000 -0.970525 
-0.633000 -0.951605 
-0.632000 -0.932667 
-0.631000 -0.913713 
-0.630000 -0.894746 
-0.629000 -0.875766 
-0.628000 -0.856775 
-0.627000 -0.837775 
-0.626000 -0.818767 
-0.625000 -0.799752 
-0.624000 -0.780732 
-0.623000 -0.761708 
-0.622000 -0.742682 
-0.621000 -0.723655 
-0.620000 -0.704629 
-0.619000 -0.685605 
-0.618000 -0.666585 
-0.617000 -0.647569 
-0.616000 -0.628559 
-0.615000 -0.609557 
-0.614000 -0.590564 
-0.613000 -0.571582 
-0.612000 -0.552610 
-0.611000 -0.533652 
-0.610000 -0.514708 
-0.609000 -0.495779 
-0.608000 -0.476867 
-0.607000 -0.457973 
-0.606000 -0.439099 
-0.605000 -0.420245 
-0.604000 -0.401412 
-0.603000 -0.382603 
-0.602000 -0.363818 
-0.601000 -0.345058 
-0.600000 -0.326325 
-0.599000 -0.307620 
-0.598000 -0.288943 
-0.597000 -0.270296 
-0.596000 -0.251681 
-0.595000 -0.233098 
-0.594000 -0.214548 
-0.593000 -0.196033 
-0.592000 -0.177553 
-0.591000 -0.159110 
-0.590000 -0.140705 
-0.589000 -0.122338 
-0.588000 -0.104011 
-0.587000 -0.085724 
-0.586000 -0.067480 
-0.585000 -0.049278 
-0.584000 -0.031119 
-0.583000 -0.013006 
-0.582000 0.005063 
-0.581000 0.023084 
-0.580000 0.041058 
-0.579000 0.058984 
-0.578000 0.076861 
-0.577000 0.094688 
-0.576000 0.112463 
-0.575000 0.130187 
-0.574000 0.147859 
-0.573000 0.165476 
-0.572000 0.183040 
-0.571000 0.200548 
-0.570000 0.218001 
-0.569000 0.235397 
-0.568000 0.252736 
-0.567000 0.270016 
-0.566000 0.287238 
-0.565000 0.304400 
-0.564000 0.321501 
-0.563000 0.338542 
-0.562000 0.355521 
-0.561000 0.372438 
-0.560000 0.389291 
-0.559000 0.406081 
-0.558000 0.422807 
-0.557000 0.439467 
-0.556000 0.456062 
-0.555000 0.472591 
-0.554000 0.489054 
-0.553000 0.505449 
-0.552000 0.521776 
-0.551000 0.538034 
-0.550000 0.554224 
-0.549000 0.570344 
-0.548000 0.586394 
-0.547000 0.602374 
-0.546000 0.618282 
-0.545000 0.634119 
-0.544000 0.649884 
-0.543000 0.665577 
-0.542000 0.681196 
-0.541000 0.696742 
-0.540000 0.712215 
-0.539000 0.727613 
-0.538000 0.742937 
-0.537000 0.758185 
-0.536000 0.773358 
-0.535000 0.788456 
-0.534000 0.803477 
-0.533000 0.818421 
-0.532000 0.833289 
-0.531000 0.848080 
-0.530000 0.862792 
-0.529000 0.877427 
-0.528000 0.891984 
-0.527000 0.906462 
-0.526000 0.920862 
-0.525000 0.935182 
-0.524000 0.949423 
-0.523000 0.963584 
-0.522000 0.977666 
-0.521000 0.991667 
-0.520000 1.005588 
-0.519000 1.019428 
-0.518000 1.033187 
-0.517000 1.046865 
-0.516000 1.060462 
-0.515000 1.073977 
-0.514000 1.087411 
-0.513000 1.100763 
-0.512000 1.114032 
-0.511000 1.127220 
-0.510000 1.140324 
-0.509000 1.153347 
-0.508000 1.166286 
-0.507000 1.179143 
-0.506000 1.191917 
-0.505000 1.204607 
-0.504000 1.217215 
-0.503000 1.229739 
-0.502000 1.242179 
-0.501000 1.254536 
-0.500000 1.266809 
-0.499000 1.278998 
-0.498000 1.291104 
-0.497000 1.303125 
-0.496000 1.315063 
-0.495000 1.326916 
-0.494000 1.338685 
-0.493000 1.350370 
-0.492000 1.361971 
-0.491000 1.373487 
-0.490000 1.384919 
-0.489000 1.396267 
-0.488000 1.407530 
-0.487000 1.418709 
-0.486000 1.429804 
-0.485000 1.440814 
-0.484000 1.451739 
-0.483000 1.462580 
-0.482000 1.473337 
-0.481000 1.484009 
-0.480000 1.494597 
-0.479000 1.505100 
-0.478000 1.515519 
-0.477000 1.525854 
-0.476000 1.536104 
-0.475000 1.546270 
-0.474000 1.556351 
-0.473000 1.566349 
-0.472000 1.576262 
-0.471000 1.586091 
-0.470000 1.595836 
-0.469000 1.605497 
-0.468000 1.615073 
-0.467000 1.624566 
-0.466000 1.633976 
-0.465000 1.643301 
-0.464000 1.652543 
-0.463000 1.661701 
-0.462000 1.670775 
-0.461000 1.679767 
-0.460000 1.688674 
-0.459000 1.697499 
-0.458000 1.706240 
-0.457000 1.714898 
-0.456000 1.723474 
-0.455000 1.731966 
-0.454000 1.740376 
-0.453000 1.748703 
-0.452000 1.756947 
-0.451000 1.765109 
-0.450000 1.773189 
-0.449000 1.781186 
-0.448000 1.789101 
-0.447000 1.796935 
-0.446000 1.804686 
-0.445000 1.812356 
-0.444000 1.819945 
-0.443000 1.827451 
-0.442000 1.834877 
-0.441000 1.842221 
-0.440000 1.849485 
-0.439000 1.856667 
-0.438000 1.863769 
-0.437000 1.870790 
-0.436000 1.877730 
-0.435000 1.884590 
-0.434000 1.891370 
-0.433000 1.898070 
-0.432000 1.904691 
-0.431000 1.911231 
-0.430000 1.917692 
-0.429000 1.924073 
-0.428000 1.930375 
-0.427000 1.936598 
-0.426000 1.942743 
-0.425000 1.948808 
-0.424000 1.954795 
-0.423000 1.960703 
-0.422000 1.966533 
-0.421000 1.972285 
-0.420000 1.977959 
-0.419000 1.983555 
-0.418000 1.989073 
-0.417000 1.994514 
-0.416000 1.999878 
-0.415000 2.005165 
-0.414000 2.010374 
-0.413000 2.015507 
-0.412000 2.020564 
-0.411000 2.025544 
-0.410000 2.030447 
-0.409000 2.035275 
-0.408000 2.040027 
-0.407000 2.044703 
-0.406000 2.049303 
-0.405000 2.053828 
-0.404000 2.058278 
-0.403000 2.062653 
-0.402000 2.066953 
-0.401000 2.071179 
-0.400000 2.075330 
-0.399000 2.079406 
-0.398000 2.083409 
-0.397000 2.087338 
-0.396000 2.091193 
-0.395000 2.094974 
-0.394000 2.098682 
-0.393000 2.102317 
-0.392000 2.105879 
-0.391000 2.109368 
-0.390000 2.112784 
-0.389000 2.116128 
-0.388000 2.119400 
-0.387000 2.122600 
-0.386000 2.125727 
-0.385000 2.128783 
-0.384000 2.131768 
-0.383000 2.134681 
-0.382000 2.137522 
-0.381000 2.140293 
-0.380000 2.142993 
-0.379000 2.145623 
-0.378000 2.148182 
-0.377000 2.150670 
-0.376000 2.153089 
-0.375000 2.155438 
-0.374000 2.157717 
-0.373000 2.159927 
-0.372000 2.162067 
-0.371000 2.164138 
-0.370000 2.166140 
-0.369000 2.168073 
-0.368000 2.169938 
-0.367000 2.171734 
-0.366000 2.173462 
-0.365000 2.175122 
-0.364000 2.176714 
-0.363000 2.178238 
-0.362000 2.179695 
-0.361000 2.181084 
-0.360000 2.182406 
-0.359000 2.183661 
-0.358000 2.184850 
-0.357000 2.185972 
-0.356000 2.187027 
-0.355000 2.188016 
-0.354000 2.188939 
-0.353000 2.189796 
-0.352000 2.190587 
-0.351000 2.191313 
-0.350000 2.191973 
-0.349000 2.192568 
-0.348000 2.193098 
-0.347000 2.193563 
-0.346000 2.193963 
-0.345000 2.194299 
-0.344000 2.194571 
-0.343000 2.194778 
-0.342000 2.194921 
-0.341000 2.195001 
-0.340000 2.195016 
-0.339000 2.194969 
-0.338000 2.194858 
-0.337000 2.194683 
-0.336000 2.194446 
-0.335000 2.194146 
-0.334000 2.193783 
-0.333000 2.193358 
-0.332000 2.192870 
-0.331000 2.192321 
-0.330000 2.191709 
-0.329000 2.191035 
-0.328000 2.190300 
-0.327000 2.189503 
-0.326000 2.188645 
-0.325000 2.187726 
-0.324000 2.186745 
-0.323000 2.185704 
-0.322000 2.184602 
-0.321000 2.183440 
-0.320000 2.182217 
-0.319000 2.180934 
-0.318000 2.179591 
-0.317000 2.178187 
-0.316000 2.176725 
-0.315000 2.175202 
-0.314000 2.173620 
-0.313000 2.171979 
-0.312000 2.170279 
-0.311000 2.168519 
-0.310000 2.166701 
-0.309000 2.164825 
-0.308000 2.162889 
-0.307000 2.160895 
-0.306000 2.158844 
-0.305000 2.156733 
-0.304000 2.154566 
-0.303000 2.152340 
-0.302000 2.150056 
-0.301000 2.147716 
-0.300000 2.145317 
-0.299000 2.142862 
-0.298000 2.140349 
-0.297000 2.137780 
-0.296000 2.135154 
-0.295000 2.132471 
-0.294000 2.129732 
-0.293000 2.126937 
-0.292000 2.124085 
-0.291000 2.121177 
-0.290000 2.118213 
-0.289000 2.115194 
-0.288000 2.112119 
-0.287000 2.108988 
-0.286000 2.105802 
-0.285000 2.102561 
-0.284000 2.099265 
-0.283000 2.095913 
-0.282000 2.092507 
-0.281000 2.089047 
-0.280000 2.085531 
-0.279000 2.081962 
-0.278000 2.078338 
-0.277000 2.074660 
-0.276000 2.070928 
-0.275000 2.067141 
-0.274000 2.063302 
-0.273000 2.059408 
-0.272000 2.055461 
-0.271000 2.051461 
-0.270000 2.047408 
-0.269000 2.043301 
-0.268000 2.039141 
-0.267000 2.034929 
-0.266000 2.030664 
-0.265000 2.026346 
-0.264000 2.021975 
-0.263000 2.017553 
-0.262000 2.013078 
-0.261000 2.008551 
-0.260000 2.003972 
-0.259000 1.999341 
-0.258000 1.994658 
-0.257000 1.989924 
-0.256000 1.985138 
-0.255000 1.980301 
-0.254000 1.975412 
-0.253000 1.970472 
-0.252000 1.965482 
-0.251000 1.960440 
-0.250000 1.955348 
-0.249000 1.950205 
-0.248000 1.945011 
-0.247000 1.939767 
-0.246000 1.934472 
-0.245000 1.929127 
-0.244000 1.923733 
-0.243000 1.918288 
-0.242000 1.912793 
-0.241000 1.907248 
-0.240000 1.901654 
-0.239000 1.896010 
-0.238000 1.890317 
-0.237000 1.884575 
-0.236000 1.878783 
-0.235000 1.872942 
-0.234000 1.867052 
-0.233000 1.861113 
-0.232000 1.855126 
-0.231000 1.849090 
-0.230000 1.843005 
-0.229000 1.836871 
-0.228000 1.830690 
-0.227000 1.824460 
-0.226000 1.818182 
-0.225000 1.811856 
-0.224000 1.805482 
-0.223000 1.799060 
-0.222000 1.792590 
-0.221000 1.786073 
-0.220000 1.779508 
-0.219000 1.772896 
-0.218000 1.766237 
-0.217000 1.759530 
-0.216000 1.752776 
-0.215000 1.745975 
-0.214000 1.739128 
-0.213000 1.732233 
-0.212000 1.725292 
-0.211000 1.718304 
-0.210000 1.711270 
-0.209000 1.704189 
-0.208000 1.697062 
-0.207000 1.689889 
-0.206000 1.682670 
-0.205000 1.675405 
-0.204000 1.668094 
-0.203000 1.660737 
-0.202000 1.653334 
-0.201000 1.645886 
-0.200000 1.638392 
-0.199000 1.630853 
-0.198000 1.623268 
-0.197000 1.615638 
-0.196000 1.607964 
-0.195000 1.600244 
-0.194000 1.592479 
-0.193000 1.584670 
-0.192000 1.576815 
-0.191000 1.568916 
-0.190000 1.560973 
-0.189000 1.552985 
-0.188000 1.544953 
-0.187000 1.536876 
-0.186000 1.528756 
-0.185000 1.520591 
-0.184000 1.512383 
-0.183000 1.504130 
-0.182000 1.495834 
-0.181000 1.487494 
-0.180000 1.479111 
-0.179000 1.470684 
-0.178000 1.462214 
-0.177000 1.453700 
-0.176000 1.445143 
-0.175000 1.436544 
-0.174000 1.427901 
-0.173000 1.419215 
-0.172000 1.410487 
-0.171000 1.401716 
-0.170000 1.392902 
-0.169000 1.384046 
-0.168000 1.375147 
-0.167000 1.366206 
-0.166000 1.357223 
-0.165000 1.348198 
-0.164000 1.339131 
-0.163000 1.330022 
-0.162000 1.320871 
-0.161000 1.311678 
-0.160000 1.302444 
-0.159000 1.293168 
-0.158000 1.283851 
-0.157000 1.274492 
-0.156000 1.265092 
-0.155000 1.255651 
-0.154000 1.246169 
-0.153000 1.236647 
-0.152000 1.227083 
-0.151000 1.217478 
-0.150000 1.207833 
-0.149000 1.198148 
-0.148000 1.188422 
-0.147000 1.178656 
-0.146000 1.168849 
-0.145000 1.159003 
-0.144000 1.149116 
-0.143000 1.139190 
-0.142000 1.129223 
-0.141000 1.119217 
-0.140000 1.109172 
-0.139000 1.099087 
-0.138000 1.088962 
-0.137000 1.078798 
-0.136000 1.068596 
-0.135000 1.058354 
-0.134000 1.048073 
-0.133000 1.037753 
-0.132000 1.027395 
-0.131000 1.016998 
-0.130000 1.006562 
-0.129000 0.996088 
-0.128000 0.985576 
-0.127000 0.975026 
-0.126000 0.964437 
-0.125000 0.953811 
-0.124000 0.943146 
-0.123000 0.932445 
-0.122000 0.921705 
-0.121000 0.910928 
-0.120000 0.900114 
-0.119000 0.889262 
-0.118000 0.878373 
-0.117000 0.867448 
-0.116000 0.856485 
-0.115000 0.845486 
-0.114000 0.834450 
-0.113000 0.823377 
-0.112000 0.812268 
-0.111000 0.801123 
-0.110000 0.789942 
-0.109000 0.778724 
-0.108000 0.767471 
-0.107000 0.756182 
-0.106000 0.744858 
-0.105000 0.733498 
-0.104000 0.722102 
-0.103000 0.710672 
-0.102000 0.699206 
-0.101000 0.687705 
-0.100000 0.676170 
-0.099000 0.664600 
-0.098000 0.652995 
-0.097000 0.641356 
-0.096000 0.629683 
-0.095000 0.617975 
-0.094000 0.606234 
-0.093000 0.594459 
-0.092000 0.582650 
-0.091000 0.570808 
-0.090000 0.558932 
-0.089000 0.547023 
-0.088000 0.535081 
-0.087000 0.523106 
-0.086000 0.511098 
-0.085000 0.499058 
-0.084000 0.486985 
-0.083000 0.474880 
-0.082000 0.462743 
-0.081000 0.450574 
-0.080000 0.438373 
-0.079000 0.426141 
-0.078000 0.413877 
-0.077000 0.401582 
-0.076000 0.389255 
-0.075000 0.376898 
-0.074000 0.364510 
-0.073000 0.352091 
-0.072000 0.339642 
-0.071000 0.327163 
-0.070000 0.314654 
-0.069000 0.302115 
-0.068000 0.289546 
-0.067000 0.276948 
-0.066000 0.264320 
-0.065000 0.251663 
-0.064000 0.238978 
-0.063000 0.226263 
-0.062000 0.213521 
-0.061000 0.200750 
-0.060000 0.187950 
-0.059000 0.175123 
-0.058000 0.162268 
-0.057000 0.149386 
-0.056000 0.136476 
-0.055000 0.123540 
-0.054000 0.110576 
-0.053000 0.097586 
-0.052000 0.084570 
-0.051000 0.071527 
-0.050000 0.058458 
-0.049000 0.045364 
-0.048000 0.032244 
-0.047000 0.019099 
-0.046000 0.005929 
-0.045000 -0.007266 
-0.044000 -0.020486 
-0.043000 -0.033729 
-0.042000 -0.046997 
-0.041000 -0.060289 
-0.040000 -0.073604 
-0.039000 -0.086943 
-0.038000 -0.100304 
-0.037000 -0.113688 
-0.036000 -0.127095 
-0.035000 -0.140524 
-0.034000 -0.153976 
-0.033000 -0.167448 
-0.032000 -0.180943 
-0.031000 -0.194458 
-0.030000 -0.207994 
-0.029000 -0.221551 
-0.028000 -0.235128 
-0.027000 -0.248726 
-0.026000 -0.262343 
-0.025000 -0.275979 
-0.024000 -0.289635 
-0.023000 -0.303309 
-0.022000 -0.317002 
-0.021000 -0.330713 
-0.020000 -0.344442 
-0.019000 -0.358188 
-0.018000 -0.371952 
-0.017000 -0.385733 
-0.016000 -0.399530 
-0.015000 -0.413343 
-0.014000 -0.427173 
-0.013000 -0.441018 
-0.012000 -0.454878 
-0.011000 -0.468753 
-0.010000 -0.482643 
-0.009000 -0.496547 
-0.008000 -0.510465 
-0.007000 -0.524396 
-0.006000 -0.538341 
-0.005000 -0.552298 
-0.004000 -0.566267 
-0.003000 -0.580249 
-0.002000 -0.594242 
-0.001000 -0.608246 
-0.000000 -0.622261 
0.001000 -0.636287 
0.002000 -0.650323 
0.003000 -0.664368 
0.004000 -0.678422 
0.005000 -0.692486 
0.006000 -0.706557 
0.007000 -0.720637 
0.008000 -0.734724 
0.009000 -0.748819 
0.010000 -0.762920 
0.011000 -0.777027 
0.012000 -0.791140 
0.013000 -0.805258 
0.014000 -0.819382 
0.015000 -0.833509 
0.016000 -0.847641 
0.017000 -0.861777 
0.018000 -0.875915 
0.019000 -0.890056 
0.020000 -0.904199 
0.021000 -0.918343 
0.022000 -0.932489 
0.023000 -0.946635 
0.024000 -0.960782 
0.025000 -0.974927 
0.026000 -0.989073 
0.027000 -1.003216 
0.028000 -1.017358 
0.029000 -1.031497 
0.030000 -1.045633 
0.031000 -1.059766 
0.032000 -1.073894 
0.033000 -1.088018 
0.034000 -1.102137 
0.035000 -1.116250 
0.036000 -1.130356 
0.037000 -1.144456 
0.038000 -1.158548 
0.039000 -1.172632 
0.040000 -1.186707 
0.041000 -1.200774 
0.042000 -1.214830 
0.043000 -1.228876 
0.044000 -1.242911 
0.045000 -1.256934 
0.046000 -1.270945 
0.047000 -1.284943 
0.048000 -1.298927 
0.049000 -1.312897 
0.050000 -1.326852 
0.051000 -1.340792 
0.052000 -1.354716 
0.053000 -1.368623 
0.054000 -1.382512 
0.055000 -1.396383 
0.056000 -1.410236 
0.057000 -1.424069 
0.058000 -1.437881 
0.059000 -1.451673 
0.060000 -1.465443 
0.061000 -1.479191 
0.062000 -1.492916 
0.063000 -1.506616 
0.064000 -1.520293 
0.065000 -1.533944 
0.066000 -1.547569 
0.067000 -1.561168 
0.068000 -1.574739 
0.069000 -1.588281 
0.070000 -1.601795 
0.071000 -1.615279 
0.072000 -1.628732 
0.073000 -1.642154 
0.074000 -1.655544 
0.075000 -1.668901 
0.076000 -1.682224 
0.077000 -1.695513 
0.078000 -1.708766 
0.079000 -1.721983 
0.080000 -1.735163 
0.081000 -1.748306 
0.082000 -1.761409 
0.083000 -1.774473 
0.084000 -1.787497 
0.085000 -1.800479 
0.086000 -1.813420 
0.087000 -1.826317 
0.088000 -1.839171 
0.089000 -1.851979 
0.090000 -1.864743 
0.091000 -1.877459 
0.092000 -1.890129 
0.093000 -1.902750 
0.094000 -1.915322 
0.095000 -1.927843 
0.096000 -1.940314 
0.097000 -1.952733 
0.098000 -1.965098 
0.099000 -1.977410 
0.100000 -1.989667 
0.101000 -2.001869 
0.102000 -2.014014 
0.103000 -2.026101 
0.104000 -2.038129 
0.105000 -2.050098 
0.106000 -2.062006 
0.107000 -2.073853 
0.108000 -2.085638 
0.109000 -2.097358 
0.110000 -2.109015 
0.111000 -2.120605 
0.112000 -2.132130 
0.113000 -2.143587 
0.114000 -2.154975 
0.115000 -2.166294 
0.116000 -2.177542 
0.117000 -2.188719 
0.118000 -2.199823 
0.119000 -2.210853 
0.120000 -2.221809 
0.121000 -2.232689 
0.122000 -2.243492 
0.123000 -2.254218 
0.124000 -2.264865 
0.125000 -2.275431 
0.126000 -2.285917 
0.127000 -2.296321 
0.128000 -2.306642 
0.129000 -2.316878 
0.130000 -2.327030 
0.131000 -2.337095 
0.132000 -2.347073 
0.133000 -2.356962 
0.134000 -2.366762 
0.135000 -2.376471 
0.136000 -2.386089 
0.137000 -2.395614 
0.138000 -2.405045 
0.139000 -2.414381 
0.140000 -2.423621 
0.141000 -2.432765 
0.142000 -2.441810 
0.143000 -2.450755 
0.144000 -2.459601 
0.145000 -2.468345 
0.146000 -2.476987 
0.147000 -2.485525 
0.148000 -2.493958 
0.149000 -2.502286 
0.150000 -2.510506 
0.151000 -2.518619 
0.152000 -2.526623 
0.153000 -2.534517 
0.154000 -2.542300 
0.155000 -2.549970 
0.156000 -2.557527 
0.157000 -2.564970 
0.158000 -2.572297 
0.159000 -2.579508 
0.160000 -2.586601 
0.161000 -2.593576 
0.162000 -2.600431 
0.163000 -2.607165 
0.164000 -2.613778 
0.165000 -2.620267 
0.166000 -2.626633 
0.167000 -2.632874 
0.168000 -2.638989 
0.169000 -2.644977 
0.170000 -2.650837 
0.171000 -2.656568 
0.172000 -2.662170 
0.173000 -2.667640 
0.174000 -2.672978 
0.175000 -2.678183 
0.176000 -2.683255 
0.177000 -2.688191 
0.178000 -2.692992 
0.179000 -2.697656 
0.180000 -2.702182 
0.181000 -2.706569 
0.182000 -2.710817 
0.183000 -2.714924 
0.184000 -2.718890 
0.185000 -2.722714 
0.186000 -2.726394 
0.187000 -2.729930 
0.188000 -2.733321 
0.189000 -2.736566 
0.190000 -2.739665 
0.191000 -2.742616 
0.192000 -2.745419 
0.193000 -2.748073 
0.194000 -2.750576 
0.195000 -2.752929 
0.196000 -2.755131 
0.197000 -2.757180 
0.198000 -2.759076 
0.199000 -2.760818 
0.200000 -2.762406 
0.201000 -2.763839 
0.202000 -2.765116 
0.203000 -2.766237 
0.204000 -2.767200 
0.205000 -2.768006 
0.206000 -2.768653 
0.207000 -2.769141 
0.208000 -2.769469 
0.209000 -2.769637 
0.210000 -2.769644 
0.211000 -2.769490 
0.212000 -2.769174 
0.213000 -2.768696 
0.214000 -2.768055 
0.215000 -2.767250 
0.216000 -2.766282 
0.217000 -2.765150 
0.218000 -2.763853 
0.219000 -2.762391 
0.220000 -2.760763 
0.221000 -2.758970 
0.222000 -2.757010 
0.223000 -2.754884 
0.224000 -2.752592 
0.225000 -2.750132 
0.226000 -2.747505 
0.227000 -2.744711 
0.228000 -2.741749 
0.229000 -2.738619 
0.230000 -2.735321 
0.231000 -2.731855 
0.232000 -2.728220 
0.233000 -2.724417 
0.234000 -2.720446 
0.235000 -2.716306 
0.236000 -2.711997 
0.237000 -2.707519 
0.238000 -2.702873 
0.239000 -2.698058 
0.240000 -2.693075 
0.241000 -2.687923 
0.242000 -2.682603 
0.243000 -2.677114 
0.244000 -2.671457 
0.245000 -2.665632 
0.246000 -2.659640 
0.247000 -2.653480 
0.248000 -2.647152 
0.249000 -2.640658 
0.250000 -2.633996 
0.251000 -2.627169 
0.252000 -2.620175 
0.253000 -2.613015 
0.254000 -2.605690 
0.255000 -2.598199 
0.256000 -2.590545 
0.257000 -2.582726 
0.258000 -2.574743 
0.259000 -2.566597 
0.260000 -2.558289 
0.261000 -2.549818 
0.262000 -2.541186 
0.263000 -2.532393 
0.264000 -2.523440 
0.265000 -2.514327 
0.266000 -2.505054 
0.267000 -2.495624 
0.268000 -2.486036 
0.269000 -2.476291 
0.270000 -2.466390 
0.271000 -2.456333 
0.272000 -2.446122 
0.273000 -2.435757 
0.274000 -2.425239 
0.275000 -2.414570 
0.276000 -2.403749 
0.277000 -2.392777 
0.278000 -2.381657 
0.279000 -2.370388 
0.280000 -2.358971 
0.281000 -2.347408 
0.282000 -2.335700 
0.283000 -2.323847 
0.284000 -2.311851 
0.285000 -2.299713 
0.286000 -2.287434 
0.287000 -2.275014 
0.288000 -2.262456 
0.289000 -2.249760 
0.290000 -2.236927 
0.291000 -2.223959 
0.292000 -2.210857 
0.293000 -2.197622 
0.294000 -2.184254 
0.295000 -2.170757 
0.296000 -2.157130 
0.297000 -2.143375 
0.298000 -2.129494 
0.299000 -2.115488 
0.300000 -2.101357 
0.301000 -2.087104 
0.302000 -2.072729 
0.303000 -2.058235 
0.304000 -2.043622 
0.305000 -2.028892 
0.306000 -2.014047 
0.307000 -1.999087 
0.308000 -1.984014 
0.309000 -1.968831 
0.310000 -1.953537 
0.311000 -1.938135 
0.312000 -1.922626 
0.313000 -1.907012 
0.314000 -1.891294 
0.315000 -1.875473 
0.316000 -1.859552 
0.317000 -1.843532 
0.318000 -1.827414 
0.319000 -1.811200 
0.320000 -1.794891 
0.321000 -1.778489 
0.322000 -1.761996 
0.323000 -1.745413 
0.324000 -1.728742 
0.325000 -1.711985 
0.326000 -1.695142 
0.327000 -1.678216 
0.328000 -1.661208 
0.329000 -1.644120 
0.330000 -1.626954 
0.331000 -1.609710 
0.332000 -1.592392 
0.333000 -1.575000 
0.334000 -1.557536 
0.335000 -1.540001 
0.336000 -1.522398 
0.337000 -1.504728 
0.338000 -1.486993 
0.339000 -1.469194 
0.340000 -1.451333 
0.341000 -1.433411 
0.342000 -1.415431 
0.343000 -1.397393 
0.344000 -1.379300 
0.345000 -1.361154 
0.346000 -1.342955 
0.347000 -1.324705 
0.348000 -1.306407 
0.349000 -1.288061 
0.350000 -1.269670 
0.351000 -1.251235 
0.352000 -1.232757 
0.353000 -1.214239 
0.354000 -1.195682 
0.355000 -1.177087 
0.356000 -1.158456 
0.357000 -1.139791 
0.358000 -1.121093 
0.359000 -1.102365 
0.360000 -1.083606 
0.361000 -1.064820 
0.362000 -1.046008 
0.363000 -1.027170 
0.364000 -1.008310 
0.365000 -0.989428 
0.366000 -0.970525 
0.367000 -0.951605 
0.368000 -0.932667 
0.369000 -0.913713 
0.370000 -0.894746 
0.371000 -0.875766 
0.372000 -0.856775 
0.373000 -0.837775 
0.374000 -0.818767 
0.375000 -0.799752 
0.376000 -0.780732 
0.377000 -0.761708 
0.378000 -0.742682 
0.379000 -0.723655 
0.380000 -0.704629 
0.381000 -0.685605 
0.382000 -0.666585 
0.383000 -0.647569 
0.384000 -0.628559 
0.385000 -0.609557 
0.386000 -0.590564 
0.387000 -0.571582 
0.388000 -0.552610 
0.389000 -0.533652 
0.390000 -0.514708 
0.391000 -0.495779 
0.392000 -0.476867 
0.393000 -0.457973 
0.394000 -0.439099 
0.395000 -0.420245 
0.396000 -0.401412 
0.397000 -0.382603 
0.398000 -0.363818 
0.399000 -0.345058 
0.400000 -0.326325 
0.401000 -0.307620 
0.402000 -0.288943 
0.403000 -0.270296 
0.404000 -0.251681 
0.405000 -0.233098 
0.406000 -0.214548 
0.407000 -0.196033 
0.408000 -0.177553 
0.409000 -0.159110 
0.410000 -0.140705 
0.411000 -0.122338 
0.412000 -0.104011 
0.413000 -0.085724 
0.414000 -0.067480 
0.415000 -0.049278 
0.416000 -0.031119 
0.417000 -0.013006 
0.418000 0.005063 
0.419000 0.023084 
0.420000 0.041058 
0.421000 0.058984 
0.422000 0.076861 
0.423000 0.094688 
0.424000 0.112463 
0.425000 0.130187 
0.426000 0.147859 
0.427000 0.165476 
0.428000 0.183040 
0.429000 0.200548 
0.430000 0.218001 
0.431000 0.235397 
0.432000 0.252736 
0.433000 0.270016 
0.434000 0.287238 
0.435000 0.304400 
0.436000 0.321501 
0.437000 0.338542 
0.438000 0.355521 
0.439000 0.372438 
0.440000 0.389291 
0.441000 0.406081 
0.442000 0.422807 
0.443000 0.439467 
0.444000 0.456062 
0.445000 0.472591 
0.446000 0.489054 
0.447000 0.505449 
0.448000 0.521776 
0.449000 0.538034 
0.450000 0.554224 
0.451000 0.570344 
0.452000 0.586394 
0.453000 0.602374 
0.454000 0.618282 
0.455000 0.634119 
0.456000 0.649884 
0.457000 0.665577 
0.458000 0.681196 
0.459000 0.696742 
0.460000 0.712215 
0.461000 0.727613 
0.462000 0.742937 
0.463000 0.758185 
0.464000 0.773358 
0.465000 0.788456 
0.466000 0.803477 
0.467000 0.818421 
0.468000 0.833289 
0.469000 0.848080 
0.470000 0.862792 
0.471000 0.877427 
0.472000 0.891984 
0.473000 0.906462 
0.474000 0.920862 
0.475000 0.935182 
0.476000 0.949423 
0.477000 0.963584 
0.478000 0.977666 
0.479000 0.991667 
0.480000 1.005588 
0.481000 1.019428 
0.482000 1.033187 
0.483000 1.046865 
0.484000 1.060462 
0.485000 1.073977 
0.486000 1.087411 
0.487000 1.100763 
0.488000 1.114032 
0.489000 1.127220 
0.490000 1.140324 
0.491000 1.153347 
0.492000 1.166286 
0.493000 1.179143 
0.494000 1.191917 
0.495000 1.204607 
0.496000 1.217215 
0.497000 1.229739 
0.498000 1.242179 
0.499000 1.254536 
0.500000 1.266809 
0.501000 1.278998 
0.502000 1.291104 
0.503000 1.303125 
0.504000 1.315063 
0.505000 1.326916 
0.506000 1.338685 
0.507000 1.350370 
0.508000 1.361971 
0.509000 1.373487 
0.510000 1.384919 
0.511000 1.396267 
0.512000 1.407530 
0.513000 1.418709 
0.514000 1.429804 
0.515000 1.440814 
0.516000 1.451739 
0.517000 1.462580 
0.518000 1.473337 
0.519000 1.484009 
0.520000 1.494597 
0.521000 1.505100 
0.522000 1.515519 
0.523000 1.525854 
0.524000 1.536104 
0.525000 1.546270 
0.526000 1.556351 
0.527000 1.566349 
0.528000 1.576262 
0.529000 1.586091 
0.530000 1.595836 
0.531000 1.605497 
0.532000 1.615073 
0.533000 1.624566 
0.534000 1.633976 
0.535000 1.643301 
0.536000 1.652543 
0.537000 1.661701 
0.538000 1.670775 
0.539000 1.679767 
0.540000 1.688674 
0.541000 1.697499 
0.542000 1.706240 
0.543000 1.714898 
0.544000 1.723474 
0.545000 1.731966 
0.546000 1.740376 
0.547000 1.748703 
0.548000 1.756947 
0.549000 1.765109 
0.550000 1.773189 
0.551000 1.781186 
0.552000 1.789101 
0.553000 1.796935 
0.554000 1.804686 
0.555000 1.812356 
0.556000 1.819945 
0.557000 1.827451 
0.558000 1.834877 
0.559000 1.842221 
0.560000 1.849485 
0.561000 1.856667 
0.562000 1.863769 
0.563000 1.870790 
0.564000 1.877730 
0.565000 1.884590 
0.566000 1.891370 
0.567000 1.898070 
0.568000 1.904691 
0.569000 1.911231 
0.570000 1.917692 
0.571000 1.924073 
0.572000 1.930375 
0.573000 1.936598 
0.574000 1.942743 
0.575000 1.948808 
0.576000 1.954795 
0.577000 1.960703 
0.578000 1.966533 
0.579000 1.972285 
0.580000 1.977959 
0.581000 1.983555 
0.582000 1.989073 
0.583000 1.994514 
0.584000 1.999878 
0.585000 2.005165 
0.586000 2.010374 
0.587000 2.015507 
0.588000 2.020564 
0.589000 2.025544 
0.590000 2.030447 
0.591000 2.035275 
0.592000 2.040027 
0.593000 2.044703 
0.594000 2.049303 
0.595000 2.053828 
0.596000 2.058278 
0.597000 2.062653 
0.598000 2.066953 
0.599000 2.071179 
0.600000 2.075330 
0.601000 2.079406 
0.602000 2.083409 
0.603000 2.087338 
0.604000 2.091193 
0.605000 2.094974 
0.606000 2.098682 
0.607000 2.102317 
0.608000 2.105879 
0.609000 2.109368 
0.610000 2.112784 
0.611000 2.116128 
0.612000 2.119400 
0.613000 2.122600 
0.614000 2.125727 
0.615000 2.128783 
0.616000 2.131768 
0.617000 2.134681 
0.618000 2.137522 
0.619000 2.140293 
0.620000 2.142993 
0.621000 2.145623 
0.622000 2.148182 
0.623000 2.150670 
0.624000 2.153089 
0.625000 2.155438 
0.626000 2.157717 
0.627000 2.159927 
0.628000 2.162067 
0.629000 2.164138 
0.630000 2.166140 
0.631000 2.168073 
0.632000 2.169938 
0.633000 2.171734 
0.634000 2.173462 
0.635000 2.175122 
0.636000 2.176714 
0.637000 2.178238 
0.638000 2.179695 
0.639000 2.181084 
0.640000 2.182406 
0.641000 2.183661 
0.642000 2.184850 
0.643000 2.185972 
0.644000 2.187027 
0.645000 2.188016 
0.646000 2.188939 
0.647000 2.189796 
0.648000 2.190587 
0.649000 2.191313 
0.650000 2.191973 
0.651000 2.192568 
0.652000 2.193098 
0.653000 2.193563 
0.654000 2.193963 
0.655000 2.194299 
0.656000 2.194571 
0.657000 2.194778 
0.658000 2.194921 
0.659000 2.195001 
0.660000 2.195016 
0.661000 2.194969 
0.662000 2.194858 
0.663000 2.194683 
0.664000 2.194446 
0.665000 2.194146 
0.666000 2.193783 
0.667000 2.193358 
0.668000 2.192870 
0.669000 2.192321 
0.670000 2.191709 
0.671000 2.191035 
0.672000 2.190300 
0.673000 2.189503 
0.674000 2.188645 
0.675000 2.187726 
0.676000 2.186745 
0.677000 2.185704 
0.678000 2.184602 
0.679000 2.183440 
0.680000 2.182217 
0.681000 2.180934 
0.682000 2.179591 
0.683000 2.178187 
0.684000 2.176725 
0.685000 2.175202 
0.686000 2.173620 
0.687000 2.171979 
0.688000 2.170279 
0.689000 2.168519 
0.690000 2.166701 
0.691000 2.164825 
0.692000 2.162889 
0.693000 2.160895 
0.694000 2.158844 
0.695000 2.156733 
0.696000 2.154566 
0.697000 2.152340 
0.698000 2.150056 
0.699000 2.147716 
0.700000 2.145317 
0.701000 2.142862 
0.702000 2.140349 
0.703000 2.137780 
0.704000 2.135154 
0.705000 2.132471 
0.706000 2.129732 
0.707000 2.126937 
0.708000 2.124085 
0.709000 2.121177 
0.710000 2.118213 
0.711000 2.115194 
0.712000 2.112119 
0.713000 2.108988 
0.714000 2.105802 
0.715000 2.102561 
0.716000 2.099265 
0.717000 2.095913 
0.718000 2.092507 
0.719000 2.089047 
0.720000 2.085531 
0.721000 2.081962 
0.722000 2.078338 
0.723000 2.074660 
0.724000 2.070928 
0.725000 2.067141 
0.726000 2.063302 
0.727000 2.059408 
0.728000 2.055461 
0.729000 2.051461 
0.730000 2.047408 
0.731000 2.043301 
0.732000 2.039141 
0.733000 2.034929 
0.734000 2.030664 
0.735000 2.026346 
0.736000 2.021975 
0.737000 2.017553 
0.738000 2.013078 
0.739000 2.008551 
0.740000 2.003972 
0.741000 1.999341 
0.742000 1.994658 
0.743000 1.989924 
0.744000 1.985138 
0.745000 1.980301 
0.746000 1.975412 
0.747000 1.970472 
0.748000 1.965482 
0.749000 1.960440 
0.750000 1.955348 
0.751000 1.950205 
0.752000 1.945011 
0.753000 1.939767 
0.754000 1.934472 
0.755000 1.929127 
0.756000 1.923733 
0.757000 1.918288 
0.758000 1.912793 
0.759000 1.907248 
0.760000 1.901654 
0.761000 1.896010 
0.762000 1.890317 
0.763000 1.884575 
0.764000 1.878783 
0.765000 1.872942 
0.766000 1.867052 
0.767000 1.861113 
0.768000 1.855126 
0.769000 1.849090 
0.770000 1.843005 
0.771000 1.836871 
0.772000 1.830690 
0.773000 1.824460 
0.774000 1.818182 
0.775000 1.811856 
0.776000 1.805482 
0.777000 1.799060 
0.778000 1.792590 
0.779000 1.786073 
0.780000 1.779508 
0.781000 1.772896 
0.782000 1.766237 
0.783000 1.759530 
0.784000 1.752776 
0.785000 1.745975 
0.786000 1.739128 
0.787000 1.732233 
0.788000 1.725292 
0.789000 1.718304 
0.790000 1.711270 
0.791000 1.704189 
0.792000 1.697062 
0.793000 1.689889 
0.794000 1.682670 
0.795000 1.675405 
0.796000 1.668094 
0.797000 1.660737 
0.798000 1.653334 
0.799000 1.645886 
0.800000 1.638392 
0.801000 1.630853 
0.802000 1.623268 
0.803000 1.615638 
0.804000 1.607964 
0.805000 1.600244 
0.806000 1.592479 
0.807000 1.584670 
0.808000 1.576815 
0.809000 1.568916 
0.810000 1.560973 
0.811000 1.552985 
0.812000 1.544953 
0.813000 1.536876 
0.814000 1.528756 
0.815000 1.520591 
0.816000 1.512383 
0.817000 1.504130 
0.818000 1.495834 
0.819000 1.487494 
0.820000 1.479111 
0.821000 1.470684 
0.822000 1.462214 
0.823000 1.453700 
0.824000 1.445143 
0.825000 1.436544 
0.826000 1.427901 
0.827000 1.419215 
0.828000 1.410487 
0.829000 1.401716 
0.830000 1.392902 
0.831000 1.384046 
0.832000 1.375147 
0.833000 1.366206 
0.834000 1.357223 
0.835000 1.348198 
0.836000 1.339131 
0.837000 1.330022 
0.838000 1.320871 
0.839000 1.311678 
0.840000 1.302444 
0.841000 1.293168 
0.842000 1.283851 
0.843000 1.274492 
0.844000 1.265092 
0.845000 1.255651 
0.846000 1.246169 
0.847000 1.236647 
0.848000 1.227083 
0.849000 1.217478 
0.850000 1.207833 
0.851000 1.198148 
0.852000 1.188422 
0.853000 1.178656 
0.854000 1.168849 
0.855000 1.159003 
0.856000 1.149116 
0.857000 1.139190 
0.858000 1.129223 
0.859000 1.119217 
0.860000 1.109172 
0.861000 1.099087 
0.862000 1.088962 
0.863000 1.078798 
0.864000 1.068596 
0.865000 1.058354 
0.866000 1.048073 
0.867000 1.037753 
0.868000 1.027395 
0.869000 1.016998 
0.870000 1.006562 
0.871000 0.996088 
0.872000 0.985576 
0.873000 0.975026 
0.874000 0.964437 
0.875000 0.953811 
0.876000 0.943146 
0.877000 0.932445 
0.878000 0.921705 
0.879000 0.910928 
0.880000 0.900114 
0.881000 0.889262 
0.882000 0.878373 
0.883000 0.867448 
0.884000 0.856485 
0.885000 0.845486 
0.886000 0.834450 
0.887000 0.823377 
0.888000 0.812268 
0.889000 0.801123 
0.890000 0.789942 
0.891000 0.778724 
0.892000 0.767471 
0.893000 0.756182 
0.894000 0.744858 
0.895000 0.733498 
0.896000 0.722102 
0.897000 0.710672 
0.898000 0.699206 
0.899000 0.687705 
0.900000 0.676170 
0.901000 0.664600 
0.902000 0.652995 
0.903000 0.641356 
0.904000 0.629683 
0.905000 0.617975 
0.906000 0.606234 
0.907000 0.594459 
0.908000 0.582650 
0.909000 0.570808 
0.910000 0.558932 
0.911000 0.547023 
0.912000 0.535081 
0.913000 0.523106 
0.914000 0.511098 
0.915000 0.499058 
0.916000 0.486985 
0.917000 0.474880 
0.918000 0.462743 
0.919000 0.450574 
0.920000 0.438373 
0.921000 0.426141 
0.922000 0.413877 
0.923000 0.401582 
0.924000 0.389255 
0.925000 0.376898 
0.926000 0.364510 
0.927000 0.352091 
0.928000 0.339642 
0.929000 0.327163 
0.930000 0.314654 
0.931000 0.302115 
0.932000 0.289546 
0.933000 0.276948 
0.934000 0.264320 
0.935000 0.251663 
0.936000 0.238978 
0.937000 0.226263 
0.938000 0.213521 
0.939000 0.200750 
0.940000 0.187950 
0.941000 0.175123 
0.942000 0.162268 
0.943000 0.149386 
0.944000 0.136476 
0.945000 0.123540 
0.946000 0.110576 
0.947000 0.097586 
0.948000 0.084570 
0.949000 0.071527 
0.950000 0.058458 
0.951000 0.045364 
0.952000 0.032244 
0.953000 0.019099 
0.954000 0.005929 
0.955000 -0.007266 
0.956000 -0.020486 
0.957000 -0.033729 
0.958000 -0.046997 
0.959000 -0.060289 
0.960000 -0.073604 
0.961000 -0.086943 
0.962000 -0.100304 
0.963000 -0.113688 
0.964000 -0.127095 
0.965000 -0.140524 
0.966000 -0.153976 
0.967000 -0.167448 
0.968000 -0.180943 
0.969000 -0.194458 
0.970000 -0.207994 
0.971000 -0.221551 
0.972000 -0.235128 
0.973000 -0.248726 
0.974000 -0.262343 
0.975000 -0.275979 
0.976000 -0.289635 
0.977000 -0.303309 
0.978000 -0.317002 
0.979000 -0.330713 
0.980000 -0.344442 
0.981000 -0.358188 
0.982000 -0.371952 
0.983000 -0.385733 
0.984000 -0.399530 
0.985000 -0.413343 
0.986000 -0.427173 
0.987000 -0.441018 
0.988000 -0.454878 
0.989000 -0.468753 
0.990000 -0.482643 
0.991000 -0.496547 
0.992000 -0.510465 
0.993000 -0.524396 
0.994000 -0.538341 
0.995000 -0.552298 
0.996000 -0.566267 
0.997000 -0.580249 
0.998000 -0.594242 
0.999000 -0.608246 
1.000000 -0.622261 
1.001000 -0.636287 
1.002000 -0.650323 
1.003000 -0.664368 
1.004000 -0.678422 
1.005000 -0.692486 
1.006000 -0.706557 
1.007000 -0.720637 
1.008000 -0.734724 
1.009000 -0.748819 
1.010000 -0.762920 
1.011000 -0.777027 
1.012000 -0.791140 
1.013000 -0.805258 
1.014000 -0.819382 
1.015000 -0.833509 
1.016000 -0.847641 
1.017000 -0.861777 
1.018000 -0.875915 
1.019000 -0.890056 
1.020000 -0.904199 
1.021000 -0.918343 
1.022000 -0.932489 
1.023000 -0.946635 
1.024000 -0.960782 
1.025000 -0.974927 
1.026000 -0.989073 
1.027000 -1.003216 
1.028000 -1.017358 
1.029000 -1.031497 
1.030000 -1.045633 
1.031000 -1.059766 
1.032000 -1.073894 
1.033000 -1.088018 
1.034000 -1.102137 
1.035000 -1.116250 
1.036000 -1.130356 
1.037000 -1.144456 
1.038000 -1.158548 
1.039000 -1.172632 
1.040000 -1.186707 
1.041000 -1.200774 
1.042000 -1.214830 
1.043000 -1.228876 
1.044000 -1.242911 
1.045000 -1.256934 
1.046000 -1.270945 
1.047000 -1.284943 
1.048000 -1.298927 
1.049000 -1.312897 
1.050000 -1.326852 
1.051000 -1.340792 
1.052000 -1.354716 
1.053000 -1.368623 
1.054000 -1.382512 
1.055000 -1.396383 
1.056000 -1.410236 
1.057000 -1.424069 
1.058000 -1.437881 
1.059000 -1.451673 
1.060000 -1.465443 
1.061000 -1.479191 
1.062000 -1.492916 
1.063000 -1.506616 
1.064000 -1.520293 
1.065000 -1.533944 
1.066000 -1.547569 
1.067000 -1.561168 
1.068000 -1.574739 
1.069000 -1.588281 
1.070000 -1.601795 
1.071000 -1.615279 
1.072000 -1.628732 
1.073000 -1.642154 
1.074000 -1.655544 
1.075000 -1.668901 
1.076000 -1.682224 
1.077000 -1.695513 
1.078000 -1.708766 
1.079000 -1.721983 
1.080000 -1.735163 
1.081000 -1.748306 
1.082000 -1.761409 
1.083000 -1.774473 
1.084000 -1.787497 
1.085000 -1.800479 
1.086000 -1.813420 
1.087000 -1.826317 
1.088000 -1.839171 
1.089000 -1.851979 
1.090000 -1.864743 
1.091000 -1.877459 
1.092000 -1.890129 
1.093000 -1.902750 
1.094000 -1.915322 
1.095000 -1.927843 
1.096000 -1.940314 
1.097000 -1.952733 
1.098000 -1.965098 
1.099000 -1.977410 
1.100000 -1.989667 
1.101000 -2.001869 
1.102000 -2.014014 
1.103000 -2.026101 
1.104000 -2.038129 
1.105000 -2.050098 
1.106000 -2.062006 
1.107000 -2.073853 
1.108000 -2.085638 
1.109000 -2.097358 
1.110000 -2.109015 
1.111000 -2.120605 
1.112000 -2.132130 
1.113000 -2.143587 
1.114000 -2.154975 
1.115000 -2.166294 
1.116000 -2.177542 
1.117000 -2.188719 
1.118000 -2.199823 
1.119000 -2.210853 
1.120000 -2.221809 
1.121000 -2.232689 
1.122000 -2.243492 
1.123000 -2.254218 
1.124000 -2.264865 
1.125000 -2.275431 
1.126000 -2.285917 
1.127000 -2.296321 
1.128000 -2.306642 
1.129000 -2.316878 
1.130000 -2.327030 
1.131000 -2.337095 
1.132000 -2.347073 
1.133000 -2.356962 
1.134000 -2.366762 
1.135000 -2.376471 
1.136000 -2.386089 
1.137000 -2.395614 
1.138000 -2.405045 
1.139000 -2.414381 
1.140000 -2.423621 
1.141000 -2.432765 
1.142000 -2.441810 
1.143000 -2.450755 
1.144000 -2.459601 
1.145000 -2.468345 
1.146000 -2.476987 
1.147000 -2.485525 
1.148000 -2.493958 
1.149000 -2.502286 
1.150000 -2.510506 
1.151000 -2.518619 
1.152000 -2.526623 
1.153000 -2.534517 
1.154000 -2.542300 
1.155000 -2.549970 
1.156000 -2.557527 
1.157000 -2.564970 
1.158000 -2.572297 
1.159000 -2.579508 
1.160000 -2.586601 
1.161000 -2.593576 
1.162000 -2.600431 
1.163000 -2.607165 
1.164000 -2.613778 
1.165000 -2.620267 
1.166000 -2.626633 
1.167000 -2.632874 
1.168000 -2.638989 
1.169000 -2.644977 
1.170000 -2.650837 
1.171000 -2.656568 
1.172000 -2.662170 
1.173000 -2.667640 
1.174000 -2.672978 
1.175000 -2.678183 
1.176000 -2.683255 
1.177000 -2.688191 
1.178000 -2.692992 
1.179000 -2.697656 
1.180000 -2.702182 
1.181000 -2.706569 
1.182000 -2.710817 
1.183000 -2.714924 
1.184000 -2.718890 
1.185000 -2.722714 
1.186000 -2.726394 
1.187000 -2.729930 
1.188000 -2.733321 
1.189000 -2.736566 
1.190000 -2.739665 
1.191000 -2.742616 
1.192000 -2.745419 
1.193000 -2.748073 
1.194000 -2.750576 
1.195000 -2.752929 
1.196000 -2.755131 
1.197000 -2.757180 
1.198000 -2.759076 
1.199000 -2.760818 
1.200000 -2.762406 
1.201000 -2.763839 
1.202000 -2.765116 
1.203000 -2.766237 
1.204000 -2.767200 
1.205000 -2.768006 
1.206000 -2.768653 
1.207000 -2.769141 
1.208000 -2.769469 
1.209000 -2.769637 
1.210000 -2.769644 
1.211000 -2.769490 
1.212000 -2.769174 
1.213000 -2.768696 
1.214000 -2.768055 
1.215000 -2.767250 
1.216000 -2.766282 
1.217000 -2.765150 
1.218000 -2.763853 
1.219000 -2.762391 
1.220000 -2.760763 
1.221000 -2.758970 
1.222000 -2.757010 
1.223000 -2.754884 
1.224000 -2.752592 
1.225000 -2.750132 
1.226000 -2.747505 
1.227000 -2.744711 
1.228000 -2.741749 
1.229000 -2.738619 
1.230000 -2.735321 
1.231000 -2.731855 
1.232000 -2.728220 
1.233000 -2.724417 
1.234000 -2.720446 
1.235000 -2.716306 
1.236000 -2.711997 
1.237000 -2.707519 
1.238000 -2.702873 
1.239000 -2.698058 
1.240000 -2.693075 
1.241000 -2.687923 
1.242000 -2.682603 
1.243000 -2.677114 
1.244000 -2.671457 
1.245000 -2.665632 
1.246000 -2.659640 
1.247000 -2.653480 
1.248000 -2.647152 
1.249000 -2.640658 
1.250000 -2.633996 
1.251000 -2.627169 
1.252000 -2.620175 
1.253000 -2.613015 
1.254000 -2.605690 
1.255000 -2.598199 
1.256000 -2.590545 
1.257000 -2.582726 
1.258000 -2.574743 
1.259000 -2.566597 
1.260000 -2.558289 
1.261000 -2.549818 
1.262000 -2.541186 
1.263000 -2.532393 
1.264000 -2.523440 
1.265000 -2.514327 
1.266000 -2.505054 
1.267000 -2.495624 
1.268000 -2.486036 
1.269000 -2.476291 
1.270000 -2.466390 
1.271000 -2.456333 
1.272000 -2.446122 
1.273000 -2.435757 
1.274000 -2.425239 
1.275000 -2.414570 
1.276000 -2.403749 
1.277000 -2.392777 
1.278000 -2.381657 
1.279000 -2.370388 
1.280000 -2.358971 
1.281000 -2.347408 
1.282000 -2.335700 
1.283000 -2.323847 
1.284000 -2.311851 
1.285000 -2.299713 
1.286000 -2.287434 
1.287000 -2.275014 
1.288000 -2.262456 
1.289000 -2.249760 
1.290000 -2.236927 
1.291000 -2.223959 
1.292000 -2.210857 
1.293000 -2.197622 
1.294000 -2.184254 
1.295000 -2.170757 
1.296000 -2.157130 
1.297000 -2.143375 
1.298000 -2.129494 
1.299000 -2.115488 
1.300000 -2.101357 
1.301000 -2.087104 
1.302000 -2.072729 
1.303000 -2.058235 
1.304000 -2.043622 
1.305000 -2.028892 
1.306000 -2.014047 
1.307000 -1.999087 
1.308000 -1.984014 
1.309000 -1.968831 
1.310000 -1.953537 
1.311000 -1.938135 
1.312000 -1.922626 
1.313000 -1.907012 
1.314000 -1.891294 
1.315000 -1.875473 
1.316000 -1.859552 
1.317000 -1.843532 
1.318000 -1.827414 
1.319000 -1.811200 
1.320000 -1.794891 
1.321000 -1.778489 
1.322000 -1.761996 
1.323000 -1.745413 
1.324000 -1.728742 
1.325000 -1.711985 
1.326000 -1.695142 
1.327000 -1.678216 
1.328000 -1.661208 
1.329000 -1.644120 
1.330000 -1.626954 
1.331000 -1.609710 
1.332000 -1.592392 
1.333000 -1.575000 
1.334000 -1.557536 
1.335000 -1.540001 
1.336000 -1.522398 
1.337000 -1.504728 
1.338000 -1.486993 
1.339000 -1.469194 
1.340000 -1.451333 
1.341000 -1.433411 
1.342000 -1.415431 
1.343000 -1.397393 
1.344000 -1.379300 
1.345000 -1.361154 
1.346000 -1.342955 
1.347000 -1.324705 
1.348000 -1.306407 
1.349000 -1.288061 
1.350000 -1.269670 
1.351000 -1.251235 
1.352000 -1.232757 
1.353000 -1.214239 
1.354000 -1.195682 
1.355000 -1.177087 
1.356000 -1.158456 
1.357000 -1.139791 
1.358000 -1.121093 
1.359000 -1.102365 
1.360000 -1.083606 
1.361000 -1.064820 
1.362000 -1.046008 
1.363000 -1.027170 
1.364000 -1.008310 
1.365000 -0.989428 
1.366000 -0.970525 
1.367000 -0.951605 
1.368000 -0.932667 
1.369000 -0.913713 
1.370000 -0.894746 
1.371000 -0.875766 
1.372000 -0.856775 
1.373000 -0.837775 
1.374000 -0.818767 
1.375000 -0.799752 
1.376000 -0.780732 
1.377000 -0.761708 
1.378000 -0.742682 
1.379000 -0.723655 
1.380000 -0.704629 
1.381000 -0.685605 
1.382000 -0.666585 
1.383000 -0.647569 
1.384000 -0.628559 
1.385000 -0.609557 
1.386000 -0.590564 
1.387000 -0.571582 
1.388000 -0.552610 
1.389000 -0.533652 
1.390000 -0.514708 
1.391000 -0.495779 
1.392000 -0.476867 
1.393000 -0.457973 
1.394000 -0.439099 
1.395000 -0.420245 
1.396000 -0.401412 
1.397000 -0.382603 
1.398000 -0.363818 
1.399000 -0.345058 
1.400000 -0.326325 
1.401000 -0.307620 
1.402000 -0.288943 
1.403000 -0.270296 
1.404000 -0.251681 
1.405000 -0.233098 
1.406000 -0.214548 
1.407000 -0.196033 
1.408000 -0.177553 
1.409000 -0.159110 
1.410000 -0.140705 
1.411000 -0.122338 
1.412000 -0.104011 
1.413000 -0.085724 
1.414000 -0.067480 
1.415000 -0.049278 
1.416000 -0.031119 
1.417000 -0.013006 
1.418000 0.005063 
1.419000 0.023084 
1.420000 0.041058 
1.421000 0.058984 
1.422000 0.076861 
1.423000 0.094688 
1.424000 0.112463 
1.425000 0.130187 
1.426000 0.147859 
1.427000 0.165476 
1.428000 0.183040 
1.429000 0.200548 
1.430000 0.218001 
1.431000 0.235397 
1.432000 0.252736 
1.433000 0.270016 
1.434000 0.287238 
1.435000 0.304400 
1.436000 0.321501 
1.437000 0.338542 
1.438000 0.355521 
1.439000 0.372438 
1.440000 0.389291 
1.441000 0.406081 
1.442000 0.422807 
1.443000 0.439467 
1.444000 0.456062 
1.445000 0.472591 
1.446000 0.489054 
1.447000 0.505449 
1.448000 0.521776 
1.449000 0.538034 
1.450000 0.554224 
1.451000 0.570344 
1.452000 0.586394 
1.453000 0.602374 
1.454000 0.618282 
1.455000 0.634119 
1.456000 0.649884 
1.457000 0.665577 
1.458000 0.681196 
1.459000 0.696742 
1.460000 0.712215 
1.461000 0.727613 
1.462000 0.742937 
1.463000 0.758185 
1.464000 0.773358 
1.465000 0.788456 
1.466000 0.803477 
1.467000 0.818421 
1.468000 0.833289 
1.469000 0.848080 
1.470000 0.862792 
1.471000 0.877427 
1.472000 0.891984 
1.473000 0.906462 
1.474000 0.920862 
1.475000 0.935182 
1.476000 0.949423 
1.477000 0.963584 
1.478000 0.977666 
1.479000 0.991667 
1.480000 1.005588 
1.481000 1.019428 
1.482000 1.033187 
1.483000 1.046865 
1.484000 1.060462 
1.485000 1.073977 
1.486000 1.087411 
1.487000 1.100763 
1.488000 1.114032 
1.489000 1.127220 
1.490000 1.140324 
1.491000 1.153347 
1.492000 1.166286 
1.493000 1.179143 
1.494000 1.191917 
1.495000 1.204607 
1.496000 1.217215 
1.497000 1.229739 
1.498000 1.242179 
1.499000 1.254536 
