# time Tc_folded Tref_folded model model_err 
59319.654344 0.000000 0.000000    -3.367046     1.692932 
59319.707276 0.000000 0.000000    -3.373565     1.691587 
59319.760208 0.000000 0.000000    -3.379958     1.690228 
59319.813139 0.000000 0.000000    -3.386220     1.688856 
59319.866071 0.000000 0.000000    -3.392344     1.687471 
59319.919003 0.000000 0.000000    -3.398328     1.686072 
59319.971935 0.000000 0.000000    -3.404165     1.684661 
59320.024867 0.000000 0.000000    -3.409851     1.683237 
59320.077799 0.000000 0.000000    -3.415381     1.681800 
59320.130730 0.000000 0.000000    -3.420751     1.680350 
59320.183662 0.000000 0.000000    -3.425955     1.678888 
59320.236594 0.000000 0.000000    -3.430990     1.677413 
59320.289526 0.000000 0.000000    -3.435850     1.675926 
59320.342458 0.000000 0.000000    -3.440532     1.674427 
59320.395390 0.000000 0.000000    -3.445032     1.672915 
59320.448321 0.000000 0.000000    -3.449344     1.671392 
59320.501253 0.000000 0.000000    -3.453465     1.669856 
59320.554185 0.000000 0.000000    -3.457391     1.668309 
59320.607117 0.000000 0.000000    -3.461117     1.666749 
59320.660049 0.000000 0.000000    -3.464641     1.665178 
59320.712981 0.000000 0.000000    -3.467957     1.663596 
59320.765912 0.000000 0.000000    -3.471063     1.662002 
59320.818844 0.000000 0.000000    -3.473955     1.660396 
59320.871776 0.000000 0.000000    -3.476629     1.658779 
59320.924708 0.000000 0.000000    -3.479082     1.657151 
59320.977640 0.000000 0.000000    -3.481310     1.655512 
59321.030572 0.000000 0.000000    -3.483310     1.653861 
59321.083503 0.000000 0.000000    -3.485079     1.652200 
59321.136435 0.000000 0.000000    -3.486614     1.650527 
59321.189367 0.000000 0.000000    -3.487913     1.648844 
59321.242299 0.000000 0.000000    -3.488971     1.647150 
59321.295231 0.000000 0.000000    -3.489787     1.645445 
59321.348163 0.000000 0.000000    -3.490357     1.643730 
59321.401094 0.000000 0.000000    -3.490679     1.642003 
59321.454026 0.000000 0.000000    -3.490752     1.640267 
59321.506958 0.000000 0.000000    -3.490571     1.638519 
59321.559890 0.000000 0.000000    -3.490136     1.636762 
59321.612822 0.000000 0.000000    -3.489443     1.634993 
59321.665754 0.000000 0.000000    -3.488492     1.633215 
59321.718685 0.000000 0.000000    -3.487279     1.631426 
59321.771617 0.000000 0.000000    -3.485803     1.629626 
59321.824549 0.000000 0.000000    -3.484063     1.627817 
59321.877481 0.000000 0.000000    -3.482057     1.625997 
59321.930413 0.000000 0.000000    -3.479783     1.624166 
59321.983345 0.000000 0.000000    -3.477240     1.622326 
59322.036276 0.000000 0.000000    -3.474426     1.620475 
59322.089208 0.000000 0.000000    -3.471341     1.618613 
59322.142140 0.000000 0.000000    -3.467984     1.616742 
59322.195072 0.000000 0.000000    -3.464352     1.614860 
59322.248004 0.000000 0.000000    -3.460447     1.612968 
59322.300936 0.000000 0.000000    -3.456266     1.611065 
59322.353867 0.000000 0.000000    -3.451809     1.609152 
59322.406799 0.000000 0.000000    -3.447076     1.607229 
59322.459731 0.000000 0.000000    -3.442066     1.605295 
59322.512663 0.000000 0.000000    -3.436780     1.603350 
59322.565595 0.000000 0.000000    -3.431215     1.601395 
59322.618527 0.000000 0.000000    -3.425374     1.599429 
59322.671458 0.000000 0.000000    -3.419255     1.597453 
59322.724390 0.000000 0.000000    -3.412859     1.595465 
59322.777322 0.000000 0.000000    -3.406186     1.593467 
59322.830254 0.000000 0.000000    -3.399237     1.591457 
59322.883186 0.000000 0.000000    -3.392011     1.589436 
59322.936118 0.000000 0.000000    -3.384509     1.587404 
59322.989049 0.000000 0.000000    -3.376733     1.585361 
59323.041981 0.000000 0.000000    -3.368682     1.583306 
59323.094913 0.000000 0.000000    -3.360358     1.581239 
59323.147845 0.000000 0.000000    -3.351761     1.579161 
59323.200777 0.000000 0.000000    -3.342894     1.577071 
59323.253709 0.000000 0.000000    -3.333755     1.574968 
59323.306640 0.000000 0.000000    -3.324348     1.572853 
59323.359572 0.000000 0.000000    -3.314674     1.570726 
59323.412504 0.000000 0.000000    -3.304733     1.568586 
59323.465436 0.000000 0.000000    -3.294527     1.566433 
59323.518368 0.000000 0.000000    -3.284059     1.564267 
59323.571300 0.000000 0.000000    -3.273330     1.562088 
59323.624231 0.000000 0.000000    -3.262341     1.559896 
59323.677163 0.000000 0.000000    -3.251094     1.557689 
59323.730095 0.000000 0.000000    -3.239592     1.555469 
59323.783027 0.000000 0.000000    -3.227837     1.553235 
59323.835959 0.000000 0.000000    -3.215831     1.550986 
59323.888891 0.000000 0.000000    -3.203576     1.548722 
59323.941822 0.000000 0.000000    -3.191074     1.546443 
59323.994754 0.000000 0.000000    -3.178328     1.544150 
59324.047686 0.000000 0.000000    -3.165341     1.541840 
59324.100618 0.000000 0.000000    -3.152115     1.539515 
59324.153550 0.000000 0.000000    -3.138652     1.537174 
59324.206481 0.000000 0.000000    -3.124956     1.534817 
59324.259413 0.000000 0.000000    -3.111030     1.532443 
59324.312345 0.000000 0.000000    -3.096875     1.530051 
59324.365277 0.000000 0.000000    -3.082496     1.527643 
59324.418209 0.000000 0.000000    -3.067895     1.525217 
59324.471141 0.000000 0.000000    -3.053075     1.522773 
59324.524072 0.000000 0.000000    -3.038040     1.520311 
59324.577004 0.000000 0.000000    -3.022793     1.517830 
59324.629936 0.000000 0.000000    -3.007337     1.515330 
59324.682868 0.000000 0.000000    -2.991675     1.512811 
59324.735800 0.000000 0.000000    -2.975811     1.510272 
59324.788732 0.000000 0.000000    -2.959749     1.507713 
59324.841663 0.000000 0.000000    -2.943491     1.505134 
59324.894595 0.000000 0.000000    -2.927042     1.502533 
59324.947527 0.000000 0.000000    -2.910405     1.499912 
59325.000459 0.000000 0.000000    -2.893584     1.497270 
59325.053391 0.000000 0.000000    -2.876582     1.494605 
59325.106323 0.000000 0.000000    -2.859403     1.491918 
59325.159254 0.000000 0.000000    -2.842052     1.489209 
59325.212186 0.000000 0.000000    -2.824532     1.486476 
59325.265118 0.000000 0.000000    -2.806846     1.483720 
59325.318050 0.000000 0.000000    -2.789000     1.480941 
59325.370982 0.000000 0.000000    -2.770996     1.478137 
59325.423914 0.000000 0.000000    -2.752838     1.475308 
59325.476845 0.000000 0.000000    -2.734532     1.472455 
59325.529777 0.000000 0.000000    -2.716080     1.469576 
59325.582709 0.000000 0.000000    -2.697488     1.466671 
59325.635641 0.000000 0.000000    -2.678758     1.463741 
59325.688573 0.000000 0.000000    -2.659895     1.460783 
59325.741505 0.000000 0.000000    -2.640904     1.457799 
59325.794436 0.000000 0.000000    -2.621788     1.454788 
59325.847368 0.000000 0.000000    -2.602551     1.451748 
59325.900300 0.000000 0.000000    -2.583198     1.448681 
59325.953232 0.000000 0.000000    -2.563733     1.445585 
59326.006164 0.000000 0.000000    -2.544161     1.442461 
59326.059096 0.000000 0.000000    -2.524484     1.439307 
59326.112027 0.000000 0.000000    -2.504708     1.436123 
59326.164959 0.000000 0.000000    -2.484837     1.432910 
59326.217891 0.000000 0.000000    -2.464874     1.429666 
59326.270823 0.000000 0.000000    -2.444825     1.426391 
59326.323755 0.000000 0.000000    -2.424692     1.423085 
59326.376687 0.000000 0.000000    -2.404482     1.419748 
59326.429618 0.000000 0.000000    -2.384196     1.416379 
59326.482550 0.000000 0.000000    -2.363841     1.412978 
59326.535482 0.000000 0.000000    -2.343419     1.409545 
59326.588414 0.000000 0.000000    -2.322936     1.406078 
59326.641346 0.000000 0.000000    -2.302394     1.402579 
59326.694278 0.000000 0.000000    -2.281799     1.399046 
59326.747209 0.000000 0.000000    -2.261154     1.395479 
59326.800141 0.000000 0.000000    -2.240463     1.391878 
59326.853073 0.000000 0.000000    -2.219730     1.388243 
59326.906005 0.000000 0.000000    -2.198960     1.384573 
59326.958937 0.000000 0.000000    -2.178156     1.380868 
59327.011869 0.000000 0.000000    -2.157322     1.377128 
59327.064800 0.000000 0.000000    -2.136462     1.373352 
59327.117732 0.000000 0.000000    -2.115579     1.369541 
59327.170664 0.000000 0.000000    -2.094679     1.365693 
59327.223596 0.000000 0.000000    -2.073764     1.361809 
59327.276528 0.000000 0.000000    -2.052837     1.357889 
59327.329460 0.000000 0.000000    -2.031904     1.353932 
59327.382391 0.000000 0.000000    -2.010967     1.349939 
59327.435323 0.000000 0.000000    -1.990030     1.345908 
59327.488255 0.000000 0.000000    -1.969096     1.341839 
59327.541187 0.000000 0.000000    -1.948170     1.337734 
59327.594119 0.000000 0.000000    -1.927254     1.333590 
59327.647051 0.000000 0.000000    -1.906351     1.329409 
59327.699982 0.000000 0.000000    -1.885466     1.325190 
59327.752914 0.000000 0.000000    -1.864601     1.320933 
59327.805846 0.000000 0.000000    -1.843759     1.316638 
59327.858778 0.000000 0.000000    -1.822945     1.312304 
59327.911710 0.000000 0.000000    -1.802160     1.307932 
59327.964642 0.000000 0.000000    -1.781407     1.303522 
59328.017573 0.000000 0.000000    -1.760691     1.299073 
59328.070505 0.000000 0.000000    -1.740013     1.294585 
59328.123437 0.000000 0.000000    -1.719376     1.290059 
59328.176369 0.000000 0.000000    -1.698784     1.285495 
59328.229301 0.000000 0.000000    -1.678238     1.280891 
59328.282233 0.000000 0.000000    -1.657742     1.276249 
59328.335164 0.000000 0.000000    -1.637297     1.271569 
59328.388096 0.000000 0.000000    -1.616908     1.266849 
59328.441028 0.000000 0.000000    -1.596575     1.262092 
59328.493960 0.000000 0.000000    -1.576301     1.257295 
59328.546892 0.000000 0.000000    -1.556088     1.252461 
59328.599824 0.000000 0.000000    -1.535939     1.247588 
59328.652755 0.000000 0.000000    -1.515855     1.242677 
59328.705687 0.000000 0.000000    -1.495839     1.237728 
59328.758619 0.000000 0.000000    -1.475893     1.232741 
59328.811551 0.000000 0.000000    -1.456018     1.227717 
59328.864483 0.000000 0.000000    -1.436216     1.222655 
59328.917414 0.000000 0.000000    -1.416489     1.217555 
59328.970346 0.000000 0.000000    -1.396838     1.212419 
59329.023278 0.000000 0.000000    -1.377266     1.207245 
59329.076210 0.000000 0.000000    -1.357773     1.202035 
59329.129142 0.000000 0.000000    -1.338360     1.196789 
59329.182074 0.000000 0.000000    -1.319029     1.191506 
59329.235005 0.000000 0.000000    -1.299782     1.186188 
59329.287937 0.000000 0.000000    -1.280619     1.180834 
59329.340869 0.000000 0.000000    -1.261541     1.175445 
59329.393801 0.000000 0.000000    -1.242550     1.170022 
59329.446733 0.000000 0.000000    -1.223646     1.164564 
59329.499665 0.000000 0.000000    -1.204829     1.159072 
59329.552596 0.000000 0.000000    -1.186102     1.153547 
59329.605528 0.000000 0.000000    -1.167463     1.147989 
59329.658460 0.000000 0.000000    -1.148915     1.142398 
59329.711392 0.000000 0.000000    -1.130456     1.136775 
59329.764324 0.000000 0.000000    -1.112088     1.131120 
59329.817256 0.000000 0.000000    -1.093811     1.125435 
59329.870187 0.000000 0.000000    -1.075625     1.119719 
59329.923119 0.000000 0.000000    -1.057530     1.113973 
59329.976051 0.000000 0.000000    -1.039526     1.108198 
59330.028983 0.000000 0.000000    -1.021613     1.102394 
59330.081915 0.000000 0.000000    -1.003791     1.096562 
59330.134847 0.000000 0.000000    -0.986060     1.090703 
59330.187778 0.000000 0.000000    -0.968419     1.084817 
59330.240710 0.000000 0.000000    -0.950869     1.078905 
59330.293642 0.000000 0.000000    -0.933408     1.072968 
59330.346574 0.000000 0.000000    -0.916036     1.067007 
59330.399506 0.000000 0.000000    -0.898753     1.061022 
59330.452438 0.000000 0.000000    -0.881557     1.055014 
59330.505369 0.000000 0.000000    -0.864449     1.048984 
59330.558301 0.000000 0.000000    -0.847426     1.042933 
59330.611233 0.000000 0.000000    -0.830490     1.036863 
59330.664165 0.000000 0.000000    -0.813637     1.030773 
59330.717097 0.000000 0.000000    -0.796868     1.024664 
59330.770029 0.000000 0.000000    -0.780181     1.018539 
59330.822960 0.000000 0.000000    -0.763575     1.012397 
59330.875892 0.000000 0.000000    -0.747049     1.006240 
59330.928824 0.000000 0.000000    -0.730601     1.000070 
59330.981756 0.000000 0.000000    -0.714230     0.993886 
59331.034688 0.000000 0.000000    -0.697935     0.987690 
59331.087620 0.000000 0.000000    -0.681714     0.981484 
59331.140551 0.000000 0.000000    -0.665566     0.975269 
59331.193483 0.000000 0.000000    -0.649488     0.969045 
59331.246415 0.000000 0.000000    -0.633480     0.962814 
59331.299347 0.000000 0.000000    -0.617539     0.956578 
59331.352279 0.000000 0.000000    -0.601664     0.950338 
59331.405211 0.000000 0.000000    -0.585852     0.944094 
59331.458142 0.000000 0.000000    -0.570103     0.937850 
59331.511074 0.000000 0.000000    -0.554413     0.931605 
59331.564006 0.000000 0.000000    -0.538782     0.925362 
59331.616938 0.000000 0.000000    -0.523206     0.919122 
59331.669870 0.000000 0.000000    -0.507684     0.912887 
59331.722802 0.000000 0.000000    -0.492214     0.906658 
59331.775733 0.000000 0.000000    -0.476793     0.900437 
59331.828665 0.000000 0.000000    -0.461419     0.894225 
59331.881597 0.000000 0.000000    -0.446091     0.888024 
59331.934529 0.000000 0.000000    -0.430805     0.881837 
59331.987461 0.000000 0.000000    -0.415559     0.875664 
59332.040393 0.000000 0.000000    -0.400351     0.869508 
59332.093324 0.000000 0.000000    -0.385179     0.863370 
59332.146256 0.000000 0.000000    -0.370040     0.857252 
59332.199188 0.000000 0.000000    -0.354932     0.851157 
59332.252120 0.000000 0.000000    -0.339852     0.845086 
59332.305052 0.000000 0.000000    -0.324797     0.839041 
59332.357984 0.000000 0.000000    -0.309766     0.833024 
59332.410915 0.000000 0.000000    -0.294755     0.827037 
59332.463847 0.000000 0.000000    -0.279762     0.821083 
59332.516779 0.000000 0.000000    -0.264785     0.815162 
59332.569711 0.000000 0.000000    -0.249820     0.809279 
59332.622643 0.000000 0.000000    -0.234866     0.803433 
59332.675575 0.000000 0.000000    -0.219919     0.797629 
59332.728506 0.000000 0.000000    -0.204978     0.791868 
59332.781438 0.000000 0.000000    -0.190038     0.786151 
59332.834370 0.000000 0.000000    -0.175099     0.780482 
59332.887302 0.000000 0.000000    -0.160156     0.774863 
59332.940234 0.000000 0.000000    -0.145208     0.769295 
59332.993166 0.000000 0.000000    -0.130252     0.763781 
59333.046097 0.000000 0.000000    -0.115285     0.758323 
59333.099029 0.000000 0.000000    -0.100304     0.752923 
59333.151961 0.000000 0.000000    -0.085307     0.747584 
59333.204893 0.000000 0.000000    -0.070292     0.742307 
59333.257825 0.000000 0.000000    -0.055255     0.737095 
59333.310756 0.000000 0.000000    -0.040195     0.731949 
59333.363688 0.000000 0.000000    -0.025108     0.726872 
59333.416620 0.000000 0.000000    -0.009992     0.721866 
59333.469552 0.000000 0.000000     0.005156     0.716933 
59333.522484 0.000000 0.000000     0.020337     0.712074 
59333.575416 0.000000 0.000000     0.035555     0.707291 
59333.628347 0.000000 0.000000     0.050812     0.702586 
59333.681279 0.000000 0.000000     0.066110     0.697961 
59333.734211 0.000000 0.000000     0.081452     0.693417 
59333.787143 0.000000 0.000000     0.096840     0.688955 
59333.840075 0.000000 0.000000     0.112277     0.684577 
59333.893007 0.000000 0.000000     0.127764     0.680284 
59333.945938 0.000000 0.000000     0.143304     0.676078 
59333.998870 0.000000 0.000000     0.158900     0.671958 
59334.051802 0.000000 0.000000     0.174552     0.667927 
59334.104734 0.000000 0.000000     0.190265     0.663984 
59334.157666 0.000000 0.000000     0.206039     0.660130 
59334.210598 0.000000 0.000000     0.221876     0.656366 
59334.263529 0.000000 0.000000     0.237780     0.652692 
59334.316461 0.000000 0.000000     0.253750     0.649107 
59334.369393 0.000000 0.000000     0.269791     0.645613 
59334.422325 0.000000 0.000000     0.285902     0.642208 
59334.475257 0.000000 0.000000     0.302087     0.638893 
59334.528189 0.000000 0.000000     0.318347     0.635666 
59334.581120 0.000000 0.000000     0.334683     0.632528 
59334.634052 0.000000 0.000000     0.351097     0.629476 
59334.686984 0.000000 0.000000     0.367591     0.626511 
59334.739916 0.000000 0.000000     0.384166     0.623632 
59334.792848 0.000000 0.000000     0.400824     0.620836 
59334.845780 0.000000 0.000000     0.417566     0.618123 
59334.898711 0.000000 0.000000     0.434393     0.615491 
59334.951643 0.000000 0.000000     0.451307     0.612938 
59335.004575 0.000000 0.000000     0.468308     0.610462 
59335.057507 0.000000 0.000000     0.485398     0.608063 
59335.110439 0.000000 0.000000     0.502578     0.605737 
59335.163371 0.000000 0.000000     0.519848     0.603483 
59335.216302 0.000000 0.000000     0.537211     0.601299 
59335.269234 0.000000 0.000000     0.554665     0.599182 
59335.322166 0.000000 0.000000     0.572213     0.597130 
59335.375098 0.000000 0.000000     0.589855     0.595141 
59335.428030 0.000000 0.000000     0.607591     0.593212 
59335.480962 0.000000 0.000000     0.625422     0.591342 
59335.533893 0.000000 0.000000     0.643348     0.589527 
59335.586825 0.000000 0.000000     0.661371     0.587766 
59335.639757 0.000000 0.000000     0.679489     0.586056 
59335.692689 0.000000 0.000000     0.697703     0.584394 
59335.745621 0.000000 0.000000     0.716013     0.582778 
59335.798553 0.000000 0.000000     0.734420     0.581207 
59335.851484 0.000000 0.000000     0.752923     0.579677 
59335.904416 0.000000 0.000000     0.771522     0.578186 
59335.957348 0.000000 0.000000     0.790218     0.576732 
59336.010280 0.000000 0.000000     0.809008     0.575314 
59336.063212 0.000000 0.000000     0.827894     0.573928 
59336.116144 0.000000 0.000000     0.846875     0.572572 
59336.169075 0.000000 0.000000     0.865950     0.571246 
59336.222007 0.000000 0.000000     0.885118     0.569947 
59336.274939 0.000000 0.000000     0.904379     0.568672 
59336.327871 0.000000 0.000000     0.923732     0.567422 
59336.380803 0.000000 0.000000     0.943177     0.566193 
59336.433735 0.000000 0.000000     0.962711     0.564984 
59336.486666 0.000000 0.000000     0.982335     0.563793 
59336.539598 0.000000 0.000000     1.002047     0.562621 
59336.592530 0.000000 0.000000     1.021845     0.561464 
59336.645462 0.000000 0.000000     1.041729     0.560322 
59336.698394 0.000000 0.000000     1.061697     0.559194 
59336.751326 0.000000 0.000000     1.081747     0.558079 
59336.804257 0.000000 0.000000     1.101879     0.556975 
59336.857189 0.000000 0.000000     1.122090     0.555883 
59336.910121 0.000000 0.000000     1.142379     0.554801 
59336.963053 0.000000 0.000000     1.162744     0.553728 
59337.015985 0.000000 0.000000     1.183182     0.552665 
59337.068917 0.000000 0.000000     1.203693     0.551610 
59337.121848 0.000000 0.000000     1.224274     0.550564 
59337.174780 0.000000 0.000000     1.244923     0.549526 
59337.227712 0.000000 0.000000     1.265637     0.548495 
59337.280644 0.000000 0.000000     1.286415     0.547472 
59337.333576 0.000000 0.000000     1.307254     0.546457 
59337.386508 0.000000 0.000000     1.328152     0.545449 
59337.439439 0.000000 0.000000     1.349106     0.544449 
59337.492371 0.000000 0.000000     1.370114     0.543456 
59337.545303 0.000000 0.000000     1.391173     0.542472 
59337.598235 0.000000 0.000000     1.412280     0.541496 
59337.651167 0.000000 0.000000     1.433433     0.540529 
59337.704098 0.000000 0.000000     1.454628     0.539571 
59337.757030 0.000000 0.000000     1.475864     0.538622 
59337.809962 0.000000 0.000000     1.497136     0.537683 
59337.862894 0.000000 0.000000     1.518442     0.536755 
59337.915826 0.000000 0.000000     1.539778     0.535838 
59337.968758 0.000000 0.000000     1.561143     0.534933 
59338.021689 0.000000 0.000000     1.582531     0.534041 
59338.074621 0.000000 0.000000     1.603941     0.533161 
59338.127553 0.000000 0.000000     1.625368     0.532296 
59338.180485 0.000000 0.000000     1.646810     0.531445 
59338.233417 0.000000 0.000000     1.668263     0.530609 
59338.286349 0.000000 0.000000     1.689723     0.529790 
59338.339280 0.000000 0.000000     1.711187     0.528987 
59338.392212 0.000000 0.000000     1.732651     0.528203 
59338.445144 0.000000 0.000000     1.754112     0.527436 
59338.498076 0.000000 0.000000     1.775565     0.526690 
59338.551008 0.000000 0.000000     1.797008     0.525963 
59338.603940 0.000000 0.000000     1.818437     0.525257 
59338.656871 0.000000 0.000000     1.839847     0.524573 
59338.709803 0.000000 0.000000     1.861234     0.523912 
59338.762735 0.000000 0.000000     1.882596     0.523274 
59338.815667 0.000000 0.000000     1.903928     0.522659 
59338.868599 0.000000 0.000000     1.925225     0.522070 
59338.921531 0.000000 0.000000     1.946485     0.521505 
59338.974462 0.000000 0.000000     1.967702     0.520967 
59339.027394 0.000000 0.000000     1.988874     0.520455 
59339.080326 0.000000 0.000000     2.009996     0.519971 
59339.133258 0.000000 0.000000     2.031063     0.519514 
59339.186190 0.000000 0.000000     2.052072     0.519085 
59339.239122 0.000000 0.000000     2.073019     0.518685 
59339.292053 0.000000 0.000000     2.093899     0.518314 
59339.344985 0.000000 0.000000     2.114709     0.517972 
59339.397917 0.000000 0.000000     2.135444     0.517660 
59339.450849 0.000000 0.000000     2.156100     0.517378 
59339.503781 0.000000 0.000000     2.176672     0.517126 
59339.556713 0.000000 0.000000     2.197158     0.516904 
59339.609644 0.000000 0.000000     2.217552     0.516713 
59339.662576 0.000000 0.000000     2.237850     0.516552 
59339.715508 0.000000 0.000000     2.258048     0.516421 
59339.768440 0.000000 0.000000     2.278143     0.516321 
59339.821372 0.000000 0.000000     2.298129     0.516252 
59339.874304 0.000000 0.000000     2.318003     0.516212 
59339.927235 0.000000 0.000000     2.337760     0.516203 
59339.980167 0.000000 0.000000     2.357397     0.516223 
59340.033099 0.000000 0.000000     2.376909     0.516273 
59340.086031 0.000000 0.000000     2.396292     0.516351 
59340.138963 0.000000 0.000000     2.415542     0.516459 
59340.191895 0.000000 0.000000     2.434655     0.516595 
59340.244826 0.000000 0.000000     2.453627     0.516759 
59340.297758 0.000000 0.000000     2.472454     0.516950 
59340.350690 0.000000 0.000000     2.491133     0.517169 
59340.403622 0.000000 0.000000     2.509658     0.517414 
59340.456554 0.000000 0.000000     2.528026     0.517684 
59340.509486 0.000000 0.000000     2.546234     0.517980 
59340.562417 0.000000 0.000000     2.564277     0.518301 
59340.615349 0.000000 0.000000     2.582151     0.518646 
59340.668281 0.000000 0.000000     2.599854     0.519014 
59340.721213 0.000000 0.000000     2.617380     0.519405 
59340.774145 0.000000 0.000000     2.634728     0.519818 
59340.827077 0.000000 0.000000     2.651892     0.520253 
59340.880008 0.000000 0.000000     2.668869     0.520708 
59340.932940 0.000000 0.000000     2.685656     0.521183 
59340.985872 0.000000 0.000000     2.702249     0.521678 
59341.038804 0.000000 0.000000     2.718646     0.522191 
59341.091736 0.000000 0.000000     2.734842     0.522723 
59341.144668 0.000000 0.000000     2.750834     0.523272 
59341.197599 0.000000 0.000000     2.766619     0.523837 
59341.250531 0.000000 0.000000     2.782194     0.524419 
59341.303463 0.000000 0.000000     2.797556     0.525016 
59341.356395 0.000000 0.000000     2.812702     0.525628 
59341.409327 0.000000 0.000000     2.827629     0.526253 
59341.462259 0.000000 0.000000     2.842333     0.526893 
59341.515190 0.000000 0.000000     2.856813     0.527545 
59341.568122 0.000000 0.000000     2.871065     0.528210 
59341.621054 0.000000 0.000000     2.885087     0.528886 
59341.673986 0.000000 0.000000     2.898876     0.529574 
59341.726918 0.000000 0.000000     2.912430     0.530273 
59341.779850 0.000000 0.000000     2.925746     0.530982 
59341.832781 0.000000 0.000000     2.938822     0.531700 
59341.885713 0.000000 0.000000     2.951656     0.532428 
59341.938645 0.000000 0.000000     2.964245     0.533165 
59341.991577 0.000000 0.000000     2.976587     0.533910 
59342.044509 0.000000 0.000000     2.988681     0.534663 
59342.097441 0.000000 0.000000     3.000525     0.535424 
59342.150372 0.000000 0.000000     3.012116     0.536192 
59342.203304 0.000000 0.000000     3.023454     0.536967 
59342.256236 0.000000 0.000000     3.034535     0.537749 
59342.309168 0.000000 0.000000     3.045360     0.538536 
59342.362100 0.000000 0.000000     3.055926     0.539330 
59342.415031 0.000000 0.000000     3.066233     0.540130 
59342.467963 0.000000 0.000000     3.076278     0.540935 
59342.520895 0.000000 0.000000     3.086061     0.541745 
59342.573827 0.000000 0.000000     3.095581     0.542560 
59342.626759 0.000000 0.000000     3.104836     0.543380 
59342.679691 0.000000 0.000000     3.113827     0.544205 
59342.732622 0.000000 0.000000     3.122552     0.545034 
59342.785554 0.000000 0.000000     3.131011     0.545866 
59342.838486 0.000000 0.000000     3.139203     0.546703 
59342.891418 0.000000 0.000000     3.147127     0.547544 
59342.944350 0.000000 0.000000     3.154784     0.548388 
59342.997282 0.000000 0.000000     3.162173     0.549235 
59343.050213 0.000000 0.000000     3.169295     0.550085 
59343.103145 0.000000 0.000000     3.176148     0.550939 
59343.156077 0.000000 0.000000     3.182734     0.551795 
59343.209009 0.000000 0.000000     3.189053     0.552655 
59343.261941 0.000000 0.000000     3.195104     0.553516 
59343.314873 0.000000 0.000000     3.200888     0.554380 
59343.367804 0.000000 0.000000     3.206407     0.555246 
59343.420736 0.000000 0.000000     3.211660     0.556114 
59343.473668 0.000000 0.000000     3.216648     0.556984 
59343.526600 0.000000 0.000000     3.221372     0.557856 
59343.579532 0.000000 0.000000     3.225834     0.558729 
59343.632464 0.000000 0.000000     3.230034     0.559603 
59343.685395 0.000000 0.000000     3.233973     0.560478 
59343.738327 0.000000 0.000000     3.237653     0.561353 
59343.791259 0.000000 0.000000     3.241076     0.562229 
59343.844191 0.000000 0.000000     3.244242     0.563106 
59343.897123 0.000000 0.000000     3.247153     0.563982 
59343.950055 0.000000 0.000000     3.249812     0.564858 
59344.002986 0.000000 0.000000     3.252219     0.565733 
59344.055918 0.000000 0.000000     3.254378     0.566607 
59344.108850 0.000000 0.000000     3.256289     0.567480 
59344.161782 0.000000 0.000000     3.257956     0.568352 
59344.214714 0.000000 0.000000     3.259380     0.569221 
59344.267646 0.000000 0.000000     3.260564     0.570088 
59344.320577 0.000000 0.000000     3.261510     0.570952 
59344.373509 0.000000 0.000000     3.262221     0.571814 
59344.426441 0.000000 0.000000     3.262699     0.572671 
59344.479373 0.000000 0.000000     3.262948     0.573525 
59344.532305 0.000000 0.000000     3.262970     0.574374 
59344.585237 0.000000 0.000000     3.262768     0.575219 
59344.638168 0.000000 0.000000     3.262345     0.576058 
59344.691100 0.000000 0.000000     3.261704     0.576891 
59344.744032 0.000000 0.000000     3.260849     0.577718 
59344.796964 0.000000 0.000000     3.259783     0.578538 
59344.849896 0.000000 0.000000     3.258509     0.579351 
59344.902828 0.000000 0.000000     3.257032     0.580156 
59344.955759 0.000000 0.000000     3.255353     0.580953 
59345.008691 0.000000 0.000000     3.253478     0.581740 
59345.061623 0.000000 0.000000     3.251411     0.582518 
59345.114555 0.000000 0.000000     3.249153     0.583286 
59345.167487 0.000000 0.000000     3.246711     0.584043 
59345.220419 0.000000 0.000000     3.244088     0.584789 
59345.273350 0.000000 0.000000     3.241288     0.585524 
59345.326282 0.000000 0.000000     3.238314     0.586245 
59345.379214 0.000000 0.000000     3.235173     0.586954 
59345.432146 0.000000 0.000000     3.231867     0.587649 
59345.485078 0.000000 0.000000     3.228401     0.588330 
59345.538010 0.000000 0.000000     3.224781     0.588996 
59345.590941 0.000000 0.000000     3.221009     0.589647 
59345.643873 0.000000 0.000000     3.217091     0.590281 
59345.696805 0.000000 0.000000     3.213032     0.590899 
59345.749737 0.000000 0.000000     3.208837     0.591500 
59345.802669 0.000000 0.000000     3.204509     0.592083 
59345.855601 0.000000 0.000000     3.200055     0.592648 
59345.908532 0.000000 0.000000     3.195478     0.593193 
59345.961464 0.000000 0.000000     3.190785     0.593719 
59346.014396 0.000000 0.000000     3.185979     0.594225 
59346.067328 0.000000 0.000000     3.181067     0.594711 
59346.120260 0.000000 0.000000     3.176053     0.595175 
59346.173192 0.000000 0.000000     3.170942     0.595618 
59346.226123 0.000000 0.000000     3.165740     0.596039 
59346.279055 0.000000 0.000000     3.160452     0.596437 
59346.331987 0.000000 0.000000     3.155083     0.596812 
59346.384919 0.000000 0.000000     3.149638     0.597164 
59346.437851 0.000000 0.000000     3.144124     0.597492 
59346.490783 0.000000 0.000000     3.138545     0.597795 
59346.543714 0.000000 0.000000     3.132907     0.598074 
59346.596646 0.000000 0.000000     3.127215     0.598328 
59346.649578 0.000000 0.000000     3.121474     0.598557 
59346.702510 0.000000 0.000000     3.115691     0.598760 
59346.755442 0.000000 0.000000     3.109871     0.598937 
59346.808373 0.000000 0.000000     3.104020     0.599089 
59346.861305 0.000000 0.000000     3.098142     0.599214 
59346.914237 0.000000 0.000000     3.092244     0.599313 
59346.967169 0.000000 0.000000     3.086331     0.599385 
59347.020101 0.000000 0.000000     3.080409     0.599431 
59347.073033 0.000000 0.000000     3.074483     0.599450 
59347.125964 0.000000 0.000000     3.068560     0.599442 
59347.178896 0.000000 0.000000     3.062644     0.599409 
59347.231828 0.000000 0.000000     3.056741     0.599348 
59347.284760 0.000000 0.000000     3.050857     0.599262 
59347.337692 0.000000 0.000000     3.044998     0.599149 
59347.390624 0.000000 0.000000     3.039169     0.599011 
59347.443555 0.000000 0.000000     3.033375     0.598847 
59347.496487 0.000000 0.000000     3.027623     0.598657 
59347.549419 0.000000 0.000000     3.021918     0.598443 
59347.602351 0.000000 0.000000     3.016265     0.598205 
59347.655283 0.000000 0.000000     3.010670     0.597943 
59347.708215 0.000000 0.000000     3.005139     0.597658 
59347.761146 0.000000 0.000000     2.999676     0.597350 
59347.814078 0.000000 0.000000     2.994288     0.597020 
59347.867010 0.000000 0.000000     2.988979     0.596669 
59347.919942 0.000000 0.000000     2.983756     0.596298 
59347.972874 0.000000 0.000000     2.978623     0.595907 
59348.025806 0.000000 0.000000     2.973586     0.595498 
59348.078737 0.000000 0.000000     2.968651     0.595072 
59348.131669 0.000000 0.000000     2.963821     0.594630 
59348.184601 0.000000 0.000000     2.959104     0.594172 
59348.237533 0.000000 0.000000     2.954503     0.593701 
59348.290465 0.000000 0.000000     2.950023     0.593217 
59348.343397 0.000000 0.000000     2.945671     0.592722 
59348.396328 0.000000 0.000000     2.941450     0.592217 
59348.449260 0.000000 0.000000     2.937367     0.591705 
59348.502192 0.000000 0.000000     2.933425     0.591186 
59348.555124 0.000000 0.000000     2.929629     0.590663 
59348.608056 0.000000 0.000000     2.925985     0.590136 
59348.660988 0.000000 0.000000     2.922497     0.589609 
59348.713919 0.000000 0.000000     2.919169     0.589083 
59348.766851 0.000000 0.000000     2.916007     0.588560 
59348.819783 0.000000 0.000000     2.913014     0.588042 
59348.872715 0.000000 0.000000     2.910196     0.587531 
59348.925647 0.000000 0.000000     2.907556     0.587029 
59348.978579 0.000000 0.000000     2.905098     0.586539 
59349.031510 0.000000 0.000000     2.902828     0.586063 
59349.084442 0.000000 0.000000     2.900749     0.585604 
59349.137374 0.000000 0.000000     2.898865     0.585164 
59349.190306 0.000000 0.000000     2.897180     0.584744 
59349.243238 0.000000 0.000000     2.895698     0.584349 
59349.296170 0.000000 0.000000     2.894423     0.583980 
59349.349101 0.000000 0.000000     2.893359     0.583640 
59349.402033 0.000000 0.000000     2.892508     0.583332 
59349.454965 0.000000 0.000000     2.891876     0.583058 
59349.507897 0.000000 0.000000     2.891464     0.582821 
59349.560829 0.000000 0.000000     2.891278     0.582623 
59349.613761 0.000000 0.000000     2.891318     0.582467 
59349.666692 0.000000 0.000000     2.891590     0.582355 
59349.719624 0.000000 0.000000     2.892096     0.582291 
59349.772556 0.000000 0.000000     2.892839     0.582275 
59349.825488 0.000000 0.000000     2.893821     0.582312 
59349.878420 0.000000 0.000000     2.895047     0.582403 
59349.931352 0.000000 0.000000     2.896517     0.582550 
59349.984283 0.000000 0.000000     2.898236     0.582756 
59350.037215 0.000000 0.000000     2.900205     0.583022 
59350.090147 0.000000 0.000000     2.902426     0.583350 
59350.143079 0.000000 0.000000     2.904903     0.583743 
59350.196011 0.000000 0.000000     2.907637     0.584202 
59350.248943 0.000000 0.000000     2.910630     0.584728 
59350.301874 0.000000 0.000000     2.913884     0.585322 
59350.354806 0.000000 0.000000     2.917401     0.585987 
59350.407738 0.000000 0.000000     2.921183     0.586722 
59350.460670 0.000000 0.000000     2.925232     0.587529 
59350.513602 0.000000 0.000000     2.929548     0.588409 
59350.566534 0.000000 0.000000     2.934133     0.589361 
59350.619465 0.000000 0.000000     2.938989     0.590387 
59350.672397 0.000000 0.000000     2.944117     0.591485 
59350.725329 0.000000 0.000000     2.949518     0.592657 
59350.778261 0.000000 0.000000     2.955193     0.593901 
59350.831193 0.000000 0.000000     2.961142     0.595218 
59350.884125 0.000000 0.000000     2.967367     0.596606 
59350.937056 0.000000 0.000000     2.973868     0.598065 
59350.989988 0.000000 0.000000     2.980645     0.599594 
59351.042920 0.000000 0.000000     2.987700     0.601191 
59351.095852 0.000000 0.000000     2.995032     0.602854 
59351.148784 0.000000 0.000000     3.002641     0.604584 
59351.201715 0.000000 0.000000     3.010528     0.606377 
59351.254647 0.000000 0.000000     3.018692     0.608232 
59351.307579 0.000000 0.000000     3.027134     0.610146 
59351.360511 0.000000 0.000000     3.035853     0.612119 
59351.413443 0.000000 0.000000     3.044849     0.614147 
59351.466375 0.000000 0.000000     3.054121     0.616228 
59351.519306 0.000000 0.000000     3.063669     0.618360 
59351.572238 0.000000 0.000000     3.073492     0.620540 
59351.625170 0.000000 0.000000     3.083590     0.622765 
59351.678102 0.000000 0.000000     3.093961     0.625034 
59351.731034 0.000000 0.000000     3.104604     0.627342 
59351.783966 0.000000 0.000000     3.115519     0.629688 
59351.836897 0.000000 0.000000     3.126703     0.632068 
59351.889829 0.000000 0.000000     3.138157     0.634480 
59351.942761 0.000000 0.000000     3.149878     0.636920 
59351.995693 0.000000 0.000000     3.161864     0.639387 
59352.048625 0.000000 0.000000     3.174115     0.641876 
59352.101557 0.000000 0.000000     3.186629     0.644386 
59352.154488 0.000000 0.000000     3.199403     0.646912 
59352.207420 0.000000 0.000000     3.212436     0.649453 
59352.260352 0.000000 0.000000     3.225726     0.652005 
59352.313284 0.000000 0.000000     3.239270     0.654566 
59352.366216 0.000000 0.000000     3.253067     0.657132 
59352.419148 0.000000 0.000000     3.267114     0.659702 
59352.472079 0.000000 0.000000     3.281409     0.662271 
59352.525011 0.000000 0.000000     3.295950     0.664838 
59352.577943 0.000000 0.000000     3.310733     0.667399 
59352.630875 0.000000 0.000000     3.325756     0.669952 
59352.683807 0.000000 0.000000     3.341017     0.672495 
59352.736739 0.000000 0.000000     3.356512     0.675025 
59352.789670 0.000000 0.000000     3.372239     0.677539 
59352.842602 0.000000 0.000000     3.388195     0.680035 
59352.895534 0.000000 0.000000     3.404376     0.682511 
59352.948466 0.000000 0.000000     3.420780     0.684963 
59353.001398 0.000000 0.000000     3.437404     0.687391 
59353.054330 0.000000 0.000000     3.454243     0.689791 
59353.107261 0.000000 0.000000     3.471295     0.692161 
59353.160193 0.000000 0.000000     3.488557     0.694500 
59353.213125 0.000000 0.000000     3.506024     0.696805 
59353.266057 0.000000 0.000000     3.523694     0.699074 
59353.318989 0.000000 0.000000     3.541562     0.701304 
59353.371921 0.000000 0.000000     3.559625     0.703495 
59353.424852 0.000000 0.000000     3.577880     0.705644 
59353.477784 0.000000 0.000000     3.596322     0.707750 
59353.530716 0.000000 0.000000     3.614947     0.709810 
59353.583648 0.000000 0.000000     3.633753     0.711823 
59353.636580 0.000000 0.000000     3.652734     0.713786 
59353.689512 0.000000 0.000000     3.671886     0.715699 
59353.742443 0.000000 0.000000     3.691207     0.717560 
59353.795375 0.000000 0.000000     3.710691     0.719368 
59353.848307 0.000000 0.000000     3.730334     0.721119 
59353.901239 0.000000 0.000000     3.750133     0.722814 
59353.954171 0.000000 0.000000     3.770082     0.724451 
59354.007103 0.000000 0.000000     3.790178     0.726028 
59354.060034 0.000000 0.000000     3.810417     0.727544 
59354.112966 0.000000 0.000000     3.830794     0.728997 
59354.165898 0.000000 0.000000     3.851305     0.730387 
59354.218830 0.000000 0.000000     3.871945     0.731712 
59354.271762 0.000000 0.000000     3.892710     0.732970 
59354.324694 0.000000 0.000000     3.913595     0.734162 
59354.377625 0.000000 0.000000     3.934597     0.735284 
59354.430557 0.000000 0.000000     3.955710     0.736338 
59354.483489 0.000000 0.000000     3.976930     0.737320 
59354.536421 0.000000 0.000000     3.998253     0.738231 
59354.589353 0.000000 0.000000     4.019674     0.739070 
59354.642285 0.000000 0.000000     4.041188     0.739834 
59354.695216 0.000000 0.000000     4.062792     0.740524 
59354.748148 0.000000 0.000000     4.084480     0.741139 
59354.801080 0.000000 0.000000     4.106247     0.741677 
59354.854012 0.000000 0.000000     4.128091     0.742138 
59354.906944 0.000000 0.000000     4.150005     0.742521 
59354.959876 0.000000 0.000000     4.171985     0.742825 
59355.012807 0.000000 0.000000     4.194027     0.743050 
59355.065739 0.000000 0.000000     4.216127     0.743195 
59355.118671 0.000000 0.000000     4.238279     0.743259 
59355.171603 0.000000 0.000000     4.260479     0.743242 
59355.224535 0.000000 0.000000     4.282723     0.743142 
59355.277467 0.000000 0.000000     4.305006     0.742960 
59355.330398 0.000000 0.000000     4.327324     0.742695 
59355.383330 0.000000 0.000000     4.349673     0.742346 
59355.436262 0.000000 0.000000     4.372047     0.741914 
59355.489194 0.000000 0.000000     4.394443     0.741396 
59355.542126 0.000000 0.000000     4.416857     0.740795 
59355.595058 0.000000 0.000000     4.439283     0.740108 
59355.647989 0.000000 0.000000     4.461718     0.739335 
59355.700921 0.000000 0.000000     4.484158     0.738478 
59355.753853 0.000000 0.000000     4.506597     0.737534 
59355.806785 0.000000 0.000000     4.529033     0.736505 
59355.859717 0.000000 0.000000     4.551460     0.735390 
59355.912648 0.000000 0.000000     4.573875     0.734189 
59355.965580 0.000000 0.000000     4.596274     0.732902 
59356.018512 0.000000 0.000000     4.618653     0.731529 
59356.071444 0.000000 0.000000     4.641007     0.730071 
59356.124376 0.000000 0.000000     4.663334     0.728527 
59356.177308 0.000000 0.000000     4.685628     0.726898 
59356.230239 0.000000 0.000000     4.707887     0.725185 
59356.283171 0.000000 0.000000     4.730105     0.723388 
59356.336103 0.000000 0.000000     4.752281     0.721507 
59356.389035 0.000000 0.000000     4.774410     0.719544 
59356.441967 0.000000 0.000000     4.796488     0.717498 
59356.494899 0.000000 0.000000     4.818513     0.715372 
59356.547830 0.000000 0.000000     4.840480     0.713165 
59356.600762 0.000000 0.000000     4.862386     0.710879 
59356.653694 0.000000 0.000000     4.884228     0.708516 
59356.706626 0.000000 0.000000     4.906002     0.706077 
59356.759558 0.000000 0.000000     4.927707     0.703562 
59356.812490 0.000000 0.000000     4.949337     0.700975 
59356.865421 0.000000 0.000000     4.970891     0.698318 
59356.918353 0.000000 0.000000     4.992365     0.695591 
59356.971285 0.000000 0.000000     5.013757     0.692798 
59357.024217 0.000000 0.000000     5.035063     0.689941 
59357.077149 0.000000 0.000000     5.056281     0.687024 
59357.130081 0.000000 0.000000     5.077408     0.684048 
59357.183012 0.000000 0.000000     5.098442     0.681019 
59357.235944 0.000000 0.000000     5.119380     0.677938 
59357.288876 0.000000 0.000000     5.140220     0.674811 
59357.341808 0.000000 0.000000     5.160959     0.671642 
59357.394740 0.000000 0.000000     5.181595     0.668435 
59357.447672 0.000000 0.000000     5.202127     0.665196 
59357.500603 0.000000 0.000000     5.222551     0.661930 
59357.553535 0.000000 0.000000     5.242866     0.658643 
59357.606467 0.000000 0.000000     5.263069     0.655342 
59357.659399 0.000000 0.000000     5.283160     0.652034 
59357.712331 0.000000 0.000000     5.303136     0.648727 
59357.765263 0.000000 0.000000     5.322996     0.645427 
59357.818194 0.000000 0.000000     5.342738     0.642145 
59357.871126 0.000000 0.000000     5.362361     0.638889 
59357.924058 0.000000 0.000000     5.381863     0.635670 
59357.976990 0.000000 0.000000     5.401242     0.632497 
59358.029922 0.000000 0.000000     5.420498     0.629381 
59358.082854 0.000000 0.000000     5.439630     0.626336 
59358.135785 0.000000 0.000000     5.458637     0.623372 
59358.188717 0.000000 0.000000     5.477516     0.620502 
59358.241649 0.000000 0.000000     5.496269     0.617741 
59358.294581 0.000000 0.000000     5.514893     0.615101 
59358.347513 0.000000 0.000000     5.533389     0.612598 
59358.400445 0.000000 0.000000     5.551755     0.610246 
59358.453376 0.000000 0.000000     5.569991     0.608060 
59358.506308 0.000000 0.000000     5.588097     0.606056 
59358.559240 0.000000 0.000000     5.606073     0.604247 
59358.612172 0.000000 0.000000     5.623917     0.602650 
59358.665104 0.000000 0.000000     5.641630     0.601279 
59358.718036 0.000000 0.000000     5.659213     0.600148 
59358.770967 0.000000 0.000000     5.676664     0.599272 
59358.823899 0.000000 0.000000     5.693984     0.598662 
59358.876831 0.000000 0.000000     5.711174     0.598331 
59358.929763 0.000000 0.000000     5.728232     0.598289 
59358.982695 0.000000 0.000000     5.745161     0.598546 
59359.035627 0.000000 0.000000     5.761960     0.599110 
59359.088558 0.000000 0.000000     5.778630     0.599986 
59359.141490 0.000000 0.000000     5.795172     0.601180 
59359.194422 0.000000 0.000000     5.811585     0.602693 
59359.247354 0.000000 0.000000     5.827872     0.604528 
59359.300286 0.000000 0.000000     5.844032     0.606683 
59359.353218 0.000000 0.000000     5.860067     0.609156 
59359.406149 0.000000 0.000000     5.875978     0.611943 
59359.459081 0.000000 0.000000     5.891765     0.615037 
59359.512013 0.000000 0.000000     5.907431     0.618432 
59359.564945 0.000000 0.000000     5.922976     0.622119 
59359.617877 0.000000 0.000000     5.938401     0.626088 
59359.670809 0.000000 0.000000     5.953709     0.630328 
59359.723740 0.000000 0.000000     5.968900     0.634829 
59359.776672 0.000000 0.000000     5.983976     0.639577 
59359.829604 0.000000 0.000000     5.998938     0.644561 
59359.882536 0.000000 0.000000     6.013789     0.649768 
59359.935468 0.000000 0.000000     6.028530     0.655184 
59359.988400 0.000000 0.000000     6.043162     0.660797 
59360.041331 0.000000 0.000000     6.057688     0.666593 
59360.094263 0.000000 0.000000     6.072110     0.672559 
59360.147195 0.000000 0.000000     6.086429     0.678684 
59360.200127 0.000000 0.000000     6.100648     0.684954 
59360.253059 0.000000 0.000000     6.114769     0.691359 
59360.305990 0.000000 0.000000     6.128793     0.697886 
59360.358922 0.000000 0.000000     6.142724     0.704525 
59360.411854 0.000000 0.000000     6.156563     0.711266 
59360.464786 0.000000 0.000000     6.170313     0.718098 
59360.517718 0.000000 0.000000     6.183975     0.725012 
59360.570650 0.000000 0.000000     6.197553     0.731999 
59360.623581 0.000000 0.000000     6.211049     0.739050 
59360.676513 0.000000 0.000000     6.224465     0.746159 
59360.729445 0.000000 0.000000     6.237805     0.753317 
59360.782377 0.000000 0.000000     6.251069     0.760518 
59360.835309 0.000000 0.000000     6.264262     0.767754 
59360.888241 0.000000 0.000000     6.277386     0.775021 
59360.941172 0.000000 0.000000     6.290443     0.782311 
59360.994104 0.000000 0.000000     6.303436     0.789621 
59361.047036 0.000000 0.000000     6.316368     0.796944 
59361.099968 0.000000 0.000000     6.329241     0.804276 
59361.152900 0.000000 0.000000     6.342059     0.811614 
59361.205832 0.000000 0.000000     6.354825     0.818952 
59361.258763 0.000000 0.000000     6.367540     0.826288 
59361.311695 0.000000 0.000000     6.380209     0.833617 
59361.364627 0.000000 0.000000     6.392833     0.840937 
59361.417559 0.000000 0.000000     6.405416     0.848245 
59361.470491 0.000000 0.000000     6.417961     0.855538 
59361.523423 0.000000 0.000000     6.430470     0.862813 
59361.576354 0.000000 0.000000     6.442947     0.870069 
59361.629286 0.000000 0.000000     6.455394     0.877302 
59361.682218 0.000000 0.000000     6.467815     0.884511 
59361.735150 0.000000 0.000000     6.480212     0.891694 
59361.788082 0.000000 0.000000     6.492588     0.898850 
59361.841014 0.000000 0.000000     6.504946     0.905976 
59361.893945 0.000000 0.000000     6.517290     0.913072 
59361.946877 0.000000 0.000000     6.529621     0.920136 
59361.999809 0.000000 0.000000     6.541944     0.927166 
59362.052741 0.000000 0.000000     6.554261     0.934162 
59362.105673 0.000000 0.000000     6.566574     0.941123 
59362.158605 0.000000 0.000000     6.578887     0.948047 
59362.211536 0.000000 0.000000     6.591203     0.954934 
59362.264468 0.000000 0.000000     6.603524     0.961783 
59362.317400 0.000000 0.000000     6.615854     0.968593 
59362.370332 0.000000 0.000000     6.628194     0.975364 
59362.423264 0.000000 0.000000     6.640549     0.982095 
59362.476196 0.000000 0.000000     6.652920     0.988785 
59362.529127 0.000000 0.000000     6.665311     0.995434 
59362.582059 0.000000 0.000000     6.677724     1.002042 
59362.634991 0.000000 0.000000     6.690161     1.008608 
59362.687923 0.000000 0.000000     6.702627     1.015132 
59362.740855 0.000000 0.000000     6.715122     1.021613 
59362.793787 0.000000 0.000000     6.727650     1.028052 
59362.846718 0.000000 0.000000     6.740213     1.034448 
59362.899650 0.000000 0.000000     6.752814     1.040801 
59362.952582 0.000000 0.000000     6.765455     1.047110 
59363.005514 0.000000 0.000000     6.778138     1.053376 
59363.058446 0.000000 0.000000     6.790867     1.059599 
59363.111378 0.000000 0.000000     6.803643     1.065778 
59363.164309 0.000000 0.000000     6.816468     1.071913 
59363.217241 0.000000 0.000000     6.829345     1.078005 
59363.270173 0.000000 0.000000     6.842276     1.084053 
59363.323105 0.000000 0.000000     6.855263     1.090058 
59363.376037 0.000000 0.000000     6.868308     1.096018 
59363.428969 0.000000 0.000000     6.881413     1.101936 
59363.481900 0.000000 0.000000     6.894580     1.107810 
59363.534832 0.000000 0.000000     6.907811     1.113641 
59363.587764 0.000000 0.000000     6.921108     1.119428 
59363.640696 0.000000 0.000000     6.934472     1.125173 
59363.693628 0.000000 0.000000     6.947906     1.130874 
59363.746560 0.000000 0.000000     6.961410     1.136533 
59363.799491 0.000000 0.000000     6.974986     1.142149 
59363.852423 0.000000 0.000000     6.988637     1.147722 
59363.905355 0.000000 0.000000     7.002362     1.153253 
59363.958287 0.000000 0.000000     7.016165     1.158742 
59364.011219 0.000000 0.000000     7.030045     1.164189 
59364.064151 0.000000 0.000000     7.044004     1.169595 
59364.117082 0.000000 0.000000     7.058044     1.174959 
59364.170014 0.000000 0.000000     7.072164     1.180282 
59364.222946 0.000000 0.000000     7.086367     1.185563 
59364.275878 0.000000 0.000000     7.100654     1.190804 
59364.328810 0.000000 0.000000     7.115024     1.196005 
59364.381742 0.000000 0.000000     7.129479     1.201165 
59364.434673 0.000000 0.000000     7.144020     1.206285 
59364.487605 0.000000 0.000000     7.158646     1.211365 
59364.540537 0.000000 0.000000     7.173359     1.216406 
59364.593469 0.000000 0.000000     7.188160     1.221408 
59364.646401 0.000000 0.000000     7.203047     1.226371 
59364.699332 0.000000 0.000000     7.218022     1.231295 
59364.752264 0.000000 0.000000     7.233085     1.236181 
59364.805196 0.000000 0.000000     7.248236     1.241028 
59364.858128 0.000000 0.000000     7.263475     1.245838 
59364.911060 0.000000 0.000000     7.278802     1.250611 
59364.963992 0.000000 0.000000     7.294217     1.255346 
59365.016923 0.000000 0.000000     7.309719     1.260044 
59365.069855 0.000000 0.000000     7.325309     1.264706 
59365.122787 0.000000 0.000000     7.340985     1.269331 
59365.175719 0.000000 0.000000     7.356748     1.273921 
59365.228651 0.000000 0.000000     7.372597     1.278474 
59365.281583 0.000000 0.000000     7.388530     1.282992 
59365.334514 0.000000 0.000000     7.404549     1.287476 
59365.387446 0.000000 0.000000     7.420651     1.291924 
59365.440378 0.000000 0.000000     7.436835     1.296338 
59365.493310 0.000000 0.000000     7.453102     1.300717 
59365.546242 0.000000 0.000000     7.469449     1.305063 
59365.599174 0.000000 0.000000     7.485876     1.309375 
59365.652105 0.000000 0.000000     7.502382     1.313654 
59365.705037 0.000000 0.000000     7.518964     1.317900 
59365.757969 0.000000 0.000000     7.535622     1.322113 
59365.810901 0.000000 0.000000     7.552355     1.326294 
59365.863833 0.000000 0.000000     7.569160     1.330443 
59365.916765 0.000000 0.000000     7.586036     1.334560 
59365.969696 0.000000 0.000000     7.602982     1.338646 
59366.022628 0.000000 0.000000     7.619995     1.342700 
59366.075560 0.000000 0.000000     7.637074     1.346723 
59366.128492 0.000000 0.000000     7.654217     1.350716 
59366.181424 0.000000 0.000000     7.671422     1.354679 
59366.234356 0.000000 0.000000     7.688686     1.358611 
59366.287287 0.000000 0.000000     7.706009     1.362514 
59366.340219 0.000000 0.000000     7.723386     1.366387 
59366.393151 0.000000 0.000000     7.740817     1.370232 
59366.446083 0.000000 0.000000     7.758298     1.374047 
59366.499015 0.000000 0.000000     7.775828     1.377834 
59366.551947 0.000000 0.000000     7.793403     1.381592 
59366.604878 0.000000 0.000000     7.811022     1.385322 
59366.657810 0.000000 0.000000     7.828681     1.389025 
59366.710742 0.000000 0.000000     7.846379     1.392700 
59366.763674 0.000000 0.000000     7.864111     1.396348 
59366.816606 0.000000 0.000000     7.881876     1.399968 
59366.869538 0.000000 0.000000     7.899670     1.403563 
59366.922469 0.000000 0.000000     7.917491     1.407130 
59366.975401 0.000000 0.000000     7.935335     1.410672 
59367.028333 0.000000 0.000000     7.953200     1.414187 
59367.081265 0.000000 0.000000     7.971082     1.417677 
59367.134197 0.000000 0.000000     7.988978     1.421141 
59367.187129 0.000000 0.000000     8.006885     1.424581 
59367.240060 0.000000 0.000000     8.024801     1.427995 
59367.292992 0.000000 0.000000     8.042720     1.431385 
59367.345924 0.000000 0.000000     8.060641     1.434750 
59367.398856 0.000000 0.000000     8.078559     1.438091 
59367.451788 0.000000 0.000000     8.096472     1.441407 
59367.504720 0.000000 0.000000     8.114376     1.444701 
59367.557651 0.000000 0.000000     8.132267     1.447970 
59367.610583 0.000000 0.000000     8.150142     1.451216 
59367.663515 0.000000 0.000000     8.167997     1.454440 
59367.716447 0.000000 0.000000     8.185829     1.457640 
59367.769379 0.000000 0.000000     8.203634     1.460818 
59367.822311 0.000000 0.000000     8.221408     1.463973 
59367.875242 0.000000 0.000000     8.239148     1.467106 
59367.928174 0.000000 0.000000     8.256849     1.470217 
59367.981106 0.000000 0.000000     8.274509     1.473306 
59368.034038 0.000000 0.000000     8.292124     1.476374 
59368.086970 0.000000 0.000000     8.309689     1.479420 
59368.139902 0.000000 0.000000     8.327201     1.482445 
59368.192833 0.000000 0.000000     8.344656     1.485449 
59368.245765 0.000000 0.000000     8.362051     1.488432 
59368.298697 0.000000 0.000000     8.379381     1.491395 
59368.351629 0.000000 0.000000     8.396642     1.494337 
59368.404561 0.000000 0.000000     8.413832     1.497259 
59368.457493 0.000000 0.000000     8.430945     1.500161 
59368.510424 0.000000 0.000000     8.447979     1.503043 
59368.563356 0.000000 0.000000     8.464929     1.505905 
59368.616288 0.000000 0.000000     8.481791     1.508748 
59368.669220 0.000000 0.000000     8.498563     1.511571 
59368.722152 0.000000 0.000000     8.515239     1.514375 
59368.775084 0.000000 0.000000     8.531816     1.517160 
59368.828015 0.000000 0.000000     8.548290     1.519926 
59368.880947 0.000000 0.000000     8.564658     1.522674 
59368.933879 0.000000 0.000000     8.580916     1.525403 
59368.986811 0.000000 0.000000     8.597060     1.528114 
59369.039743 0.000000 0.000000     8.613086     1.530806 
59369.092675 0.000000 0.000000     8.628990     1.533480 
59369.145606 0.000000 0.000000     8.644770     1.536137 
59369.198538 0.000000 0.000000     8.660421     1.538775 
59369.251470 0.000000 0.000000     8.675940     1.541396 
59369.304402 0.000000 0.000000     8.691322     1.544000 
59369.357334 0.000000 0.000000     8.706566     1.546586 
59369.410265 0.000000 0.000000     8.721666     1.549155 
59369.463197 0.000000 0.000000     8.736620     1.551707 
59369.516129 0.000000 0.000000     8.751424     1.554242 
59369.569061 0.000000 0.000000     8.766076     1.556760 
59369.621993 0.000000 0.000000     8.780570     1.559261 
59369.674925 0.000000 0.000000     8.794905     1.561746 
59369.727856 0.000000 0.000000     8.809077     1.564215 
59369.780788 0.000000 0.000000     8.823082     1.566667 
59369.833720 0.000000 0.000000     8.836918     1.569103 
59369.886652 0.000000 0.000000     8.850582     1.571522 
59369.939584 0.000000 0.000000     8.864070     1.573926 
59369.992516 0.000000 0.000000     8.877379     1.576314 
59370.045447 0.000000 0.000000     8.890508     1.578686 
59370.098379 0.000000 0.000000     8.903452     1.581042 
59370.151311 0.000000 0.000000     8.916209     1.583383 
59370.204243 0.000000 0.000000     8.928776     1.585708 
59370.257175 0.000000 0.000000     8.941151     1.588018 
59370.310107 0.000000 0.000000     8.953332     1.590313 
59370.363038 0.000000 0.000000     8.965314     1.592592 
59370.415970 0.000000 0.000000     8.977097     1.594857 
59370.468902 0.000000 0.000000     8.988678     1.597106 
59370.521834 0.000000 0.000000     9.000054     1.599340 
59370.574766 0.000000 0.000000     9.011223     1.601560 
59370.627698 0.000000 0.000000     9.022184     1.603764 
59370.680629 0.000000 0.000000     9.032934     1.605954 
59370.733561 0.000000 0.000000     9.043471     1.608129 
59370.786493 0.000000 0.000000     9.053793     1.610289 
59370.839425 0.000000 0.000000     9.063898     1.612435 
59370.892357 0.000000 0.000000     9.073786     1.614566 
59370.945289 0.000000 0.000000     9.083453     1.616683 
59370.998220 0.000000 0.000000     9.092900     1.618785 
59371.051152 0.000000 0.000000     9.102123     1.620873 
59371.104084 0.000000 0.000000     9.111122     1.622947 
59371.157016 0.000000 0.000000     9.119896     1.625006 
59371.209948 0.000000 0.000000     9.128443     1.627051 
59371.262880 0.000000 0.000000     9.136762     1.629082 
59371.315811 0.000000 0.000000     9.144853     1.631099 
59371.368743 0.000000 0.000000     9.152714     1.633101 
59371.421675 0.000000 0.000000     9.160344     1.635089 
59371.474607 0.000000 0.000000     9.167744     1.637063 
59371.527539 0.000000 0.000000     9.174912     1.639023 
59371.580471 0.000000 0.000000     9.181848     1.640969 
59371.633402 0.000000 0.000000     9.188551     1.642901 
59371.686334 0.000000 0.000000     9.195022     1.644818 
59371.739266 0.000000 0.000000     9.201259     1.646721 
59371.792198 0.000000 0.000000     9.207263     1.648610 
59371.845130 0.000000 0.000000     9.213034     1.650485 
59371.898062 0.000000 0.000000     9.218572     1.652346 
59371.950993 0.000000 0.000000     9.223878     1.654193 
59372.003925 0.000000 0.000000     9.228950     1.656025 
59372.056857 0.000000 0.000000     9.233791     1.657843 
59372.109789 0.000000 0.000000     9.238400     1.659647 
59372.162721 0.000000 0.000000     9.242778     1.661436 
59372.215653 0.000000 0.000000     9.246926     1.663211 
59372.268584 0.000000 0.000000     9.250844     1.664972 
59372.321516 0.000000 0.000000     9.254534     1.666718 
59372.374448 0.000000 0.000000     9.257997     1.668450 
59372.427380 0.000000 0.000000     9.261233     1.670167 
59372.480312 0.000000 0.000000     9.264244     1.671870 
59372.533244 0.000000 0.000000     9.267032     1.673557 
59372.586175 0.000000 0.000000     9.269597     1.675231 
59372.639107 0.000000 0.000000     9.271941     1.676889 
59372.692039 0.000000 0.000000     9.274066     1.678532 
59372.744971 0.000000 0.000000     9.275974     1.680161 
59372.797903 0.000000 0.000000     9.277667     1.681774 
59372.850835 0.000000 0.000000     9.279145     1.683373 
59372.903766 0.000000 0.000000     9.280413     1.684956 
59372.956698 0.000000 0.000000     9.281471     1.686524 
59373.009630 0.000000 0.000000     9.282321     1.688076 
59373.062562 0.000000 0.000000     9.282967     1.689613 
59373.115494 0.000000 0.000000     9.283411     1.691134 
59373.168426 0.000000 0.000000     9.283655     1.692640 
59373.221357 0.000000 0.000000     9.283702     1.694130 
59373.274289 0.000000 0.000000     9.283554     1.695604 
59373.327221 0.000000 0.000000     9.283214     1.697063 
59373.380153 0.000000 0.000000     9.282686     1.698505 
59373.433085 0.000000 0.000000     9.281972     1.699931 
59373.486017 0.000000 0.000000     9.281075     1.701340 
59373.538948 0.000000 0.000000     9.279999     1.702733 
59373.591880 0.000000 0.000000   -12.391294     1.965713 
