# time Tc_folded Tref_folded model model_err 
59329.481866 0.000000 0.000000    -5.409877     0.498704 
59329.519476 0.000000 0.000000    -5.411557     0.497924 
59329.557086 0.000000 0.000000    -5.413394     0.497132 
59329.594696 0.000000 0.000000    -5.415387     0.496330 
59329.632306 0.000000 0.000000    -5.417538     0.495516 
59329.669917 0.000000 0.000000    -5.419847     0.494690 
59329.707527 0.000000 0.000000    -5.422314     0.493853 
59329.745137 0.000000 0.000000    -5.424938     0.493005 
59329.782747 0.000000 0.000000    -5.427720     0.492145 
59329.820357 0.000000 0.000000    -5.430659     0.491274 
59329.857967 0.000000 0.000000    -5.433756     0.490391 
59329.895578 0.000000 0.000000    -5.437011     0.489497 
59329.933188 0.000000 0.000000    -5.440423     0.488591 
59329.970798 0.000000 0.000000    -5.443992     0.487674 
59330.008408 0.000000 0.000000    -5.447718     0.486745 
59330.046018 0.000000 0.000000    -5.451600     0.485804 
59330.083628 0.000000 0.000000    -5.455638     0.484852 
59330.121238 0.000000 0.000000    -5.459832     0.483889 
59330.158849 0.000000 0.000000    -5.464180     0.482914 
59330.196459 0.000000 0.000000    -5.468683     0.481927 
59330.234069 0.000000 0.000000    -5.473339     0.480929 
59330.271679 0.000000 0.000000    -5.478148     0.479919 
59330.309289 0.000000 0.000000    -5.483110     0.478898 
59330.346899 0.000000 0.000000    -5.488223     0.477866 
59330.384510 0.000000 0.000000    -5.493486     0.476822 
59330.422120 0.000000 0.000000    -5.498899     0.475767 
59330.459730 0.000000 0.000000    -5.504461     0.474701 
59330.497340 0.000000 0.000000    -5.510170     0.473624 
59330.534950 0.000000 0.000000    -5.516026     0.472535 
59330.572560 0.000000 0.000000    -5.522027     0.471436 
59330.610170 0.000000 0.000000    -5.528172     0.470325 
59330.647781 0.000000 0.000000    -5.534460     0.469203 
59330.685391 0.000000 0.000000    -5.540890     0.468071 
59330.723001 0.000000 0.000000    -5.547460     0.466928 
59330.760611 0.000000 0.000000    -5.554168     0.465774 
59330.798221 0.000000 0.000000    -5.561014     0.464610 
59330.835831 0.000000 0.000000    -5.567996     0.463435 
59330.873442 0.000000 0.000000    -5.575112     0.462250 
59330.911052 0.000000 0.000000    -5.582361     0.461054 
59330.948662 0.000000 0.000000    -5.589741     0.459849 
59330.986272 0.000000 0.000000    -5.597249     0.458633 
59331.023882 0.000000 0.000000    -5.604885     0.457408 
59331.061492 0.000000 0.000000    -5.612647     0.456173 
59331.099102 0.000000 0.000000    -5.620533     0.454929 
59331.136713 0.000000 0.000000    -5.628540     0.453675 
59331.174323 0.000000 0.000000    -5.636667     0.452411 
59331.211933 0.000000 0.000000    -5.644912     0.451139 
59331.249543 0.000000 0.000000    -5.653272     0.449858 
59331.287153 0.000000 0.000000    -5.661746     0.448568 
59331.324763 0.000000 0.000000    -5.670331     0.447269 
59331.362374 0.000000 0.000000    -5.679026     0.445963 
59331.399984 0.000000 0.000000    -5.687827     0.444648 
59331.437594 0.000000 0.000000    -5.696733     0.443325 
59331.475204 0.000000 0.000000    -5.705742     0.441994 
59331.512814 0.000000 0.000000    -5.714850     0.440656 
59331.550424 0.000000 0.000000    -5.724055     0.439310 
59331.588035 0.000000 0.000000    -5.733356     0.437957 
59331.625645 0.000000 0.000000    -5.742749     0.436598 
59331.663255 0.000000 0.000000    -5.752232     0.435231 
59331.700865 0.000000 0.000000    -5.761803     0.433859 
59331.738475 0.000000 0.000000    -5.771458     0.432480 
59331.776085 0.000000 0.000000    -5.781195     0.431096 
59331.813695 0.000000 0.000000    -5.791012     0.429706 
59331.851306 0.000000 0.000000    -5.800905     0.428311 
59331.888916 0.000000 0.000000    -5.810872     0.426910 
59331.926526 0.000000 0.000000    -5.820911     0.425505 
59331.964136 0.000000 0.000000    -5.831017     0.424096 
59332.001746 0.000000 0.000000    -5.841189     0.422682 
59332.039356 0.000000 0.000000    -5.851424     0.421265 
59332.076967 0.000000 0.000000    -5.861718     0.419844 
59332.114577 0.000000 0.000000    -5.872069     0.418421 
59332.152187 0.000000 0.000000    -5.882474     0.416994 
59332.189797 0.000000 0.000000    -5.892930     0.415565 
59332.227407 0.000000 0.000000    -5.903433     0.414134 
59332.265017 0.000000 0.000000    -5.913981     0.412701 
59332.302627 0.000000 0.000000    -5.924571     0.411266 
59332.340238 0.000000 0.000000    -5.935200     0.409831 
59332.377848 0.000000 0.000000    -5.945864     0.408395 
59332.415458 0.000000 0.000000    -5.956560     0.406959 
59332.453068 0.000000 0.000000    -5.967286     0.405523 
59332.490678 0.000000 0.000000    -5.978038     0.404087 
59332.528288 0.000000 0.000000    -5.988814     0.402652 
59332.565899 0.000000 0.000000    -5.999609     0.401219 
59332.603509 0.000000 0.000000    -6.010421     0.399788 
59332.641119 0.000000 0.000000    -6.021246     0.398358 
59332.678729 0.000000 0.000000    -6.032082     0.396932 
59332.716339 0.000000 0.000000    -6.042925     0.395508 
59332.753949 0.000000 0.000000    -6.053773     0.394088 
59332.791559 0.000000 0.000000    -6.064621     0.392672 
59332.829170 0.000000 0.000000    -6.075466     0.391260 
59332.866780 0.000000 0.000000    -6.086306     0.389853 
59332.904390 0.000000 0.000000    -6.097138     0.388451 
59332.942000 0.000000 0.000000    -6.107957     0.387056 
59332.979610 0.000000 0.000000    -6.118761     0.385666 
59333.017220 0.000000 0.000000    -6.129547     0.384283 
59333.054831 0.000000 0.000000    -6.140311     0.382907 
59333.092441 0.000000 0.000000    -6.151051     0.381539 
59333.130051 0.000000 0.000000    -6.161763     0.380179 
59333.167661 0.000000 0.000000    -6.172443     0.378827 
59333.205271 0.000000 0.000000    -6.183090     0.377485 
59333.242881 0.000000 0.000000    -6.193699     0.376152 
59333.280492 0.000000 0.000000    -6.204267     0.374829 
59333.318102 0.000000 0.000000    -6.214792     0.373517 
59333.355712 0.000000 0.000000    -6.225271     0.372216 
59333.393322 0.000000 0.000000    -6.235699     0.370926 
59333.430932 0.000000 0.000000    -6.246075     0.369648 
59333.468542 0.000000 0.000000    -6.256395     0.368382 
59333.506152 0.000000 0.000000    -6.266656     0.367130 
59333.543763 0.000000 0.000000    -6.276855     0.365891 
59333.581373 0.000000 0.000000    -6.286989     0.364665 
59333.618983 0.000000 0.000000    -6.297056     0.363454 
59333.656593 0.000000 0.000000    -6.307052     0.362257 
59333.694203 0.000000 0.000000    -6.316974     0.361076 
59333.731813 0.000000 0.000000    -6.326819     0.359910 
59333.769424 0.000000 0.000000    -6.336586     0.358760 
59333.807034 0.000000 0.000000    -6.346270     0.357627 
59333.844644 0.000000 0.000000    -6.355869     0.356510 
59333.882254 0.000000 0.000000    -6.365381     0.355410 
59333.919864 0.000000 0.000000    -6.374803     0.354329 
59333.957474 0.000000 0.000000    -6.384131     0.353265 
59333.995084 0.000000 0.000000    -6.393364     0.352219 
59334.032695 0.000000 0.000000    -6.402498     0.351192 
59334.070305 0.000000 0.000000    -6.411532     0.350184 
59334.107915 0.000000 0.000000    -6.420463     0.349195 
59334.145525 0.000000 0.000000    -6.429287     0.348226 
59334.183135 0.000000 0.000000    -6.438004     0.347277 
59334.220745 0.000000 0.000000    -6.446610     0.346348 
59334.258356 0.000000 0.000000    -6.455103     0.345439 
59334.295966 0.000000 0.000000    -6.463481     0.344551 
59334.333576 0.000000 0.000000    -6.471741     0.343683 
59334.371186 0.000000 0.000000    -6.479882     0.342837 
59334.408796 0.000000 0.000000    -6.487901     0.342012 
59334.446406 0.000000 0.000000    -6.495796     0.341208 
59334.484016 0.000000 0.000000    -6.503565     0.340425 
59334.521627 0.000000 0.000000    -6.511207     0.339665 
59334.559237 0.000000 0.000000    -6.518718     0.338925 
59334.596847 0.000000 0.000000    -6.526097     0.338208 
59334.634457 0.000000 0.000000    -6.533343     0.337512 
59334.672067 0.000000 0.000000    -6.540453     0.336838 
59334.709677 0.000000 0.000000    -6.547426     0.336186 
59334.747288 0.000000 0.000000    -6.554261     0.335555 
59334.784898 0.000000 0.000000    -6.560954     0.334946 
59334.822508 0.000000 0.000000    -6.567506     0.334359 
59334.860118 0.000000 0.000000    -6.573914     0.333794 
59334.897728 0.000000 0.000000    -6.580177     0.333250 
59334.935338 0.000000 0.000000    -6.586293     0.332727 
59334.972949 0.000000 0.000000    -6.592262     0.332226 
59335.010559 0.000000 0.000000    -6.598082     0.331745 
59335.048169 0.000000 0.000000    -6.603752     0.331286 
59335.085779 0.000000 0.000000    -6.609270     0.330847 
59335.123389 0.000000 0.000000    -6.614635     0.330429 
59335.160999 0.000000 0.000000    -6.619847     0.330031 
59335.198609 0.000000 0.000000    -6.624905     0.329653 
59335.236220 0.000000 0.000000    -6.629807     0.329294 
59335.273830 0.000000 0.000000    -6.634553     0.328956 
59335.311440 0.000000 0.000000    -6.639141     0.328636 
59335.349050 0.000000 0.000000    -6.643572     0.328335 
59335.386660 0.000000 0.000000    -6.647845     0.328053 
59335.424270 0.000000 0.000000    -6.651959     0.327789 
59335.461881 0.000000 0.000000    -6.655913     0.327543 
59335.499491 0.000000 0.000000    -6.659707     0.327314 
59335.537101 0.000000 0.000000    -6.663340     0.327103 
59335.574711 0.000000 0.000000    -6.666813     0.326908 
59335.612321 0.000000 0.000000    -6.670125     0.326730 
59335.649931 0.000000 0.000000    -6.673275     0.326568 
59335.687541 0.000000 0.000000    -6.676264     0.326422 
59335.725152 0.000000 0.000000    -6.679092     0.326291 
59335.762762 0.000000 0.000000    -6.681758     0.326174 
59335.800372 0.000000 0.000000    -6.684263     0.326073 
59335.837982 0.000000 0.000000    -6.686606     0.325986 
59335.875592 0.000000 0.000000    -6.688789     0.325912 
59335.913202 0.000000 0.000000    -6.690810     0.325852 
59335.950813 0.000000 0.000000    -6.692671     0.325804 
59335.988423 0.000000 0.000000    -6.694371     0.325769 
59336.026033 0.000000 0.000000    -6.695912     0.325747 
59336.063643 0.000000 0.000000    -6.697293     0.325736 
59336.101253 0.000000 0.000000    -6.698515     0.325737 
59336.138863 0.000000 0.000000    -6.699580     0.325748 
59336.176473 0.000000 0.000000    -6.700486     0.325770 
59336.214084 0.000000 0.000000    -6.701236     0.325803 
59336.251694 0.000000 0.000000    -6.701830     0.325845 
59336.289304 0.000000 0.000000    -6.702269     0.325897 
59336.326914 0.000000 0.000000    -6.702553     0.325958 
59336.364524 0.000000 0.000000    -6.702685     0.326028 
59336.402134 0.000000 0.000000    -6.702664     0.326106 
59336.439745 0.000000 0.000000    -6.702492     0.326192 
59336.477355 0.000000 0.000000    -6.702169     0.326287 
59336.514965 0.000000 0.000000    -6.701699     0.326388 
59336.552575 0.000000 0.000000    -6.701080     0.326497 
59336.590185 0.000000 0.000000    -6.700315     0.326613 
59336.627795 0.000000 0.000000    -6.699406     0.326735 
59336.665406 0.000000 0.000000    -6.698353     0.326863 
59336.703016 0.000000 0.000000    -6.697158     0.326997 
59336.740626 0.000000 0.000000    -6.695823     0.327138 
59336.778236 0.000000 0.000000    -6.694348     0.327283 
59336.815846 0.000000 0.000000    -6.692737     0.327434 
59336.853456 0.000000 0.000000    -6.690990     0.327589 
59336.891066 0.000000 0.000000    -6.689109     0.327749 
59336.928677 0.000000 0.000000    -6.687096     0.327914 
59336.966287 0.000000 0.000000    -6.684953     0.328083 
59337.003897 0.000000 0.000000    -6.682681     0.328256 
59337.041507 0.000000 0.000000    -6.680283     0.328433 
59337.079117 0.000000 0.000000    -6.677761     0.328613 
59337.116727 0.000000 0.000000    -6.675115     0.328797 
59337.154338 0.000000 0.000000    -6.672350     0.328984 
59337.191948 0.000000 0.000000    -6.669466     0.329174 
59337.229558 0.000000 0.000000    -6.666466     0.329367 
59337.267168 0.000000 0.000000    -6.663352     0.329563 
59337.304778 0.000000 0.000000    -6.660126     0.329762 
59337.342388 0.000000 0.000000    -6.656790     0.329963 
59337.379998 0.000000 0.000000    -6.653347     0.330166 
59337.417609 0.000000 0.000000    -6.649798     0.330372 
59337.455219 0.000000 0.000000    -6.646148     0.330580 
59337.492829 0.000000 0.000000    -6.642396     0.330790 
59337.530439 0.000000 0.000000    -6.638547     0.331001 
59337.568049 0.000000 0.000000    -6.634602     0.331215 
59337.605659 0.000000 0.000000    -6.630565     0.331431 
59337.643270 0.000000 0.000000    -6.626436     0.331648 
59337.680880 0.000000 0.000000    -6.622220     0.331867 
59337.718490 0.000000 0.000000    -6.617918     0.332088 
59337.756100 0.000000 0.000000    -6.613534     0.332310 
59337.793710 0.000000 0.000000    -6.609069     0.332534 
59337.831320 0.000000 0.000000    -6.604526     0.332759 
59337.868930 0.000000 0.000000    -6.599909     0.332986 
59337.906541 0.000000 0.000000    -6.595219     0.333214 
59337.944151 0.000000 0.000000    -6.590459     0.333443 
59337.981761 0.000000 0.000000    -6.585632     0.333674 
59338.019371 0.000000 0.000000    -6.580741     0.333906 
59338.056981 0.000000 0.000000    -6.575789     0.334140 
59338.094591 0.000000 0.000000    -6.570777     0.334375 
59338.132202 0.000000 0.000000    -6.565710     0.334611 
59338.169812 0.000000 0.000000    -6.560589     0.334849 
59338.207422 0.000000 0.000000    -6.555417     0.335088 
59338.245032 0.000000 0.000000    -6.550198     0.335328 
59338.282642 0.000000 0.000000    -6.544934     0.335570 
59338.320252 0.000000 0.000000    -6.539628     0.335814 
59338.357863 0.000000 0.000000    -6.534282     0.336059 
59338.395473 0.000000 0.000000    -6.528900     0.336305 
59338.433083 0.000000 0.000000    -6.523484     0.336553 
59338.470693 0.000000 0.000000    -6.518036     0.336803 
59338.508303 0.000000 0.000000    -6.512561     0.337054 
59338.545913 0.000000 0.000000    -6.507060     0.337307 
59338.583523 0.000000 0.000000    -6.501537     0.337561 
59338.621134 0.000000 0.000000    -6.495994     0.337818 
59338.658744 0.000000 0.000000    -6.490434     0.338076 
59338.696354 0.000000 0.000000    -6.484860     0.338336 
59338.733964 0.000000 0.000000    -6.479274     0.338598 
59338.771574 0.000000 0.000000    -6.473680     0.338862 
59338.809184 0.000000 0.000000    -6.468079     0.339128 
59338.846795 0.000000 0.000000    -6.462476     0.339395 
59338.884405 0.000000 0.000000    -6.456872     0.339665 
59338.922015 0.000000 0.000000    -6.451270     0.339938 
59338.959625 0.000000 0.000000    -6.445674     0.340212 
59338.997235 0.000000 0.000000    -6.440085     0.340489 
59339.034845 0.000000 0.000000    -6.434506     0.340768 
59339.072455 0.000000 0.000000    -6.428941     0.341049 
59339.110066 0.000000 0.000000    -6.423391     0.341333 
59339.147676 0.000000 0.000000    -6.417860     0.341619 
59339.185286 0.000000 0.000000    -6.412349     0.341907 
59339.222896 0.000000 0.000000    -6.406862     0.342198 
59339.260506 0.000000 0.000000    -6.401400     0.342492 
59339.298116 0.000000 0.000000    -6.395968     0.342788 
59339.335727 0.000000 0.000000    -6.390566     0.343087 
59339.373337 0.000000 0.000000    -6.385198     0.343389 
59339.410947 0.000000 0.000000    -6.379866     0.343693 
59339.448557 0.000000 0.000000    -6.374572     0.344000 
59339.486167 0.000000 0.000000    -6.369320     0.344310 
59339.523777 0.000000 0.000000    -6.364110     0.344623 
59339.561387 0.000000 0.000000    -6.358946     0.344938 
59339.598998 0.000000 0.000000    -6.353829     0.345256 
59339.636608 0.000000 0.000000    -6.348763     0.345577 
59339.674218 0.000000 0.000000    -6.343749     0.345901 
59339.711828 0.000000 0.000000    -6.338789     0.346228 
59339.749438 0.000000 0.000000    -6.333887     0.346557 
59339.787048 0.000000 0.000000    -6.329043     0.346890 
59339.824659 0.000000 0.000000    -6.324259     0.347225 
59339.862269 0.000000 0.000000    -6.319539     0.347563 
59339.899879 0.000000 0.000000    -6.314884     0.347903 
59339.937489 0.000000 0.000000    -6.310296     0.348247 
59339.975099 0.000000 0.000000    -6.305777     0.348593 
59340.012709 0.000000 0.000000    -6.301329     0.348941 
59340.050320 0.000000 0.000000    -6.296953     0.349293 
59340.087930 0.000000 0.000000    -6.292652     0.349646 
59340.125540 0.000000 0.000000    -6.288427     0.350003 
59340.163150 0.000000 0.000000    -6.284280     0.350362 
59340.200760 0.000000 0.000000    -6.280214     0.350723 
59340.238370 0.000000 0.000000    -6.276228     0.351086 
59340.275980 0.000000 0.000000    -6.272326     0.351452 
59340.313591 0.000000 0.000000    -6.268508     0.351820 
59340.351201 0.000000 0.000000    -6.264776     0.352190 
59340.388811 0.000000 0.000000    -6.261132     0.352562 
59340.426421 0.000000 0.000000    -6.257577     0.352936 
59340.464031 0.000000 0.000000    -6.254112     0.353311 
59340.501641 0.000000 0.000000    -6.250739     0.353689 
59340.539252 0.000000 0.000000    -6.247459     0.354068 
59340.576862 0.000000 0.000000    -6.244274     0.354448 
59340.614472 0.000000 0.000000    -6.241184     0.354830 
59340.652082 0.000000 0.000000    -6.238191     0.355212 
59340.689692 0.000000 0.000000    -6.235296     0.355596 
59340.727302 0.000000 0.000000    -6.232499     0.355981 
59340.764912 0.000000 0.000000    -6.229802     0.356367 
59340.802523 0.000000 0.000000    -6.227207     0.356753 
59340.840133 0.000000 0.000000    -6.224713     0.357139 
59340.877743 0.000000 0.000000    -6.222321     0.357526 
59340.915353 0.000000 0.000000    -6.220034     0.357913 
59340.952963 0.000000 0.000000    -6.217850     0.358300 
59340.990573 0.000000 0.000000    -6.215771     0.358687 
59341.028184 0.000000 0.000000    -6.213799     0.359073 
59341.065794 0.000000 0.000000    -6.211932     0.359459 
59341.103404 0.000000 0.000000    -6.210172     0.359844 
59341.141014 0.000000 0.000000    -6.208520     0.360229 
59341.178624 0.000000 0.000000    -6.206976     0.360612 
59341.216234 0.000000 0.000000    -6.205540     0.360993 
59341.253844 0.000000 0.000000    -6.204212     0.361374 
59341.291455 0.000000 0.000000    -6.202994     0.361752 
59341.329065 0.000000 0.000000    -6.201885     0.362129 
59341.366675 0.000000 0.000000    -6.200886     0.362503 
59341.404285 0.000000 0.000000    -6.199997     0.362876 
59341.441895 0.000000 0.000000    -6.199218     0.363245 
59341.479505 0.000000 0.000000    -6.198549     0.363612 
59341.517116 0.000000 0.000000    -6.197990     0.363976 
59341.554726 0.000000 0.000000    -6.197541     0.364337 
59341.592336 0.000000 0.000000    -6.197202     0.364694 
59341.629946 0.000000 0.000000    -6.196974     0.365048 
59341.667556 0.000000 0.000000    -6.196856     0.365398 
59341.705166 0.000000 0.000000    -6.196847     0.365743 
59341.742777 0.000000 0.000000    -6.196948     0.366085 
59341.780387 0.000000 0.000000    -6.197158     0.366422 
59341.817997 0.000000 0.000000    -6.197478     0.366755 
59341.855607 0.000000 0.000000    -6.197906     0.367082 
59341.893217 0.000000 0.000000    -6.198442     0.367404 
59341.930827 0.000000 0.000000    -6.199087     0.367721 
59341.968437 0.000000 0.000000    -6.199839     0.368033 
59342.006048 0.000000 0.000000    -6.200698     0.368338 
59342.043658 0.000000 0.000000    -6.201663     0.368638 
59342.081268 0.000000 0.000000    -6.202734     0.368931 
59342.118878 0.000000 0.000000    -6.203911     0.369218 
59342.156488 0.000000 0.000000    -6.205191     0.369498 
59342.194098 0.000000 0.000000    -6.206576     0.369772 
59342.231709 0.000000 0.000000    -6.208064     0.370038 
59342.269319 0.000000 0.000000    -6.209654     0.370297 
59342.306929 0.000000 0.000000    -6.211346     0.370549 
59342.344539 0.000000 0.000000    -6.213138     0.370793 
59342.382149 0.000000 0.000000    -6.215030     0.371029 
59342.419759 0.000000 0.000000    -6.217021     0.371257 
59342.457369 0.000000 0.000000    -6.219110     0.371476 
59342.494980 0.000000 0.000000    -6.221296     0.371688 
59342.532590 0.000000 0.000000    -6.223577     0.371890 
59342.570200 0.000000 0.000000    -6.225953     0.372084 
59342.607810 0.000000 0.000000    -6.228423     0.372269 
59342.645420 0.000000 0.000000    -6.230986     0.372445 
59342.683030 0.000000 0.000000    -6.233640     0.372611 
59342.720641 0.000000 0.000000    -6.236385     0.372768 
59342.758251 0.000000 0.000000    -6.239218     0.372915 
59342.795861 0.000000 0.000000    -6.242139     0.373053 
59342.833471 0.000000 0.000000    -6.245147     0.373180 
59342.871081 0.000000 0.000000    -6.248240     0.373297 
59342.908691 0.000000 0.000000    -6.251417     0.373405 
59342.946301 0.000000 0.000000    -6.254677     0.373501 
59342.983912 0.000000 0.000000    -6.258017     0.373587 
59343.021522 0.000000 0.000000    -6.261438     0.373663 
59343.059132 0.000000 0.000000    -6.264937     0.373728 
59343.096742 0.000000 0.000000    -6.268513     0.373782 
59343.134352 0.000000 0.000000    -6.272165     0.373825 
59343.171962 0.000000 0.000000    -6.275890     0.373857 
59343.209573 0.000000 0.000000    -6.279689     0.373877 
59343.247183 0.000000 0.000000    -6.283558     0.373887 
59343.284793 0.000000 0.000000    -6.287496     0.373885 
59343.322403 0.000000 0.000000    -6.291503     0.373871 
59343.360013 0.000000 0.000000    -6.295576     0.373846 
59343.397623 0.000000 0.000000    -6.299714     0.373810 
59343.435234 0.000000 0.000000    -6.303915     0.373762 
59343.472844 0.000000 0.000000    -6.308177     0.373702 
59343.510454 0.000000 0.000000    -6.312499     0.373630 
59343.548064 0.000000 0.000000    -6.316880     0.373547 
59343.585674 0.000000 0.000000    -6.321317     0.373452 
59343.623284 0.000000 0.000000    -6.325809     0.373345 
59343.660894 0.000000 0.000000    -6.330354     0.373226 
59343.698505 0.000000 0.000000    -6.334951     0.373096 
59343.736115 0.000000 0.000000    -6.339598     0.372953 
59343.773725 0.000000 0.000000    -6.344293     0.372799 
59343.811335 0.000000 0.000000    -6.349034     0.372632 
59343.848945 0.000000 0.000000    -6.353819     0.372454 
59343.886555 0.000000 0.000000    -6.358648     0.372264 
59343.924166 0.000000 0.000000    -6.363518     0.372063 
59343.961776 0.000000 0.000000    -6.368427     0.371849 
59343.999386 0.000000 0.000000    -6.373374     0.371624 
59344.036996 0.000000 0.000000    -6.378357     0.371387 
59344.074606 0.000000 0.000000    -6.383374     0.371139 
59344.112216 0.000000 0.000000    -6.388423     0.370879 
59344.149826 0.000000 0.000000    -6.393503     0.370608 
59344.187437 0.000000 0.000000    -6.398612     0.370325 
59344.225047 0.000000 0.000000    -6.403748     0.370031 
59344.262657 0.000000 0.000000    -6.408909     0.369726 
59344.300267 0.000000 0.000000    -6.414094     0.369410 
59344.337877 0.000000 0.000000    -6.419300     0.369083 
59344.375487 0.000000 0.000000    -6.424526     0.368745 
59344.413098 0.000000 0.000000    -6.429771     0.368396 
59344.450708 0.000000 0.000000    -6.435032     0.368037 
59344.488318 0.000000 0.000000    -6.440308     0.367668 
59344.525928 0.000000 0.000000    -6.445596     0.367288 
59344.563538 0.000000 0.000000    -6.450896     0.366898 
59344.601148 0.000000 0.000000    -6.456205     0.366498 
59344.638758 0.000000 0.000000    -6.461522     0.366089 
59344.676369 0.000000 0.000000    -6.466845     0.365670 
59344.713979 0.000000 0.000000    -6.472172     0.365242 
59344.751589 0.000000 0.000000    -6.477502     0.364804 
59344.789199 0.000000 0.000000    -6.482832     0.364358 
59344.826809 0.000000 0.000000    -6.488161     0.363903 
59344.864419 0.000000 0.000000    -6.493488     0.363440 
59344.902030 0.000000 0.000000    -6.498810     0.362968 
59344.939640 0.000000 0.000000    -6.504127     0.362488 
59344.977250 0.000000 0.000000    -6.509435     0.362001 
59345.014860 0.000000 0.000000    -6.514735     0.361506 
59345.052470 0.000000 0.000000    -6.520023     0.361003 
59345.090080 0.000000 0.000000    -6.525299     0.360494 
59345.127691 0.000000 0.000000    -6.530560     0.359978 
59345.165301 0.000000 0.000000    -6.535806     0.359456 
59345.202911 0.000000 0.000000    -6.541034     0.358927 
59345.240521 0.000000 0.000000    -6.546243     0.358393 
59345.278131 0.000000 0.000000    -6.551431     0.357853 
59345.315741 0.000000 0.000000    -6.556597     0.357308 
59345.353351 0.000000 0.000000    -6.561739     0.356758 
59345.390962 0.000000 0.000000    -6.566856     0.356203 
59345.428572 0.000000 0.000000    -6.571946     0.355644 
59345.466182 0.000000 0.000000    -6.577008     0.355081 
59345.503792 0.000000 0.000000    -6.582040     0.354515 
59345.541402 0.000000 0.000000    -6.587040     0.353945 
59345.579012 0.000000 0.000000    -6.592008     0.353372 
59345.616623 0.000000 0.000000    -6.596942     0.352797 
59345.654233 0.000000 0.000000    -6.601840     0.352220 
59345.691843 0.000000 0.000000    -6.606700     0.351640 
59345.729453 0.000000 0.000000    -6.611523     0.351059 
59345.767063 0.000000 0.000000    -6.616305     0.350477 
59345.804673 0.000000 0.000000    -6.621046     0.349894 
59345.842283 0.000000 0.000000    -6.625745     0.349310 
59345.879894 0.000000 0.000000    -6.630399     0.348727 
59345.917504 0.000000 0.000000    -6.635009     0.348144 
59345.955114 0.000000 0.000000    -6.639571     0.347561 
59345.992724 0.000000 0.000000    -6.644086     0.346979 
59346.030334 0.000000 0.000000    -6.648552     0.346399 
59346.067944 0.000000 0.000000    -6.652968     0.345821 
59346.105555 0.000000 0.000000    -6.657332     0.345244 
59346.143165 0.000000 0.000000    -6.661643     0.344670 
59346.180775 0.000000 0.000000    -6.665900     0.344099 
59346.218385 0.000000 0.000000    -6.670102     0.343531 
59346.255995 0.000000 0.000000    -6.674248     0.342967 
59346.293605 0.000000 0.000000    -6.678336     0.342406 
59346.331215 0.000000 0.000000    -6.682366     0.341850 
59346.368826 0.000000 0.000000    -6.686336     0.341298 
59346.406436 0.000000 0.000000    -6.690245     0.340751 
59346.444046 0.000000 0.000000    -6.694092     0.340209 
59346.481656 0.000000 0.000000    -6.697877     0.339673 
59346.519266 0.000000 0.000000    -6.701598     0.339143 
59346.556876 0.000000 0.000000    -6.705254     0.338619 
59346.594487 0.000000 0.000000    -6.708844     0.338101 
59346.632097 0.000000 0.000000    -6.712367     0.337591 
59346.669707 0.000000 0.000000    -6.715822     0.337087 
59346.707317 0.000000 0.000000    -6.719209     0.336591 
59346.744927 0.000000 0.000000    -6.722526     0.336102 
59346.782537 0.000000 0.000000    -6.725773     0.335621 
59346.820148 0.000000 0.000000    -6.728948     0.335149 
59346.857758 0.000000 0.000000    -6.732051     0.334684 
59346.895368 0.000000 0.000000    -6.735081     0.334228 
59346.932978 0.000000 0.000000    -6.738037     0.333781 
59346.970588 0.000000 0.000000    -6.740918     0.333344 
59347.008198 0.000000 0.000000    -6.743724     0.332915 
59347.045808 0.000000 0.000000    -6.746453     0.332495 
59347.083419 0.000000 0.000000    -6.749106     0.332085 
59347.121029 0.000000 0.000000    -6.751681     0.331685 
59347.158639 0.000000 0.000000    -6.754178     0.331295 
59347.196249 0.000000 0.000000    -6.756595     0.330914 
59347.233859 0.000000 0.000000    -6.758933     0.330544 
59347.271469 0.000000 0.000000    -6.761190     0.330183 
59347.309080 0.000000 0.000000    -6.763367     0.329833 
59347.346690 0.000000 0.000000    -6.765462     0.329493 
59347.384300 0.000000 0.000000    -6.767474     0.329164 
59347.421910 0.000000 0.000000    -6.769404     0.328844 
59347.459520 0.000000 0.000000    -6.771251     0.328536 
59347.497130 0.000000 0.000000    -6.773014     0.328237 
59347.534740 0.000000 0.000000    -6.774692     0.327949 
59347.572351 0.000000 0.000000    -6.776285     0.327671 
59347.609961 0.000000 0.000000    -6.777794     0.327404 
59347.647571 0.000000 0.000000    -6.779216     0.327147 
59347.685181 0.000000 0.000000    -6.780552     0.326900 
59347.722791 0.000000 0.000000    -6.781802     0.326663 
59347.760401 0.000000 0.000000    -6.782964     0.326436 
59347.798012 0.000000 0.000000    -6.784040     0.326220 
59347.835622 0.000000 0.000000    -6.785027     0.326013 
59347.873232 0.000000 0.000000    -6.785926     0.325816 
59347.910842 0.000000 0.000000    -6.786737     0.325628 
59347.948452 0.000000 0.000000    -6.787459     0.325450 
59347.986062 0.000000 0.000000    -6.788092     0.325282 
59348.023672 0.000000 0.000000    -6.788635     0.325122 
59348.061283 0.000000 0.000000    -6.789089     0.324971 
59348.098893 0.000000 0.000000    -6.789453     0.324830 
59348.136503 0.000000 0.000000    -6.789727     0.324696 
59348.174113 0.000000 0.000000    -6.789911     0.324572 
59348.211723 0.000000 0.000000    -6.790004     0.324455 
59348.249333 0.000000 0.000000    -6.790007     0.324346 
59348.286944 0.000000 0.000000    -6.789919     0.324246 
59348.324554 0.000000 0.000000    -6.789741     0.324152 
59348.362164 0.000000 0.000000    -6.789471     0.324067 
59348.399774 0.000000 0.000000    -6.789110     0.323988 
59348.437384 0.000000 0.000000    -6.788658     0.323916 
59348.474994 0.000000 0.000000    -6.788115     0.323851 
59348.512605 0.000000 0.000000    -6.787480     0.323792 
59348.550215 0.000000 0.000000    -6.786755     0.323739 
59348.587825 0.000000 0.000000    -6.785938     0.323693 
59348.625435 0.000000 0.000000    -6.785030     0.323652 
59348.663045 0.000000 0.000000    -6.784030     0.323616 
59348.700655 0.000000 0.000000    -6.782940     0.323585 
59348.738265 0.000000 0.000000    -6.781759     0.323560 
59348.775876 0.000000 0.000000    -6.780486     0.323539 
59348.813486 0.000000 0.000000    -6.779123     0.323523 
59348.851096 0.000000 0.000000    -6.777669     0.323511 
59348.888706 0.000000 0.000000    -6.776124     0.323503 
59348.926316 0.000000 0.000000    -6.774489     0.323498 
59348.963926 0.000000 0.000000    -6.772764     0.323498 
59349.001537 0.000000 0.000000    -6.770949     0.323500 
59349.039147 0.000000 0.000000    -6.769044     0.323506 
59349.076757 0.000000 0.000000    -6.767050     0.323514 
59349.114367 0.000000 0.000000    -6.764966     0.323525 
59349.151977 0.000000 0.000000    -6.762793     0.323539 
59349.189587 0.000000 0.000000    -6.760532     0.323554 
59349.227197 0.000000 0.000000    -6.758182     0.323572 
59349.264808 0.000000 0.000000    -6.755744     0.323592 
59349.302418 0.000000 0.000000    -6.753219     0.323613 
59349.340028 0.000000 0.000000    -6.750606     0.323635 
59349.377638 0.000000 0.000000    -6.747906     0.323659 
59349.415248 0.000000 0.000000    -6.745120     0.323684 
59349.452858 0.000000 0.000000    -6.742248     0.323710 
59349.490469 0.000000 0.000000    -6.739291     0.323737 
59349.528079 0.000000 0.000000    -6.736248     0.323764 
59349.565689 0.000000 0.000000    -6.733120     0.323792 
59349.603299 0.000000 0.000000    -6.729909     0.323821 
59349.640909 0.000000 0.000000    -6.726614     0.323849 
59349.678519 0.000000 0.000000    -6.723236     0.323878 
59349.716129 0.000000 0.000000    -6.719776     0.323906 
59349.753740 0.000000 0.000000    -6.716233     0.323935 
59349.791350 0.000000 0.000000    -6.712610     0.323963 
59349.828960 0.000000 0.000000    -6.708906     0.323991 
59349.866570 0.000000 0.000000    -6.705122     0.324018 
59349.904180 0.000000 0.000000    -6.701259     0.324045 
59349.941790 0.000000 0.000000    -6.697318     0.324072 
59349.979401 0.000000 0.000000    -6.693299     0.324097 
59350.017011 0.000000 0.000000    -6.689203     0.324122 
59350.054621 0.000000 0.000000    -6.685030     0.324147 
59350.092231 0.000000 0.000000    -6.680782     0.324170 
59350.129841 0.000000 0.000000    -6.676460     0.324193 
59350.167451 0.000000 0.000000    -6.672063     0.324215 
59350.205062 0.000000 0.000000    -6.667594     0.324235 
59350.242672 0.000000 0.000000    -6.663053     0.324255 
59350.280282 0.000000 0.000000    -6.658440     0.324274 
59350.317892 0.000000 0.000000    -6.653757     0.324292 
59350.355502 0.000000 0.000000    -6.649005     0.324309 
59350.393112 0.000000 0.000000    -6.644185     0.324325 
59350.430722 0.000000 0.000000    -6.639297     0.324341 
59350.468333 0.000000 0.000000    -6.634342     0.324355 
59350.505943 0.000000 0.000000    -6.629323     0.324368 
59350.543553 0.000000 0.000000    -6.624239     0.324380 
59350.581163 0.000000 0.000000    -6.619092     0.324391 
59350.618773 0.000000 0.000000    -6.613883     0.324402 
59350.656383 0.000000 0.000000    -6.608612     0.324411 
59350.693994 0.000000 0.000000    -6.603282     0.324420 
59350.731604 0.000000 0.000000    -6.597894     0.324428 
59350.769214 0.000000 0.000000    -6.592447     0.324435 
59350.806824 0.000000 0.000000    -6.586945     0.324441 
59350.844434 0.000000 0.000000    -6.581387     0.324447 
59350.882044 0.000000 0.000000    -6.575776     0.324452 
59350.919654 0.000000 0.000000    -6.570112     0.324457 
59350.957265 0.000000 0.000000    -6.564396     0.324461 
59350.994875 0.000000 0.000000    -6.558631     0.324464 
59351.032485 0.000000 0.000000    -6.552817     0.324468 
59351.070095 0.000000 0.000000    -6.546956     0.324470 
59351.107705 0.000000 0.000000    -6.541049     0.324473 
59351.145315 0.000000 0.000000    -6.535098     0.324475 
59351.182926 0.000000 0.000000    -6.529104     0.324477 
59351.220536 0.000000 0.000000    -6.523068     0.324479 
59351.258146 0.000000 0.000000    -6.516992     0.324481 
59351.295756 0.000000 0.000000    -6.510877     0.324482 
59351.333366 0.000000 0.000000    -6.504725     0.324484 
59351.370976 0.000000 0.000000    -6.498538     0.324486 
59351.408586 0.000000 0.000000    -6.492316     0.324488 
59351.446197 0.000000 0.000000    -6.486063     0.324490 
59351.483807 0.000000 0.000000    -6.479778     0.324492 
59351.521417 0.000000 0.000000    -6.473464     0.324495 
59351.559027 0.000000 0.000000    -6.467123     0.324498 
59351.596637 0.000000 0.000000    -6.460756     0.324501 
59351.634247 0.000000 0.000000    -6.454364     0.324505 
59351.671858 0.000000 0.000000    -6.447950     0.324509 
59351.709468 0.000000 0.000000    -6.441515     0.324514 
59351.747078 0.000000 0.000000    -6.435061     0.324520 
59351.784688 0.000000 0.000000    -6.428590     0.324525 
59351.822298 0.000000 0.000000    -6.422103     0.324532 
59351.859908 0.000000 0.000000    -6.415602     0.324539 
59351.897519 0.000000 0.000000    -6.409089     0.324547 
59351.935129 0.000000 0.000000    -6.402566     0.324555 
59351.972739 0.000000 0.000000    -6.396035     0.324564 
59352.010349 0.000000 0.000000    -6.389498     0.324574 
59352.047959 0.000000 0.000000    -6.382956     0.324584 
59352.085569 0.000000 0.000000    -6.376411     0.324595 
59352.123179 0.000000 0.000000    -6.369865     0.324607 
59352.160790 0.000000 0.000000    -6.363321     0.324620 
59352.198400 0.000000 0.000000    -6.356779     0.324633 
59352.236010 0.000000 0.000000    -6.350243     0.324647 
59352.273620 0.000000 0.000000    -6.343714     0.324661 
59352.311230 0.000000 0.000000    -6.337194     0.324676 
59352.348840 0.000000 0.000000    -6.330684     0.324692 
59352.386451 0.000000 0.000000    -6.324188     0.324708 
59352.424061 0.000000 0.000000    -6.317707     0.324725 
59352.461671 0.000000 0.000000    -6.311243     0.324742 
59352.499281 0.000000 0.000000    -6.304798     0.324759 
59352.536891 0.000000 0.000000    -6.298374     0.324777 
59352.574501 0.000000 0.000000    -6.291973     0.324796 
59352.612111 0.000000 0.000000    -6.285598     0.324814 
59352.649722 0.000000 0.000000    -6.279250     0.324833 
59352.687332 0.000000 0.000000    -6.272931     0.324852 
59352.724942 0.000000 0.000000    -6.266644     0.324871 
59352.762552 0.000000 0.000000    -6.260391     0.324890 
59352.800162 0.000000 0.000000    -6.254173     0.324908 
59352.837772 0.000000 0.000000    -6.247993     0.324927 
59352.875383 0.000000 0.000000    -6.241854     0.324945 
59352.912993 0.000000 0.000000    -6.235756     0.324963 
59352.950603 0.000000 0.000000    -6.229703     0.324981 
59352.988213 0.000000 0.000000    -6.223696     0.324998 
59353.025823 0.000000 0.000000    -6.217737     0.325014 
59353.063433 0.000000 0.000000    -6.211830     0.325030 
59353.101043 0.000000 0.000000    -6.205975     0.325045 
59353.138654 0.000000 0.000000    -6.200175     0.325059 
59353.176264 0.000000 0.000000    -6.194432     0.325071 
59353.213874 0.000000 0.000000    -6.188748     0.325083 
59353.251484 0.000000 0.000000    -6.183126     0.325093 
59353.289094 0.000000 0.000000    -6.177567     0.325102 
59353.326704 0.000000 0.000000    -6.172074     0.325110 
59353.364315 0.000000 0.000000    -6.166648     0.325115 
59353.401925 0.000000 0.000000    -6.161293     0.325119 
59353.439535 0.000000 0.000000    -6.156009     0.325121 
59353.477145 0.000000 0.000000    -6.150800     0.325122 
59353.514755 0.000000 0.000000    -6.145666     0.325120 
59353.552365 0.000000 0.000000    -6.140611     0.325116 
59353.589976 0.000000 0.000000    -6.135637     0.325109 
59353.627586 0.000000 0.000000    -6.130745     0.325100 
59353.665196 0.000000 0.000000    -6.125937     0.325089 
59353.702806 0.000000 0.000000    -6.121216     0.325075 
59353.740416 0.000000 0.000000    -6.116583     0.325058 
59353.778026 0.000000 0.000000    -6.112041     0.325038 
59353.815636 0.000000 0.000000    -6.107592     0.325015 
59353.853247 0.000000 0.000000    -6.103237     0.324990 
59353.890857 0.000000 0.000000    -6.098979     0.324961 
59353.928467 0.000000 0.000000    -6.094819     0.324928 
59353.966077 0.000000 0.000000    -6.090760     0.324893 
59354.003687 0.000000 0.000000    -6.086804     0.324854 
59354.041297 0.000000 0.000000    -6.082951     0.324811 
59354.078908 0.000000 0.000000    -6.079205     0.324765 
59354.116518 0.000000 0.000000    -6.075567     0.324715 
59354.154128 0.000000 0.000000    -6.072039     0.324662 
59354.191738 0.000000 0.000000    -6.068623     0.324604 
59354.229348 0.000000 0.000000    -6.065321     0.324543 
59354.266958 0.000000 0.000000    -6.062133     0.324478 
59354.304568 0.000000 0.000000    -6.059063     0.324409 
59354.342179 0.000000 0.000000    -6.056111     0.324336 
59354.379789 0.000000 0.000000    -6.053281     0.324259 
59354.417399 0.000000 0.000000    -6.050572     0.324178 
59354.455009 0.000000 0.000000    -6.047987     0.324093 
59354.492619 0.000000 0.000000    -6.045527     0.324004 
59354.530229 0.000000 0.000000    -6.043195     0.323911 
59354.567840 0.000000 0.000000    -6.040990     0.323814 
59354.605450 0.000000 0.000000    -6.038916     0.323714 
59354.643060 0.000000 0.000000    -6.036974     0.323609 
59354.680670 0.000000 0.000000    -6.035164     0.323500 
59354.718280 0.000000 0.000000    -6.033489     0.323388 
59354.755890 0.000000 0.000000    -6.031950     0.323271 
59354.793500 0.000000 0.000000    -6.030547     0.323151 
59354.831111 0.000000 0.000000    -6.029283     0.323028 
59354.868721 0.000000 0.000000    -6.028159     0.322901 
59354.906331 0.000000 0.000000    -6.027176     0.322771 
59354.943941 0.000000 0.000000    -6.026334     0.322638 
59354.981551 0.000000 0.000000    -6.025636     0.322501 
59355.019161 0.000000 0.000000    -6.025083     0.322362 
59355.056772 0.000000 0.000000    -6.024674     0.322220 
59355.094382 0.000000 0.000000    -6.024412     0.322076 
59355.131992 0.000000 0.000000    -6.024297     0.321929 
59355.169602 0.000000 0.000000    -6.024331     0.321780 
59355.207212 0.000000 0.000000    -6.024514     0.321630 
59355.244822 0.000000 0.000000    -6.024847     0.321478 
59355.282433 0.000000 0.000000    -6.025331     0.321324 
59355.320043 0.000000 0.000000    -6.025966     0.321169 
59355.357653 0.000000 0.000000    -6.026753     0.321014 
59355.395263 0.000000 0.000000    -6.027694     0.320858 
59355.432873 0.000000 0.000000    -6.028788     0.320702 
59355.470483 0.000000 0.000000    -6.030036     0.320547 
59355.508093 0.000000 0.000000    -6.031439     0.320392 
59355.545704 0.000000 0.000000    -6.032997     0.320238 
59355.583314 0.000000 0.000000    -6.034711     0.320085 
59355.620924 0.000000 0.000000    -6.036580     0.319934 
59355.658534 0.000000 0.000000    -6.038606     0.319786 
59355.696144 0.000000 0.000000    -6.040788     0.319640 
59355.733754 0.000000 0.000000    -6.043127     0.319497 
59355.771365 0.000000 0.000000    -6.045622     0.319358 
59355.808975 0.000000 0.000000    -6.048274     0.319223 
59355.846585 0.000000 0.000000    -6.051084     0.319092 
59355.884195 0.000000 0.000000    -6.054050     0.318967 
59355.921805 0.000000 0.000000    -6.057173     0.318847 
59355.959415 0.000000 0.000000    -6.060453     0.318734 
59355.997025 0.000000 0.000000    -6.063890     0.318628 
59356.034636 0.000000 0.000000    -6.067482     0.318529 
59356.072246 0.000000 0.000000    -6.071231     0.318438 
59356.109856 0.000000 0.000000    -6.075136     0.318355 
59356.147466 0.000000 0.000000    -6.079196     0.318282 
59356.185076 0.000000 0.000000    -6.083412     0.318219 
59356.222686 0.000000 0.000000    -6.087781     0.318166 
59356.260297 0.000000 0.000000    -6.092305     0.318125 
59356.297907 0.000000 0.000000    -6.096981     0.318095 
59356.335517 0.000000 0.000000    -6.101811     0.318078 
59356.373127 0.000000 0.000000    -6.106792     0.318074 
59356.410737 0.000000 0.000000    -6.111924     0.318084 
59356.448347 0.000000 0.000000    -6.117207     0.318109 
59356.485957 0.000000 0.000000    -6.122639     0.318148 
59356.523568 0.000000 0.000000    -6.128220     0.318204 
59356.561178 0.000000 0.000000    -6.133947     0.318276 
59356.598788 0.000000 0.000000    -6.139822     0.318366 
59356.636398 0.000000 0.000000    -6.145842     0.318473 
59356.674008 0.000000 0.000000    -6.152005     0.318599 
59356.711618 0.000000 0.000000    -6.158312     0.318745 
59356.749229 0.000000 0.000000    -6.164761     0.318910 
59356.786839 0.000000 0.000000    -6.171349     0.319095 
59356.824449 0.000000 0.000000    -6.178077     0.319302 
59356.862059 0.000000 0.000000    -6.184942     0.319531 
59356.899669 0.000000 0.000000    -6.191943     0.319782 
59356.937279 0.000000 0.000000    -6.199079     0.320056 
59356.974890 0.000000 0.000000    -6.206348     0.320354 
59357.012500 0.000000 0.000000    -6.213747     0.320675 
59357.050110 0.000000 0.000000    -6.221277     0.321021 
59357.087720 0.000000 0.000000    -6.228934     0.321392 
59357.125330 0.000000 0.000000    -6.236717     0.321788 
59357.162940 0.000000 0.000000    -6.244624     0.322210 
59357.200550 0.000000 0.000000    -6.252654     0.322659 
59357.238161 0.000000 0.000000    -6.260804     0.323134 
59357.275771 0.000000 0.000000    -6.269072     0.323635 
59357.313381 0.000000 0.000000    -6.277456     0.324165 
59357.350991 0.000000 0.000000    -6.285955     0.324721 
59357.388601 0.000000 0.000000    -6.294566     0.325305 
59357.426211 0.000000 0.000000    -6.303286     0.325917 
59357.463822 0.000000 0.000000    -6.312114     0.326557 
59357.501432 0.000000 0.000000    -6.321048     0.327225 
59357.539042 0.000000 0.000000    -6.330084     0.327921 
59357.576652 0.000000 0.000000    -6.339221     0.328646 
59357.614262 0.000000 0.000000    -6.348457     0.329398 
59357.651872 0.000000 0.000000    -6.357788     0.330179 
59357.689482 0.000000 0.000000    -6.367213     0.330988 
59357.727093 0.000000 0.000000    -6.376728     0.331825 
59357.764703 0.000000 0.000000    -6.386332     0.332689 
59357.802313 0.000000 0.000000    -6.396021     0.333581 
59357.839923 0.000000 0.000000    -6.405794     0.334501 
59357.877533 0.000000 0.000000    -6.415646     0.335447 
59357.915143 0.000000 0.000000    -6.425577     0.336421 
59357.952754 0.000000 0.000000    -6.435582     0.337420 
59357.990364 0.000000 0.000000    -6.445660     0.338446 
59358.027974 0.000000 0.000000    -6.455807     0.339498 
59358.065584 0.000000 0.000000    -6.466020     0.340575 
59358.103194 0.000000 0.000000    -6.476297     0.341677 
59358.140804 0.000000 0.000000    -6.486635     0.342803 
59358.178414 0.000000 0.000000    -6.497031     0.343953 
59358.216025 0.000000 0.000000    -6.507482     0.345127 
59358.253635 0.000000 0.000000    -6.517984     0.346323 
59358.291245 0.000000 0.000000    -6.528536     0.347542 
59358.328855 0.000000 0.000000    -6.539134     0.348782 
59358.366465 0.000000 0.000000    -6.549774     0.350044 
59358.404075 0.000000 0.000000    -6.560454     0.351326 
59358.441686 0.000000 0.000000    -6.571171     0.352629 
59358.479296 0.000000 0.000000    -6.581922     0.353950 
59358.516906 0.000000 0.000000    -6.592703     0.355290 
59358.554516 0.000000 0.000000    -6.603512     0.356648 
59358.592126 0.000000 0.000000    -6.614345     0.358024 
59358.629736 0.000000 0.000000    -6.625199     0.359416 
59358.667347 0.000000 0.000000    -6.636072     0.360825 
59358.704957 0.000000 0.000000    -6.646959     0.362249 
59358.742567 0.000000 0.000000    -6.657857     0.363687 
59358.780177 0.000000 0.000000    -6.668764     0.365140 
59358.817787 0.000000 0.000000    -6.679677     0.366606 
59358.855397 0.000000 0.000000    -6.690591     0.368085 
59358.893007 0.000000 0.000000    -6.701504     0.369576 
59358.930618 0.000000 0.000000    -6.712413     0.371079 
59358.968228 0.000000 0.000000    -6.723315     0.372592 
59359.005838 0.000000 0.000000    -6.734205     0.374116 
59359.043448 0.000000 0.000000    -6.745082     0.375648 
59359.081058 0.000000 0.000000    -6.755941     0.377190 
59359.118668 0.000000 0.000000    -6.766780     0.378740 
59359.156279 0.000000 0.000000    -6.777596     0.380298 
59359.193889 0.000000 0.000000    -6.788384     0.381863 
59359.231499 0.000000 0.000000    -6.799143     0.383434 
59359.269109 0.000000 0.000000    -6.809869     0.385011 
59359.306719 0.000000 0.000000    -6.820558     0.386593 
59359.344329 0.000000 0.000000    -6.831208     0.388180 
59359.381939 0.000000 0.000000    -6.841815     0.389771 
59359.419550 0.000000 0.000000    -6.852377     0.391365 
59359.457160 0.000000 0.000000    -6.862890     0.392963 
59359.494770 0.000000 0.000000    -6.873351     0.394563 
59359.532380 0.000000 0.000000    -6.883758     0.396164 
59359.569990 0.000000 0.000000    -6.894106     0.397768 
59359.607600 0.000000 0.000000    -6.904393     0.399372 
59359.645211 0.000000 0.000000    -6.914617     0.400976 
59359.682821 0.000000 0.000000    -6.924773     0.402581 
59359.720431 0.000000 0.000000    -6.934860     0.404185 
59359.758041 0.000000 0.000000    -6.944874     0.405788 
59359.795651 0.000000 0.000000    -6.954812     0.407390 
59359.833261 0.000000 0.000000    -6.964671     0.408989 
59359.870871 0.000000 0.000000    -6.974449     0.410587 
59359.908482 0.000000 0.000000    -6.984143     0.412182 
59359.946092 0.000000 0.000000    -6.993750     0.413773 
59359.983702 0.000000 0.000000    -7.003267     0.415362 
59360.021312 0.000000 0.000000    -7.012692     0.416946 
59360.058922 0.000000 0.000000    -7.022021     0.418526 
59360.096532 0.000000 0.000000    -7.031253     0.420102 
59360.134143 0.000000 0.000000    -7.040385     0.421672 
59360.171753 0.000000 0.000000    -7.049413     0.423238 
59360.209363 0.000000 0.000000    -7.058337     0.424797 
59360.246973 0.000000 0.000000    -7.067152     0.426351 
59360.284583 0.000000 0.000000    -7.075857     0.427899 
59360.322193 0.000000 0.000000    -7.084450     0.429440 
59360.359804 0.000000 0.000000    -7.092927     0.430975 
59360.397414 0.000000 0.000000    -7.101288     0.432502 
59360.435024 0.000000 0.000000    -7.109528     0.434022 
59360.472634 0.000000 0.000000    -7.117647     0.435534 
59360.510244 0.000000 0.000000    -7.125642     0.437039 
59360.547854 0.000000 0.000000    -7.133511     0.438535 
59360.585464 0.000000 0.000000    -7.141252     0.440023 
59360.623075 0.000000 0.000000    -7.148863     0.441503 
59360.660685 0.000000 0.000000    -7.156342     0.442974 
59360.698295 0.000000 0.000000    -7.163687     0.444435 
59360.735905 0.000000 0.000000    -7.170897     0.445888 
59360.773515 0.000000 0.000000    -7.177968     0.447331 
59360.811125 0.000000 0.000000    -7.184901     0.448765 
59360.848736 0.000000 0.000000    -7.191693     0.450189 
59360.886346 0.000000 0.000000    -7.198342     0.451603 
59360.923956 0.000000 0.000000    -7.204847     0.453007 
59360.961566 0.000000 0.000000    -7.211206     0.454401 
59360.999176 0.000000 0.000000    -7.217418     0.455785 
59361.036786 0.000000 0.000000    -7.223482     0.457158 
59361.074396 0.000000 0.000000    -7.229396     0.458520 
59361.112007 0.000000 0.000000    -7.235159     0.459872 
59361.149617 0.000000 0.000000    -7.240770     0.461213 
59361.187227 0.000000 0.000000    -7.246227     0.462542 
59361.224837 0.000000 0.000000    -7.251530     0.463861 
59361.262447 0.000000 0.000000    -7.256677     0.465169 
59361.300057 0.000000 0.000000    -7.261668     0.466465 
59361.337668 0.000000 0.000000    -7.266502     0.467750 
59361.375278 0.000000 0.000000    -7.271177     0.469023 
59361.412888 0.000000 0.000000    -7.275693     0.470285 
59361.450498 0.000000 0.000000    -7.280049     0.471535 
59361.488108 0.000000 0.000000    -7.284246     0.472773 
59361.525718 0.000000 0.000000    -7.288281     0.474000 
59361.563328 0.000000 0.000000    -7.292154     0.475215 
59361.600939 0.000000 0.000000    -7.295866     0.476418 
59361.638549 0.000000 0.000000    -7.299415     0.477609 
59361.676159 0.000000 0.000000    -7.302802     0.478788 
59361.713769 0.000000 0.000000    -7.306026     0.479956 
59361.751379 0.000000 0.000000    -7.309087     0.481111 
59361.788989 0.000000 0.000000    -7.311984     0.482254 
59361.826600 0.000000 0.000000    -7.314718     0.483385 
59361.864210 0.000000 0.000000    -7.317289     0.484504 
59361.901820 0.000000 0.000000    -7.319696     0.485611 
59361.939430 0.000000 0.000000     0.000251          nan 
