# time Tc_folded Tref_folded model 
59318.650141 0.954658 0.308993    -2.139652
59318.687751 0.992268 0.322023    -1.908391
59318.725361 1.029878 0.335054    -1.658694
59318.762971 1.067488 0.348085    -1.395088
59318.800582 1.105098 0.361115    -1.122209
59318.838192 1.142708 0.374146    -0.844600
59318.875802 1.180319 0.387176    -0.566537
59318.913412 1.217929 0.400207    -0.291894
59318.951022 1.255539 0.413237    -0.024063
59318.988632 1.293149 0.426268     0.234100
59319.026243 1.330759 0.439299     0.480278
59319.063853 1.368369 0.452329     0.712672
59319.101463 1.405979 0.465360     0.929960
59319.139073 -1.442711 0.478390     1.131241
59319.176683 -1.405101 0.491421     1.315977
59319.214293 -1.367490 0.504451     1.483930
59319.251903 -1.329880 0.517482     1.635105
59319.289514 -1.292270 0.530513     1.769697
59319.327124 -1.254660 0.543543     1.888047
59319.364734 -1.217050 0.556574     1.990596
59319.402344 -1.179440 0.569604     2.077862
59319.439954 -1.141830 0.582635     2.150405
59319.477564 -1.104219 0.595665     2.208809
59319.515175 -1.066609 0.608696     2.253667
59319.552785 -1.028999 0.621727     2.285564
59319.590395 -0.991389 0.634757     2.305073
59319.628005 -0.953779 0.647788     2.312742
59319.665615 -0.916169 0.660818     2.309097
59319.703225 -0.878558 0.673849     2.294632
59319.740836 -0.840948 0.686879     2.269810
59319.778446 -0.803338 0.699910     2.235065
59319.816056 -0.765728 0.712941     2.190800
59319.853666 -0.728118 0.725971     2.137385
59319.891276 -0.690508 0.739002     2.075165
59319.928886 -0.652897 0.752032     2.004456
59319.966496 -0.615287 0.765063     1.925549
59320.004107 -0.577677 0.778094     1.838712
59320.041717 -0.540067 0.791124     1.744194
59320.079327 -0.502457 0.804155     1.642226
59320.116937 -0.464847 0.817185     1.533024
59320.154547 -0.427237 0.830216     1.416792
59320.192157 -0.389626 0.843246     1.293729
59320.229768 -0.352016 0.856277     1.164027
59320.267378 -0.314406 0.869308     1.027879
59320.304988 -0.276796 0.882338     0.885483
59320.342598 -0.239186 0.895369     0.737047
59320.380208 -0.201576 0.908399     0.582795
59320.417818 -0.163965 0.921430     0.422974
59320.455428 -0.126355 0.934460     0.257863
59320.493039 -0.088745 0.947491     0.087778
59320.530649 -0.051135 0.960522    -0.086916
59320.568259 -0.013525 0.973552    -0.265793
59320.605869 0.024085 0.986583    -0.448353
59320.643479 0.061695 0.999613    -0.634013
59320.681089 0.099306 0.012644    -0.822085
59320.718700 0.136916 0.025674    -1.011763
59320.756310 0.174526 0.038705    -1.202104
59320.793920 0.212136 0.051736    -1.392010
59320.831530 0.249746 0.064766    -1.580207
59320.869140 0.287356 0.077797    -1.765230
59320.906750 0.324967 0.090827    -1.945404
59320.944360 0.362577 0.103858    -2.118834
59320.981971 0.400187 0.116888    -2.283402
59321.019581 0.437797 0.129919    -2.436766
59321.057191 0.475407 0.142950    -2.576385
59321.094801 0.513017 0.155980    -2.699550
59321.132411 0.550627 0.169011    -2.803437
59321.170021 0.588238 0.182041    -2.885193
59321.207632 0.625848 0.195072    -2.942032
59321.245242 0.663458 0.208103    -2.971366
59321.282852 0.701068 0.221133    -2.970948
59321.320462 0.738678 0.234164    -2.939025
59321.358072 0.776288 0.247194    -2.874493
59321.395682 0.813899 0.260225    -2.777021
59321.433293 0.851509 0.273255    -2.647153
59321.470903 0.889119 0.286286    -2.486346
59321.508513 0.926729 0.299317    -2.296949
59321.546123 0.964339 0.312347    -2.082125
59321.583733 1.001949 0.325378    -1.845699
59321.621343 1.039560 0.338408    -1.591981
59321.658953 1.077170 0.351439    -1.325545
59321.696564 1.114780 0.364469    -1.051022
59321.734174 1.152390 0.377500    -0.772902
59321.771784 1.190000 0.390531    -0.495367
59321.809394 1.227610 0.403561    -0.222175
59321.847004 1.265220 0.416592     0.043419
59321.884614 1.302831 0.429622     0.298698
59321.922225 1.340441 0.442653     0.541479
59321.959835 1.378051 0.455683     0.770093
59321.997445 1.415661 0.468714     0.983331
59322.035055 -1.433029 0.481745     1.180391
59322.072665 -1.395419 0.494775     1.360819
59322.110275 -1.357809 0.507806     1.524444
59322.147885 -1.320199 0.520836     1.671325
59322.185496 -1.282589 0.533867     1.801699
59322.223106 -1.244978 0.546897     1.915935
59322.260716 -1.207368 0.559928     2.014499
59322.298326 -1.169758 0.572959     2.097920
59322.335936 -1.132148 0.585989     2.166767
59322.373546 -1.094538 0.599020     2.221628
59322.411157 -1.056928 0.612050     2.263093
59322.448767 -1.019317 0.625081     2.291748
59322.486377 -0.981707 0.638111     2.308157
59322.523987 -0.944097 0.651142     2.312865
59322.561597 -0.906487 0.664173     2.306388
59322.599207 -0.868877 0.677203     2.289214
59322.636817 -0.831267 0.690234     2.261798
59322.674428 -0.793657 0.703264     2.224565
59322.712038 -0.756046 0.716295     2.177910
59322.749648 -0.718436 0.729326     2.122197
59322.787258 -0.680826 0.742356     2.057763
59322.824868 -0.643216 0.755387     1.984916
59322.862478 -0.605606 0.768417     1.903943
59322.900089 -0.567996 0.781448     1.815106
59322.937699 -0.530385 0.794478     1.718648
59322.975309 -0.492775 0.807509     1.614798
59323.012919 -0.455165 0.820540     1.503767
59323.050529 -0.417555 0.833570     1.385759
59323.088139 -0.379945 0.846601     1.260968
59323.125750 -0.342335 0.859631     1.129588
59323.163360 -0.304725 0.872662     0.991812
59323.200970 -0.267114 0.885692     0.847841
59323.238580 -0.229504 0.898723     0.697886
59323.276190 -0.191894 0.911754     0.542176
59323.313800 -0.154284 0.924784     0.380965
59323.351410 -0.116674 0.937815     0.214542
59323.389021 -0.079064 0.950845     0.043233
59323.426631 -0.041453 0.963876    -0.132581
59323.464241 -0.003843 0.976906    -0.312457
59323.501851 0.033767 0.989937    -0.495875
59323.539461 0.071377 0.002968    -0.682226
59323.577071 0.108987 0.015998    -0.870793
59323.614682 0.146597 0.029029    -1.060738
59323.652292 0.184208 0.042059    -1.251079
59323.689902 0.221818 0.055090    -1.440674
59323.727512 0.259428 0.068120    -1.628202
59323.765122 0.297038 0.081151    -1.812146
59323.802732 0.334648 0.094182    -1.990774
59323.840342 0.372258 0.107212    -2.162134
59323.877953 0.409868 0.120243    -2.324050
59323.915563 0.447479 0.133273    -2.474127
59323.953173 0.485089 0.146304    -2.609774
59323.990783 0.522699 0.159335    -2.728249
59324.028393 0.560309 0.172365    -2.826712
59324.066003 0.597919 0.185396    -2.902314
59324.103614 0.635529 0.198426    -2.952309
59324.141224 0.673140 0.211457    -2.974182
59324.178834 0.710750 0.224487    -2.965798
59324.216444 0.748360 0.237518    -2.925558
59324.254054 0.785970 0.250549    -2.852544
59324.291664 0.823580 0.263579    -2.746645
59324.329274 0.861190 0.276610    -2.608637
59324.366885 0.898800 0.289640    -2.440211
59324.404495 0.936411 0.302671    -2.243937
59324.442105 0.974021 0.315701    -2.023163
59324.479715 1.011631 0.328732    -1.781860
59324.517325 1.049241 0.341763    -1.524424
59324.554935 1.086851 0.354793    -1.255467
59324.592546 1.124461 0.367824    -0.979599
59324.630156 1.162072 0.380854    -0.701244
59324.667766 1.199682 0.393885    -0.424487
59324.705376 1.237292 0.406915    -0.152961
59324.742986 1.274902 0.419946     0.110215
59324.780596 1.312512 0.432977     0.362464
59324.818207 1.350122 0.446007     0.601739
59324.855817 1.387732 0.459038     0.826493
59324.893427 1.425343 0.472068     1.035628
59324.931037 -1.423348 0.485099     1.228438
59324.968647 -1.385737 0.498129     1.404546
59325.006257 -1.348127 0.511160     1.563847
59325.043867 -1.310517 0.524191     1.706451
59325.081478 -1.272907 0.537221     1.832631
59325.119088 -1.235297 0.550252     1.942785
59325.156698 -1.197687 0.563282     2.037398
59325.194308 -1.160077 0.576313     2.117012
59325.231918 -1.122466 0.589344     2.182202
59325.269528 -1.084856 0.602374     2.233558
59325.307139 -1.047246 0.615405     2.271671
59325.344749 -1.009636 0.628435     2.297120
59325.382359 -0.972026 0.641466     2.310466
59325.419969 -0.934416 0.654496     2.312247
59325.457579 -0.896805 0.667527     2.302971
59325.495189 -0.859195 0.680558     2.283118
59325.532799 -0.821585 0.693588     2.253135
59325.570410 -0.783975 0.706619     2.213441
59325.608020 -0.746365 0.719649     2.164420
59325.645630 -0.708755 0.732680     2.106431
59325.683240 -0.671144 0.745710     2.039803
59325.720850 -0.633534 0.758741     1.964838
59325.758460 -0.595924 0.771772     1.881816
59325.796071 -0.558314 0.784802     1.790995
59325.833681 -0.520704 0.797833     1.692613
59325.871291 -0.483094 0.810863     1.586894
59325.908901 -0.445484 0.823894     1.474049
59325.946511 -0.407873 0.836924     1.354276
59325.984121 -0.370263 0.849955     1.227771
59326.021731 -0.332653 0.862986     1.094726
59326.059342 -0.295043 0.876016     0.955335
59326.096952 -0.257433 0.889047     0.809803
59326.134562 -0.219823 0.902077     0.658343
59326.172172 -0.182212 0.915108     0.501192
59326.209782 -0.144602 0.928138     0.338611
59326.247392 -0.106992 0.941169     0.170896
59326.285003 -0.069382 0.954200    -0.001611
59326.322613 -0.031772 0.967230    -0.178516
59326.360223 0.005838 0.980261    -0.359357
59326.397833 0.043448 0.993291    -0.543592
59326.435443 0.081059 0.006322    -0.730586
59326.473053 0.118669 0.019353    -0.919594
59326.510664 0.156279 0.032383    -1.109740
59326.548274 0.193889 0.045414    -1.300005
59326.585884 0.231499 0.058444    -1.489202
59326.623494 0.269109 0.071475    -1.675961
59326.661104 0.306720 0.084505    -1.858710
59326.698714 0.344330 0.097536    -2.035663
59326.736324 0.381940 0.110567    -2.204809
59326.773935 0.419550 0.123597    -2.363915
59326.811545 0.457160 0.136628    -2.510532
59326.849155 0.494770 0.149658    -2.642026
59326.886765 0.532380 0.162689    -2.755623
59326.924375 0.569991 0.175719    -2.848471
59326.961985 0.607601 0.188750    -2.917737
59326.999596 0.645211 0.201781    -2.960721
59327.037206 0.682821 0.214811    -2.974991
59327.074816 0.720431 0.227842    -2.958534
59327.112426 0.758041 0.240872    -2.909914
59327.150036 0.795652 0.253903    -2.828411
59327.187646 0.833262 0.266933    -2.714136
59327.225256 0.870872 0.279964    -2.568100
59327.262867 0.908482 0.292995    -2.392226
59327.300477 0.946092 0.306025    -2.189297
59327.338087 0.983702 0.319056    -1.962839
59327.375697 1.021313 0.332086    -1.716950
59327.413307 1.058923 0.345117    -1.456104
59327.450917 1.096533 0.358147    -1.184932
59327.488528 1.134143 0.371178    -0.908012
59327.526138 1.171753 0.384209    -0.629695
59327.563748 1.209363 0.397239    -0.353957
59327.601358 1.246973 0.410270    -0.084304
59327.638968 1.284584 0.423300     0.176285
59327.676578 1.322194 0.436331     0.425368
59327.714188 1.359804 0.449362     0.661034
59327.751799 1.397414 0.462392     0.881855
59327.789409 1.435024 0.475423     1.086841
59327.827019 -1.413666 0.488453     1.275376
59327.864629 -1.376056 0.501484     1.447159
59327.902239 -1.338446 0.514514     1.602144
59327.939849 -1.300836 0.527545     1.740488
59327.977460 -1.263225 0.540576     1.862500
59328.015070 -1.225615 0.553606     1.968605
59328.052680 -1.188005 0.566637     2.059303
59328.090290 -1.150395 0.579667     2.135148
59328.127900 -1.112785 0.592698     2.196721
59328.165510 -1.075175 0.605728     2.244612
59328.203121 -1.037564 0.618759     2.279410
59328.240731 -0.999954 0.631790     2.301690
59328.278341 -0.962344 0.644820     2.312009
59328.315951 -0.924734 0.657851     2.310896
59328.353561 -0.887124 0.670881     2.298853
59328.391171 -0.849514 0.683912     2.276351
59328.428781 -0.811904 0.696942     2.243829
59328.466392 -0.774293 0.709973     2.201699
59328.504002 -0.736683 0.723004     2.150336
59328.541612 -0.699073 0.736034     2.090093
59328.579222 -0.661463 0.749065     2.021291
59328.616832 -0.623853 0.762095     1.944226
59328.654442 -0.586243 0.775126     1.859172
59328.692053 -0.548632 0.788156     1.766383
59328.729663 -0.511022 0.801187     1.666092
59328.767273 -0.473412 0.814218     1.558519
59328.804883 -0.435802 0.827248     1.443871
59328.842493 -0.398192 0.840279     1.322347
59328.880103 -0.360582 0.853309     1.194140
59328.917713 -0.322972 0.866340     1.059442
59328.955324 -0.285361 0.879370     0.918451
59328.992934 -0.247751 0.892401     0.771372
59329.030544 -0.210141 0.905432     0.618423
59329.068154 -0.172531 0.918462     0.459848
59329.105764 -0.134921 0.931493     0.295915
59329.143374 -0.097311 0.944523     0.126933
59329.180985 -0.059700 0.957554    -0.046747
59329.218595 -0.022090 0.970585    -0.224712
59329.256205 0.015520 0.983615    -0.406482
59329.293815 0.053130 0.996646    -0.591492
59329.331425 0.090740 0.009676    -0.779081
59329.369035 0.128350 0.022707    -0.968471
59329.406645 0.165961 0.035737    -1.158751
59329.444256 0.203571 0.048768    -1.348862
59329.481866 0.241181 0.061799    -1.537570
59329.519476 0.278791 0.074829    -1.723455
59329.557086 0.316401 0.087860    -1.904892
59329.594696 0.354011 0.100890    -2.080036
59329.632306 0.391621 0.113921    -2.246820
59329.669917 0.429232 0.126951    -2.402953
59329.707527 0.466842 0.139982    -2.545935
59329.745137 0.504452 0.153013    -2.673092
59329.782747 0.542062 0.166043    -2.781621
59329.820357 0.579672 0.179074    -2.868667
59329.857967 0.617282 0.192104    -2.931417
59329.895578 0.654893 0.205135    -2.967228
59329.933188 0.692503 0.218165    -2.973760
59329.970798 0.730113 0.231196    -2.949135
59330.008408 0.767723 0.244227    -2.892088
59330.046018 0.805333 0.257257    -2.802102
59330.083628 0.842943 0.270288    -2.679518
59330.121238 0.880553 0.283318    -2.525581
59330.158849 0.918164 0.296349    -2.342445
59330.196459 0.955774 0.309379    -2.133096
59330.234069 0.993384 0.322410    -1.901225
59330.271679 1.030994 0.335441    -1.651048
59330.309289 1.068604 0.348471    -1.387100
59330.346899 1.106214 0.361502    -1.114017
59330.384510 1.143825 0.374532    -0.836335
59330.422120 1.181435 0.387563    -0.558319
59330.459730 1.219045 0.400594    -0.283832
59330.497340 1.256655 0.413624    -0.016250
59330.534950 1.294265 0.426655     0.241589
59330.572560 1.331875 0.439685     0.487381
59330.610170 1.369485 0.452716     0.719343
59330.647781 1.407096 0.465746     0.936167
59330.685391 -1.441595 0.478777     1.136963
59330.723001 -1.403984 0.491808     1.321203
59330.760611 -1.366374 0.504838     1.488657
59330.798221 -1.328764 0.517869     1.639337
59330.835831 -1.291154 0.530899     1.773442
59330.873442 -1.253544 0.543930     1.891315
59330.911052 -1.215934 0.556960     1.993403
59330.948662 -1.178324 0.569991     2.080224
59330.986272 -1.140713 0.583022     2.152339
59331.023882 -1.103103 0.596052     2.210333
59331.061492 -1.065493 0.609083     2.254797
59331.099102 -1.027883 0.622113     2.286319
59331.136713 -0.990273 0.635144     2.305468
59331.174323 -0.952663 0.648174     2.312795
59331.211933 -0.915052 0.661205     2.308821
59331.249543 -0.877442 0.674236     2.294042
59331.287153 -0.839832 0.687266     2.268920
59331.324763 -0.802222 0.700297     2.233887
59331.362374 -0.764612 0.713327     2.189345
59331.399984 -0.727002 0.726358     2.135664
59331.437594 -0.689391 0.739388     2.073188
59331.475204 -0.651781 0.752419     2.002231
59331.512814 -0.614171 0.765450     1.923084
59331.550424 -0.576561 0.778480     1.836016
59331.588035 -0.538951 0.791511     1.741274
59331.625645 -0.501341 0.804541     1.639088
59331.663255 -0.463731 0.817572     1.529674
59331.700865 -0.426120 0.830603     1.413238
59331.738475 -0.388510 0.843633     1.289975
59331.776085 -0.350900 0.856664     1.160079
59331.813695 -0.313290 0.869694     1.023742
59331.851306 -0.275680 0.882725     0.881163
59331.888916 -0.238070 0.895755     0.732551
59331.926526 -0.200459 0.908786     0.578131
59331.964136 -0.162849 0.921817     0.418149
59332.001746 -0.125239 0.934847     0.252885
59332.039356 -0.087629 0.947878     0.082658
59332.076967 -0.050019 0.960908    -0.092167
59332.114577 -0.012409 0.973939    -0.271160
59332.152187 0.025201 0.986969    -0.453822
59332.189797 0.062812 1.000000    -0.639564
59332.227407 0.100422 0.013031    -0.827695
59332.265017 0.138032 0.026061    -1.017407
59332.302627 0.175642 0.039092    -1.207752
59332.340238 0.213252 0.052122    -1.397626
59332.377848 0.250862 0.065153    -1.585751
59332.415458 0.288473 0.078183    -1.770655
59332.453068 0.326083 0.091214    -1.950658
59332.490678 0.363693 0.104245    -2.123857
59332.528288 0.401303 0.117275    -2.288126
59332.565899 0.438913 0.130306    -2.441121
59332.603509 0.476523 0.143336    -2.580291
59332.641119 0.514133 0.156367    -2.702924
59332.678729 0.551744 0.169397    -2.806196
59332.716339 0.589354 0.182428    -2.887252
59332.753949 0.626964 0.195459    -2.943311
59332.791559 0.664574 0.208489    -2.971792
59332.829170 0.702184 0.221520    -2.970461
59332.866780 0.739794 0.234550    -2.937583
59332.904390 0.777405 0.247581    -2.872074
59332.942000 0.815015 0.260612    -2.773629
59332.979610 0.852625 0.273642    -2.642817
59333.017220 0.890235 0.286673    -2.481123
59333.054831 0.927845 0.299703    -2.290923
59333.092441 0.965455 0.312734    -2.075399
59333.130051 1.003066 0.325764    -1.838396
59333.167661 1.040676 0.338795    -1.584234
59333.205271 1.078286 0.351826    -1.317492
59333.242881 1.115896 0.364856    -1.042799
59333.280492 1.153506 0.377887    -0.764637
59333.318102 1.191116 0.390917    -0.487179
59333.355712 1.228726 0.403948    -0.214168
59333.393322 1.266337 0.416978     0.051156
59333.430932 1.303947 0.430009     0.306092
59333.468542 1.341557 0.443040     0.548475
59333.506152 1.379167 0.456070     0.776647
59333.543763 1.416777 0.469101     0.989415
59333.581373 -1.431913 0.482131     1.185986
59333.618983 -1.394303 0.495162     1.365917
59333.656593 -1.356693 0.508192     1.529043
59333.694203 -1.319083 0.521223     1.675430
59333.731813 -1.281472 0.534254     1.805319
59333.769424 -1.243862 0.547284     1.919084
59333.807034 -1.206252 0.560315     2.017190
59333.844644 -1.168642 0.573345     2.100170
59333.882254 -1.131032 0.586376     2.168594
59333.919864 -1.093422 0.599406     2.223048
59333.957474 -1.055811 0.612437     2.264125
59333.995084 -1.018201 0.625468     2.292408
59334.032695 -0.980591 0.638498     2.308463
59334.070305 -0.942981 0.651529     2.312831
59334.107915 -0.905371 0.664559     2.306030
59334.145525 -0.867761 0.677590     2.288546
59334.183135 -0.830151 0.690621     2.260832
59334.220745 -0.792540 0.703651     2.223314
59334.258356 -0.754930 0.716682     2.176386
59334.295966 -0.717320 0.729712     2.120409
59334.333576 -0.679710 0.742743     2.055721
59334.371186 -0.642100 0.755773     1.982629
59334.408796 -0.604490 0.768804     1.901418
59334.446406 -0.566879 0.781835     1.812352
59334.484016 -0.529269 0.794865     1.715672
59334.521627 -0.491659 0.807896     1.611605
59334.559237 -0.454049 0.820926     1.500365
59334.596847 -0.416439 0.833957     1.382152
59334.634457 -0.378829 0.846987     1.257163
59334.672067 -0.341219 0.860018     1.125591
59334.709677 -0.303608 0.873049     0.987628
59334.747288 -0.265998 0.886079     0.843476
59334.784898 -0.228388 0.899110     0.693346
59334.822508 -0.190778 0.912140     0.537469
59334.860118 -0.153168 0.925171     0.376100
59334.897728 -0.115558 0.938201     0.209526
59334.935338 -0.077947 0.951232     0.038078
59334.972949 -0.040337 0.964263    -0.137863
59335.010559 -0.002727 0.977293    -0.317852
59335.048169 0.034883 0.990324    -0.501367
59335.085779 0.072493 0.003354    -0.687794
59335.123389 0.110103 0.016385    -0.876415
59335.160999 0.147714 0.029415    -1.066386
59335.198609 0.185324 0.042446    -1.256722
59335.236220 0.222934 0.055477    -1.446276
59335.273830 0.260544 0.068507    -1.633721
59335.311440 0.298154 0.081538    -1.817532
59335.349050 0.335764 0.094568    -1.995974
59335.386660 0.373374 0.107599    -2.167087
59335.424270 0.410985 0.120629    -2.328687
59335.461881 0.448595 0.133660    -2.478373
59335.499491 0.486205 0.146691    -2.613552
59335.537101 0.523815 0.159721    -2.731473
59335.574711 0.561425 0.172752    -2.829298
59335.612321 0.599035 0.185782    -2.904180
59335.649931 0.636646 0.198813    -2.953375
59335.687541 0.674256 0.211844    -2.974379
59335.725152 0.711866 0.224874    -2.965069
59335.762762 0.749476 0.237905    -2.923865
59335.800372 0.787086 0.250935    -2.849873
59335.837982 0.824696 0.263966    -2.743005
59335.875592 0.862306 0.276996    -2.604066
59335.913202 0.899917 0.290027    -2.434772
59335.950813 0.937527 0.303058    -2.237719
59335.988423 0.975137 0.316088    -2.016276
59336.026033 1.012747 0.329119    -1.774430
59336.063643 1.050357 0.342149    -1.516585
59336.101253 1.087967 0.355180    -1.247357
59336.138863 1.125578 0.368210    -0.971353
59336.176473 1.163188 0.381241    -0.692989
59336.214084 1.200798 0.394272    -0.416337
59336.251694 1.238408 0.407302    -0.145017
59336.289304 1.276018 0.420333     0.117870
59336.326914 1.313628 0.433363     0.369761
59336.364524 1.351238 0.446394     0.608624
59336.402134 1.388849 0.459424     0.832928
59336.439745 1.426459 0.472455     1.041587
59336.477355 -1.422231 0.485486     1.233905
59336.514965 -1.384621 0.498516     1.409516
59336.552575 -1.347011 0.511547     1.568319
59336.590185 -1.309401 0.524577     1.710430
59336.627795 -1.271791 0.537608     1.836128
59336.665406 -1.234181 0.550638     1.945814
59336.703016 -1.196571 0.563669     2.039974
59336.740626 -1.158960 0.576700     2.119152
59336.778236 -1.121350 0.589730     2.183923
59336.815846 -1.083740 0.602761     2.234877
59336.853456 -1.046130 0.615791     2.272606
59336.891066 -1.008520 0.628822     2.297688
59336.928677 -0.970910 0.641853     2.310683
59336.966287 -0.933299 0.654883     2.312128
59337.003897 -0.895689 0.667914     2.302532
59337.041507 -0.858079 0.680944     2.282372
59337.079117 -0.820469 0.693975     2.252095
59337.116727 -0.782859 0.707005     2.212118
59337.154338 -0.745249 0.720036     2.162827
59337.191948 -0.707638 0.733067     2.104577
59337.229558 -0.670028 0.746097     2.037697
59337.267168 -0.632418 0.759128     1.962489
59337.304778 -0.594808 0.772158     1.879232
59337.342388 -0.557198 0.785189     1.788183
59337.379998 -0.519588 0.798219     1.689580
59337.417609 -0.481978 0.811250     1.583647
59337.455219 -0.444367 0.824281     1.470593
59337.492829 -0.406757 0.837311     1.350618
59337.530439 -0.369147 0.850342     1.223916
59337.568049 -0.331537 0.863372     1.090679
59337.605659 -0.293927 0.876403     0.951104
59337.643270 -0.256317 0.889433     0.805392
59337.680880 -0.218706 0.902464     0.653760
59337.718490 -0.181096 0.915495     0.496444
59337.756100 -0.143486 0.928525     0.333706
59337.793710 -0.105876 0.941556     0.165844
59337.831320 -0.068266 0.954586    -0.006800
59337.868930 -0.030656 0.967617    -0.183829
59337.906541 0.006954 0.980647    -0.364778
59337.944151 0.044565 0.993678    -0.549105
59337.981761 0.082175 0.006709    -0.736170
59338.019371 0.119785 0.019739    -0.925225
59338.056981 0.157395 0.032770    -1.115390
59338.094591 0.195005 0.045800    -1.305641
59338.132202 0.232615 0.058831    -1.494787
59338.169812 0.270226 0.071862    -1.681450
59338.207422 0.307836 0.084892    -1.864054
59338.245032 0.345446 0.097923    -2.040806
59338.282642 0.383056 0.110953    -2.209687
59338.320252 0.420666 0.123984    -2.368458
59338.357863 0.458276 0.137014    -2.514665
59338.395473 0.495886 0.150045    -2.645669
59338.433083 0.533497 0.163076    -2.758691
59338.470693 0.571107 0.176106    -2.850880
59338.508303 0.608717 0.189137    -2.919404
59338.545913 0.646327 0.202167    -2.961569
59338.583523 0.683937 0.215198    -2.974953
59338.621134 0.721547 0.228228    -2.957560
59338.658744 0.759158 0.241259    -2.907971
59338.696354 0.796768 0.254290    -2.825489
59338.733964 0.834378 0.267320    -2.710252
59338.771574 0.871988 0.280351    -2.563298
59338.809184 0.909598 0.293381    -2.386577
59338.846795 0.947208 0.306412    -2.182896
59338.884405 0.984819 0.319442    -1.955800
59338.922015 1.022429 0.332473    -1.709402
59338.959625 1.060039 0.345504    -1.448183
59338.997235 1.097649 0.358534    -1.176774
59339.034845 1.135259 0.371565    -0.899752
59339.072455 1.172869 0.384595    -0.621456
59339.110066 1.210479 0.397626    -0.345851
59339.147676 1.248090 0.410656    -0.076426
59339.185286 1.285700 0.423687     0.183853
59339.222896 1.323310 0.436718     0.432564
59339.260506 1.360920 0.449748     0.667807
59339.298116 1.398530 0.462779     0.888171
59339.335727 1.436140 0.475809     1.092675
59339.373337 -1.412550 0.488840     1.280716
59339.410947 -1.374940 0.501871     1.452000
59339.448557 -1.337330 0.514901     1.606488
59339.486167 -1.299719 0.527932     1.744342
59339.523777 -1.262109 0.540962     1.865876
59339.561387 -1.224499 0.553993     1.971516
59339.598998 -1.186889 0.567023     2.061765
59339.636608 -1.149279 0.580054     2.137178
59339.674218 -1.111669 0.593085     2.198336
59339.711828 -1.074058 0.606115     2.245830
59339.749438 -1.036448 0.619146     2.280248
59339.787048 -0.998838 0.632176     2.302166
59339.824659 -0.961228 0.645207     2.312138
59339.862269 -0.923618 0.658237     2.310694
59339.899879 -0.886008 0.671268     2.298333
59339.937489 -0.848398 0.684299     2.275528
59339.975099 -0.810787 0.697329     2.242716
59340.012709 -0.773177 0.710360     2.200305
59340.050320 -0.735567 0.723390     2.148675
59340.087930 -0.697957 0.736421     2.088173
59340.125540 -0.660347 0.749451     2.019121
59340.163150 -0.622737 0.762482     1.941815
59340.200760 -0.585126 0.775513     1.856529
59340.238370 -0.547516 0.788543     1.763513
59340.275980 -0.509906 0.801574     1.663003
59340.313591 -0.472296 0.814604     1.555217
59340.351201 -0.434686 0.827635     1.440363
59340.388811 -0.397076 0.840665     1.318637
59340.426421 -0.359466 0.853696     1.190235
59340.464031 -0.321855 0.866727     1.055348
59340.501641 -0.284245 0.879757     0.914173
59340.539252 -0.246635 0.892788     0.766916
59340.576862 -0.209025 0.905818     0.613797
59340.614472 -0.171415 0.918849     0.455059
59340.652082 -0.133805 0.931880     0.290972
59340.689692 -0.096194 0.944910     0.121844
59340.727302 -0.058584 0.957941    -0.051969
59340.764912 -0.020974 0.970971    -0.230054
59340.802523 0.016636 0.984002    -0.411928
59340.840133 0.054246 0.997032    -0.597025
59340.877743 0.091856 0.010063    -0.784679
59340.915353 0.129467 0.023094    -0.974109
59340.952963 0.167077 0.036124    -1.164401
59340.990573 0.204687 0.049155    -1.354489
59341.028184 0.242297 0.062185    -1.543134
59341.065794 0.279907 0.075216    -1.728912
59341.103404 0.317517 0.088246    -1.910190
59341.141014 0.355127 0.101277    -2.085117
59341.178624 0.392738 0.114308    -2.251619
59341.216234 0.430348 0.127338    -2.407398
59341.253844 0.467958 0.140369    -2.549950
59341.291455 0.505568 0.153399    -2.676595
59341.329065 0.543178 0.166430    -2.784528
59341.366675 0.580788 0.179460    -2.870892
59341.404285 0.618399 0.192491    -2.932881
59341.441895 0.656009 0.205522    -2.967854
59341.479505 0.693619 0.218552    -2.973486
59341.517116 0.731229 0.231583    -2.947913
59341.554726 0.768839 0.244613    -2.889892
59341.592336 0.806449 0.257644    -2.798930
59341.629946 0.844059 0.270674    -2.675392
59341.667556 0.881670 0.283705    -2.520554
59341.705166 0.919280 0.296736    -2.336593
59341.742777 0.956890 0.309766    -2.126519
59341.780387 0.994500 0.322797    -1.894042
59341.817997 1.032110 0.335827    -1.643391
59341.855607 1.069720 0.348858    -1.379105
59341.893217 1.107331 0.361889    -1.105821
59341.930827 1.144941 0.374919    -0.828069
59341.968437 1.182551 0.387950    -0.550104
59342.006048 1.220161 0.400980    -0.275777
59342.043658 1.257771 0.414011    -0.008445
59342.081268 1.295381 0.427041     0.249066
59342.118878 1.332991 0.440072     0.494472
59342.156488 1.370602 0.453103     0.726001
59342.194098 1.408212 0.466133     0.942360
59342.231709 -1.440478 0.479164     1.142671
59342.269319 -1.402868 0.492194     1.326415
59342.306929 -1.365258 0.505225     1.493370
59342.344539 -1.327648 0.518255     1.643554
59342.382149 -1.290038 0.531286     1.777171
59342.419759 -1.252428 0.544317     1.894570
59342.457369 -1.214818 0.557347     1.996197
59342.494980 -1.177207 0.570378     2.082573
59342.532590 -1.139597 0.583408     2.154260
59342.570200 -1.101987 0.596439     2.211844
59342.607810 -1.064377 0.609469     2.255916
59342.645420 -1.026767 0.622500     2.287062
59342.683030 -0.989157 0.635531     2.305853
59342.720641 -0.951546 0.648561     2.312837
59342.758251 -0.913936 0.661592     2.308536
59342.795861 -0.876326 0.674622     2.293443
59342.833471 -0.838716 0.687653     2.268021
59342.871081 -0.801106 0.700683     2.232700
59342.908691 -0.763496 0.713714     2.187881
59342.946301 -0.725886 0.726745     2.133935
59342.983912 -0.688275 0.739775     2.071203
59343.021522 -0.650665 0.752806     1.999999
59343.059132 -0.613055 0.765836     1.920613
59343.096742 -0.575445 0.778867     1.833314
59343.134352 -0.537835 0.791897     1.738347
59343.171962 -0.500225 0.804928     1.635944
59343.209573 -0.462614 0.817959     1.526319
59343.247183 -0.425004 0.830989     1.409677
59343.284793 -0.387394 0.844020     1.286215
59343.322403 -0.349784 0.857050     1.156124
59343.360013 -0.312174 0.870081     1.019600
59343.397623 -0.274564 0.883112     0.876839
59343.435234 -0.236953 0.896142     0.728051
59343.472844 -0.199343 0.909173     0.573462
59343.510454 -0.161733 0.922203     0.413319
59343.548064 -0.124123 0.935234     0.247903
59343.585674 -0.086513 0.948264     0.077534
59343.623284 -0.048903 0.961295    -0.097421
59343.660894 -0.011293 0.974326    -0.276531
59343.698505 0.026318 0.987356    -0.459293
59343.736115 0.063928 0.000387    -0.645116
59343.773725 0.101538 0.013417    -0.833307
59343.811335 0.139148 0.026448    -1.023052
59343.848945 0.176758 0.039478    -1.213399
59343.886555 0.214368 0.052509    -1.403241
59343.924166 0.251979 0.065540    -1.591293
59343.961776 0.289589 0.078570    -1.776077
59343.999386 0.327199 0.091601    -1.955906
59344.036996 0.364809 0.104631    -2.128871
59344.074606 0.402419 0.117662    -2.292841
59344.112216 0.440029 0.130692    -2.445463
59344.149826 0.477639 0.143723    -2.584182
59344.187437 0.515250 0.156754    -2.706282
59344.225047 0.552860 0.169784    -2.808935
59344.262657 0.590470 0.182815    -2.889289
59344.300267 0.628080 0.195845    -2.944565
59344.337877 0.665690 0.208876    -2.972192
59344.375487 0.703300 0.221906    -2.969947
59344.413098 0.740911 0.234937    -2.936113
59344.450708 0.778521 0.247968    -2.869626
59344.488318 0.816131 0.260998    -2.770207
59344.525928 0.853741 0.274029    -2.638454
59344.563538 0.891351 0.287059    -2.475875
59344.601148 0.928961 0.300090    -2.284874
59344.638758 0.966571 0.313121    -2.068654
59344.676369 1.004182 0.326151    -1.831079
59344.713979 1.041792 0.339182    -1.576476
59344.751589 1.079402 0.352212    -1.309431
59344.789199 1.117012 0.365243    -1.034572
59344.826809 1.154622 0.378273    -0.756373
59344.864419 1.192232 0.391304    -0.478996
59344.902030 1.229843 0.404335    -0.206169
59344.939640 1.267453 0.417365     0.058883
59344.977250 1.305063 0.430396     0.313475
59345.014860 1.342673 0.443426     0.555458
59345.052470 1.380283 0.456457     0.783188
59345.090080 1.417893 0.469487     0.995484
59345.127691 -1.430797 0.482518     1.191567
59345.165301 -1.393187 0.495549     1.371000
59345.202911 -1.355577 0.508579     1.533628
59345.240521 -1.317966 0.521610     1.679521
59345.278131 -1.280356 0.534640     1.808926
59345.315741 -1.242746 0.547671     1.922218
59345.353351 -1.205136 0.560701     2.019868
59345.390962 -1.167526 0.573732     2.102408
59345.428572 -1.129916 0.586763     2.170408
59345.466182 -1.092305 0.599793     2.224457
59345.503792 -1.054695 0.612824     2.265146
59345.541402 -1.017085 0.625854     2.293058
59345.579012 -0.979475 0.638885     2.308758
59345.616623 -0.941865 0.651915     2.312788
59345.654233 -0.904255 0.664946     2.305663
59345.691843 -0.866645 0.677977     2.287868
59345.729453 -0.829034 0.691007     2.259858
59345.767063 -0.791424 0.704038     2.222055
59345.804673 -0.753814 0.717068     2.174853
59345.842283 -0.716204 0.730099     2.118613
59345.879894 -0.678594 0.743130     2.053671
59345.917504 -0.640984 0.756160     1.980334
59345.955114 -0.603373 0.769191     1.898887
59345.992724 -0.565763 0.782221     1.809591
59346.030334 -0.528153 0.795252     1.712689
59346.067944 -0.490543 0.808282     1.608406
59346.105555 -0.452933 0.821313     1.496956
59346.143165 -0.415323 0.834344     1.378540
59346.180775 -0.377713 0.847374     1.253353
59346.218385 -0.340102 0.860405     1.121587
59346.255995 -0.302492 0.873435     0.983438
59346.293605 -0.264882 0.886466     0.839106
59346.331215 -0.227272 0.899496     0.688802
59346.368826 -0.189662 0.912527     0.532758
59346.406436 -0.152052 0.925558     0.371230
59346.444046 -0.114441 0.938588     0.204507
59346.481656 -0.076831 0.951619     0.032919
59346.519266 -0.039221 0.964649    -0.143149
59346.556876 -0.001611 0.977680    -0.323250
59346.594487 0.035999 0.990710    -0.506860
59346.632097 0.073609 0.003741    -0.693364
59346.669707 0.111219 0.016772    -0.882038
59346.707317 0.148830 0.029802    -1.072035
59346.744927 0.186440 0.042833    -1.262365
59346.782537 0.224050 0.055863    -1.451876
59346.820148 0.261660 0.068894    -1.639236
59346.857758 0.299270 0.081924    -1.822914
59346.895368 0.336880 0.094955    -2.001168
59346.932978 0.374491 0.107986    -2.172031
59346.970588 0.412101 0.121016    -2.333313
59347.008198 0.449711 0.134047    -2.482607
59347.045808 0.487321 0.147077    -2.617313
59347.083419 0.524931 0.160108    -2.734680
59347.121029 0.562541 0.173139    -2.831865
59347.158639 0.600152 0.186169    -2.906023
59347.196249 0.637762 0.199200    -2.954416
59347.233859 0.675372 0.212230    -2.974548
59347.271469 0.712982 0.225261    -2.964312
59347.309080 0.750592 0.238291    -2.922144
59347.346690 0.788202 0.251322    -2.847173
59347.384300 0.825812 0.264353    -2.739338
59347.421910 0.863423 0.277383    -2.599468
59347.459520 0.901033 0.290414    -2.429309
59347.497130 0.938643 0.303444    -2.231480
59347.534740 0.976253 0.316475    -2.009372
59347.572351 1.013863 0.329505    -1.766985
59347.609961 1.051473 0.342536    -1.508736
59347.647571 1.089084 0.355567    -1.239241
59347.685181 1.126694 0.368597    -0.963105
59347.722791 1.164304 0.381628    -0.684735
59347.760401 1.201914 0.394658    -0.408192
59347.798012 1.239524 0.407689    -0.137079
59347.835622 1.277134 0.420719     0.125515
59347.873232 1.314744 0.433750     0.377046
59347.910842 1.352355 0.446781     0.615497
59347.948452 1.389965 0.459811     0.839350
59347.986062 1.427575 0.472842     1.047532
59348.023672 -1.421115 0.485872     1.239359
59348.061283 -1.383505 0.498903     1.414470
59348.098893 -1.345895 0.511933     1.572776
59348.136503 -1.308285 0.524964     1.714395
59348.174113 -1.270675 0.537995     1.839612
59348.211723 -1.233065 0.551025     1.948829
59348.249333 -1.195454 0.564056     2.042537
59348.286944 -1.157844 0.577086     2.121278
59348.324554 -1.120234 0.590117     2.185631
59348.362164 -1.082624 0.603148     2.236184
59348.399774 -1.045014 0.616178     2.273529
59348.437384 -1.007404 0.629209     2.298245
59348.474994 -0.969793 0.642239     2.310890
59348.512605 -0.932183 0.655270     2.312000
59348.550215 -0.894573 0.668300     2.302083
59348.587825 -0.856963 0.681331     2.281617
59348.625435 -0.819353 0.694362     2.251047
59348.663045 -0.781743 0.707392     2.210788
59348.700655 -0.744133 0.720423     2.161226
59348.738265 -0.706522 0.733453     2.102715
59348.775876 -0.668912 0.746484     2.035583
59348.813486 -0.631302 0.759514     1.960132
59348.851096 -0.593692 0.772545     1.876640
59348.888706 -0.556082 0.785576     1.785364
59348.926316 -0.518472 0.798606     1.686541
59348.963926 -0.480861 0.811637     1.580394
59349.001537 -0.443251 0.824667     1.467131
59349.039147 -0.405641 0.837698     1.346953
59349.076757 -0.368031 0.850728     1.220055
59349.114367 -0.330421 0.863759     1.086627
59349.151977 -0.292811 0.876790     0.946867
59349.189587 -0.255200 0.889820     0.800976
59349.227197 -0.217590 0.902851     0.649172
59349.264808 -0.179980 0.915881     0.491691
59349.302418 -0.142370 0.928912     0.328796
59349.340028 -0.104760 0.941942     0.160787
59349.377638 -0.067150 0.954973    -0.011993
59349.415248 -0.029540 0.968004    -0.189145
59349.452858 0.008071 0.981034    -0.370203
59349.490469 0.045681 0.994065    -0.554620
59349.528079 0.083291 0.007095    -0.741756
59349.565689 0.120901 0.020126    -0.930857
59349.603299 0.158511 0.033156    -1.121041
59349.640909 0.196121 0.046187    -1.311277
59349.678519 0.233732 0.059218    -1.500369
59349.716129 0.271342 0.072248    -1.686936
59349.753740 0.308952 0.085279    -1.869393
59349.791350 0.346562 0.098309    -2.045941
59349.828960 0.384172 0.111340    -2.214556
59349.866570 0.421782 0.124371    -2.372991
59349.904180 0.459392 0.137401    -2.518785
59349.941790 0.497003 0.150432    -2.649296
59349.979401 0.534613 0.163462    -2.761741
59350.017011 0.572223 0.176493    -2.853268
59350.054621 0.609833 0.189523    -2.921048
59350.092231 0.647443 0.202554    -2.962392
59350.129841 0.685053 0.215585    -2.974889
59350.167451 0.722664 0.228615    -2.956557
59350.205062 0.760274 0.241646    -2.905998
59350.242672 0.797884 0.254676    -2.822538
59350.280282 0.835494 0.267707    -2.706340
59350.317892 0.873104 0.280737    -2.558470
59350.355502 0.910714 0.293768    -2.380905
59350.393112 0.948324 0.306799    -2.176475
59350.430722 0.985935 0.319829    -1.948744
59350.468333 1.023545 0.332860    -1.701840
59350.505943 1.061155 0.345890    -1.440252
59350.543553 1.098765 0.358921    -1.168612
59350.581163 1.136375 0.371951    -0.891491
59350.618773 1.173985 0.384982    -0.613220
59350.656383 1.211596 0.398013    -0.337750
59350.693994 1.249206 0.411043    -0.068557
59350.731604 1.286816 0.424074     0.191411
59350.769214 1.324426 0.437104     0.439747
59350.806824 1.362036 0.450135     0.674567
59350.844434 1.399646 0.463165     0.894472
59350.882044 1.437257 0.476196     1.098495
59350.919654 -1.411434 0.489227     1.286041
59350.957265 -1.373824 0.502257     1.456826
59350.994875 -1.336213 0.515288     1.610817
59351.032485 -1.298603 0.528318     1.748182
59351.070095 -1.260993 0.541349     1.869237
59351.107705 -1.223383 0.554380     1.974413
59351.145315 -1.185773 0.567410     2.064214
59351.182926 -1.148163 0.580441     2.139196
59351.220536 -1.110552 0.593471     2.199939
59351.258146 -1.072942 0.606502     2.247037
59351.295756 -1.035332 0.619532     2.281076
59351.333366 -0.997722 0.632563     2.302631
59351.370976 -0.960112 0.645594     2.312257
59351.408586 -0.922502 0.658624     2.310482
59351.446197 -0.884892 0.671655     2.297805
59351.483807 -0.847281 0.684685     2.274696
59351.521417 -0.809671 0.697716     2.241593
59351.559027 -0.772061 0.710746     2.198904
59351.596637 -0.734451 0.723777     2.147005
59351.634247 -0.696841 0.736808     2.086245
59351.671858 -0.659231 0.749838     2.016944
59351.709468 -0.621620 0.762869     1.939398
59351.747078 -0.584010 0.775899     1.853878
59351.784688 -0.546400 0.788930     1.760637
59351.822298 -0.508790 0.801960     1.659908
59351.859908 -0.471180 0.814991     1.551910
59351.897519 -0.433570 0.828022     1.436848
59351.935129 -0.395960 0.841052     1.314922
59351.972739 -0.358349 0.854083     1.186324
59352.010349 -0.320739 0.867113     1.051248
59352.047959 -0.283129 0.880144     0.909889
59352.085569 -0.245519 0.893174     0.762455
59352.123179 -0.207909 0.906205     0.609166
59352.160790 -0.170299 0.919236     0.450265
59352.198400 -0.132688 0.932266     0.286023
59352.236010 -0.095078 0.945297     0.116751
59352.273620 -0.057468 0.958327    -0.057194
59352.311230 -0.019858 0.971358    -0.235399
59352.348840 0.017752 0.984389    -0.417378
59352.386451 0.055362 0.997419    -0.602561
59352.424061 0.092972 0.010450    -0.790280
59352.461671 0.130583 0.023480    -0.979749
59352.499281 0.168193 0.036511    -1.170051
59352.536891 0.205803 0.049541    -1.360114
59352.574501 0.243413 0.062572    -1.548696
59352.612111 0.281023 0.075603    -1.734365
59352.649722 0.318633 0.088633    -1.915482
59352.687332 0.356244 0.101664    -2.090191
59352.724942 0.393854 0.114694    -2.256408
59352.762552 0.431464 0.127725    -2.411832
59352.800162 0.469074 0.140755    -2.553951
59352.837772 0.506684 0.153786    -2.680082
59352.875383 0.544294 0.166817    -2.787416
59352.912993 0.581905 0.179847    -2.873097
59352.950603 0.619515 0.192878    -2.934320
59352.988213 0.657125 0.205908    -2.968454
59353.025823 0.694735 0.218939    -2.973184
59353.063433 0.732345 0.231969    -2.946663
59353.101043 0.769955 0.245000    -2.887667
59353.138654 0.807565 0.258031    -2.795729
59353.176264 0.845176 0.271061    -2.671239
59353.213874 0.882786 0.284092    -2.515501
59353.251484 0.920396 0.297122    -2.330717
59353.289094 0.958006 0.310153    -2.119923
59353.326704 0.995616 0.323183    -1.886843
59353.364315 1.033226 0.336214    -1.635721
59353.401925 1.070837 0.349245    -1.371101
59353.439535 1.108447 0.362275    -1.097620
59353.477145 1.146057 0.375306    -0.819802
59353.514755 1.183667 0.388336    -0.541893
59353.552365 1.221277 0.401367    -0.267727
59353.589976 1.258887 0.414398    -0.000649
59353.627586 1.296497 0.427428     0.256534
59353.665196 1.334108 0.440459     0.501550
59353.702806 1.371718 0.453489     0.732646
59353.740416 1.409328 0.466520     0.948539
59353.778026 -1.439362 0.479550     1.148364
59353.815636 -1.401752 0.492581     1.331612
59353.853247 -1.364142 0.505612     1.498068
59353.890857 -1.326532 0.518642     1.647756
59353.928467 -1.288922 0.531673     1.780887
59353.966077 -1.251312 0.544703     1.897810
59354.003687 -1.213701 0.557734     1.998977
59354.041297 -1.176091 0.570764     2.084909
59354.078908 -1.138481 0.583795     2.156169
59354.116518 -1.100871 0.596826     2.213344
59354.154128 -1.063261 0.609856     2.257024
59354.191738 -1.025651 0.622887     2.287795
59354.229348 -0.988040 0.635917     2.306228
59354.266958 -0.950430 0.648948     2.312869
59354.304568 -0.912820 0.661978     2.308241
59354.342179 -0.875210 0.675009     2.292835
59354.379789 -0.837600 0.688040     2.267113
59354.417399 -0.799990 0.701070     2.231505
59354.455009 -0.762380 0.714101     2.186410
59354.492619 -0.724769 0.727131     2.132198
59354.530229 -0.687159 0.740162     2.069210
59354.567840 -0.649549 0.753192     1.997759
59354.605450 -0.611939 0.766223     1.918135
59354.643060 -0.574329 0.779254     1.830605
59354.680670 -0.536719 0.792284     1.735414
59354.718280 -0.499108 0.805315     1.632794
59354.755890 -0.461498 0.818345     1.522958
59354.793500 -0.423888 0.831376     1.406110
59354.831111 -0.386278 0.844407     1.282448
59354.868721 -0.348668 0.857437     1.152164
59354.906331 -0.311058 0.870468     1.015452
59354.943941 -0.273447 0.883498     0.872509
59354.981551 -0.235837 0.896529     0.723546
59355.019161 -0.198227 0.909559     0.568788
59355.056772 -0.160617 0.922590     0.408485
59355.094382 -0.123007 0.935621     0.242917
59355.131992 -0.085397 0.948651     0.072406
59355.169602 -0.047787 0.961682    -0.102679
59355.207212 -0.010176 0.974712    -0.281905
59355.244822 0.027434 0.987743    -0.464766
59355.282433 0.065044 0.000773    -0.650670
59355.320043 0.102654 0.013804    -0.838920
59355.357653 0.140264 0.026835    -1.028697
59355.395263 0.177874 0.039865    -1.219046
59355.432873 0.215485 0.052896    -1.408854
59355.470483 0.253095 0.065926    -1.596832
59355.508093 0.290705 0.078957    -1.781494
59355.545704 0.328315 0.091987    -1.961147
59355.583314 0.365925 0.105018    -2.133878
59355.620924 0.403535 0.118049    -2.297546
59355.658534 0.441145 0.131079    -2.449793
59355.696144 0.478756 0.144110    -2.588059
59355.733754 0.516366 0.157140    -2.709622
59355.771365 0.553976 0.170171    -2.811655
59355.808975 0.591586 0.183201    -2.891304
59355.846585 0.629196 0.196232    -2.945795
59355.884195 0.666806 0.209263    -2.972565
59355.921805 0.704417 0.222293    -2.969405
59355.959415 0.742027 0.235324    -2.934613
59355.997025 0.779637 0.248354    -2.867149
59356.034636 0.817247 0.261385    -2.766758
59356.072246 0.854857 0.274415    -2.634063
59356.109856 0.892467 0.287446    -2.470602
59356.147466 0.930077 0.300477    -2.278803
59356.185076 0.967688 0.313507    -2.061891
59356.222686 1.005298 0.326538    -1.823746
59356.260297 1.042908 0.339568    -1.568707
59356.297907 1.080518 0.352599    -1.301364
59356.335517 1.118128 0.365630    -1.026343
59356.373127 1.155738 0.378660    -0.748110
59356.410737 1.193349 0.391691    -0.470816
59356.448347 1.230959 0.404721    -0.198177
59356.485957 1.268569 0.417752     0.066601
59356.523568 1.306179 0.430782     0.320847
59356.561178 1.343789 0.443813     0.562428
59356.598788 1.381399 0.456844     0.789715
59356.636398 1.419010 0.469874     1.001540
59356.674008 -1.429681 0.482905     1.197133
59356.711618 -1.392071 0.495935     1.376068
59356.749229 -1.354460 0.508966     1.538197
59356.786839 -1.316850 0.521996     1.683597
59356.824449 -1.279240 0.535027     1.812518
59356.862059 -1.241630 0.548058     1.925339
59356.899669 -1.204020 0.561088     2.022532
59356.937279 -1.166410 0.574119     2.104632
59356.974890 -1.128799 0.587149     2.172210
59357.012500 -1.091189 0.600180     2.225854
59357.050110 -1.053579 0.613210     2.266156
59357.087720 -1.015969 0.626241     2.293697
59357.125330 -0.978359 0.639272     2.309043
59357.162940 -0.940749 0.652302     2.312735
59357.200550 -0.903139 0.665333     2.305286
59357.238161 -0.865528 0.678363     2.287182
59357.275771 -0.827918 0.691394     2.258875
59357.313381 -0.790308 0.704424     2.220788
59357.350991 -0.752698 0.717455     2.173312
59357.388601 -0.715088 0.730486     2.116810
59357.426211 -0.677478 0.743516     2.051614
59357.463822 -0.639867 0.756547     1.978033
59357.501432 -0.602257 0.769577     1.896349
59357.539042 -0.564647 0.782608     1.806824
59357.576652 -0.527037 0.795639     1.709699
59357.614262 -0.489427 0.808669     1.605201
59357.651872 -0.451817 0.821700     1.493541
59357.689482 -0.414207 0.834730     1.374921
59357.727093 -0.376596 0.847761     1.249536
59357.764703 -0.338986 0.860791     1.117579
59357.802313 -0.301376 0.873822     0.979243
59357.839923 -0.263766 0.886853     0.834730
59357.877533 -0.226156 0.899883     0.684252
59357.915143 -0.188546 0.912914     0.528042
59357.952754 -0.150935 0.925944     0.366355
59357.990364 -0.113325 0.938975     0.199483
59358.027974 -0.075715 0.952005     0.027756
59358.065584 -0.038105 0.965036    -0.148438
59358.103194 -0.000495 0.978067    -0.328652
59358.140804 0.037115 0.991097    -0.512357
59358.178414 0.074725 0.004128    -0.698936
59358.216025 0.112336 0.017158    -0.887662
59358.253635 0.149946 0.030189    -1.077684
59358.291245 0.187556 0.043219    -1.268007
59358.328855 0.225166 0.056250    -1.457474
59358.366465 0.262776 0.069281    -1.644748
59358.404075 0.300386 0.082311    -1.828292
59358.441686 0.337997 0.095342    -2.006355
59358.479296 0.375607 0.108372    -2.176966
59358.516906 0.413217 0.121403    -2.337928
59358.554516 0.450827 0.134433    -2.486828
59358.592126 0.488437 0.147464    -2.621060
59358.629736 0.526047 0.160495    -2.737869
59358.667347 0.563658 0.173525    -2.834411
59358.704957 0.601268 0.186556    -2.907843
59358.742567 0.638878 0.199586    -2.955432
59358.780177 0.676488 0.212617    -2.974691
59358.817787 0.714098 0.225648    -2.963526
59358.855397 0.751708 0.238678    -2.920394
59358.893007 0.789318 0.251709    -2.844444
59358.930618 0.826929 0.264739    -2.735641
59358.968228 0.864539 0.277770    -2.594843
59359.005838 0.902149 0.290800    -2.423822
59359.043448 0.939759 0.303831    -2.225220
59359.081058 0.977369 0.316862    -2.002450
59359.118668 1.014979 0.329892    -1.759527
59359.156279 1.052590 0.342923    -1.500878
59359.193889 1.090200 0.355953    -1.231119
59359.231499 1.127810 0.368984    -0.954855
59359.269109 1.165420 0.382014    -0.676483
59359.306719 1.203030 0.395045    -0.400051
59359.344329 1.240640 0.408076    -0.129150
59359.381939 1.278250 0.421106     0.133150
59359.419550 1.315861 0.434137     0.384319
59359.457160 1.353471 0.447167     0.622357
59359.494770 1.391081 0.460198     0.845758
59359.532380 1.428691 0.473228     1.053463
59359.569990 -1.419999 0.486259     1.244797
59359.607600 -1.382389 0.499290     1.419410
59359.645211 -1.344779 0.512320     1.577218
59359.682821 -1.307169 0.525351     1.718346
59359.720431 -1.269559 0.538381     1.843081
59359.758041 -1.231948 0.551412     1.951831
59359.795651 -1.194338 0.564442     2.045086
59359.833261 -1.156728 0.577473     2.123392
59359.870871 -1.119118 0.590504     2.187327
59359.908482 -1.081508 0.603534     2.237480
59359.946092 -1.043898 0.616565     2.274442
59359.983702 -1.006287 0.629595     2.298791
59360.021312 -0.968677 0.642626     2.311086
59360.058922 -0.931067 0.655657     2.311862
59360.096532 -0.893457 0.668687     2.301626
59360.134143 -0.855847 0.681718     2.280853
59360.171753 -0.818237 0.694748     2.249989
59360.209363 -0.780627 0.707779     2.209449
59360.246973 -0.743016 0.720809     2.159616
59360.284583 -0.705406 0.733840     2.100845
59360.322193 -0.667796 0.746871     2.033462
59360.359804 -0.630186 0.759901     1.957769
59360.397414 -0.592576 0.772932     1.874043
59360.435024 -0.554966 0.785962     1.782539
59360.472634 -0.517355 0.798993     1.683495
59360.510244 -0.479745 0.812023     1.577134
59360.547854 -0.442135 0.825054     1.463663
59360.585464 -0.404525 0.838085     1.343283
59360.623075 -0.366915 0.851115     1.216188
59360.660685 -0.329305 0.864146     1.082570
59360.698295 -0.291694 0.877176     0.942625
59360.735905 -0.254084 0.890207     0.796555
59360.773515 -0.216474 0.903237     0.644579
59360.811125 -0.178864 0.916268     0.486933
59360.848736 -0.141254 0.929299     0.323882
59360.886346 -0.103644 0.942329     0.155727
59360.923956 -0.066034 0.955360    -0.017189
59360.961566 -0.028423 0.968390    -0.194464
59360.999176 0.009187 0.981421    -0.375630
59361.036786 0.046797 0.994451    -0.560138
59361.074396 0.084407 0.007482    -0.747344
59361.112007 0.122017 0.020513    -0.936490
59361.149617 0.159627 0.033543    -1.126691
59361.187227 0.197238 0.046574    -1.316911
59361.224837 0.234848 0.059604    -1.505950
59361.262447 0.272458 0.072635    -1.692418
59361.300057 0.310068 0.085666    -1.874727
59361.337668 0.347678 0.098696    -2.051070
59361.375278 0.385288 0.111727    -2.219416
59361.412888 0.422898 0.124757    -2.377512
59361.450498 0.460509 0.137788    -2.522892
59361.488108 0.498119 0.150818    -2.652907
59361.525718 0.535729 0.163849    -2.764772
59361.563328 0.573339 0.176880    -2.855635
59361.600939 0.610949 0.189910    -2.922668
59361.638549 0.648559 0.202941    -2.963189
59361.676159 0.686170 0.215971    -2.974797
59361.713769 0.723780 0.229002    -2.955526
59361.751379 0.761390 0.242032    -2.903996
59361.788989 0.799000 0.255063    -2.819558
59361.826600 0.836610 0.268094    -2.702400
59361.864210 0.874220 0.281124    -2.553616
59361.901820 0.911830 0.294155    -2.375209
59361.939430 0.949441 0.307185    -2.170033
59361.977040 0.987051 0.320216    -1.941671
59362.014650 1.024661 0.333246    -1.694266
59362.052261 1.062271 0.346277    -1.432312
59362.089871 1.099881 0.359308    -1.160444
59362.127481 1.137491 0.372338    -0.883228
59362.165091 1.175102 0.385369    -0.604986
59362.202701 1.212712 0.398399    -0.329655
59362.240311 1.250322 0.411430    -0.060696
59362.277921 1.287932 0.424460     0.198959
59362.315532 1.325542 0.437491     0.446918
59362.353142 1.363152 0.450522     0.681313
59362.390752 1.400763 0.463552     0.900759
59362.428362 1.438373 0.476583     1.104300
59362.465972 -1.410318 0.489613     1.291352
59362.503582 -1.372707 0.502644     1.461637
59362.541193 -1.335097 0.515674     1.615132
59362.578803 -1.297487 0.528705     1.752007
59362.616413 -1.259877 0.541736     1.872585
59362.654023 -1.222267 0.554766     1.977297
59362.691633 -1.184657 0.567797     2.066650
59362.729243 -1.147046 0.580827     2.141200
59362.766853 -1.109436 0.593858     2.201531
59362.804464 -1.071826 0.606889     2.248232
59362.842074 -1.034216 0.619919     2.281892
59362.879684 -0.996606 0.632950     2.303086
59362.917294 -0.958996 0.645980     2.312366
59362.954904 -0.921386 0.659011     2.310260
59362.992514 -0.883775 0.672041     2.297267
59363.030125 -0.846165 0.685072     2.273855
59363.067735 -0.808555 0.698103     2.240462
59363.105345 -0.770945 0.711133     2.197495
59363.142955 -0.733335 0.724164     2.145328
59363.180565 -0.695725 0.737194     2.084310
59363.218175 -0.658114 0.750225     2.014760
59363.255785 -0.620504 0.763255     1.936973
59363.293396 -0.582894 0.776286     1.851221
59363.331006 -0.545284 0.789317     1.757755
59363.368616 -0.507674 0.802347     1.656807
59363.406226 -0.470064 0.815378     1.548596
59363.443836 -0.432454 0.828408     1.433328
59363.481446 -0.394843 0.841439     1.311201
59363.519057 -0.357233 0.854469     1.182408
59363.556667 -0.319623 0.867500     1.047142
59363.594277 -0.282013 0.880531     0.905600
59363.631887 -0.244403 0.893561     0.757989
59363.669497 -0.206793 0.906592     0.604530
59363.707107 -0.169182 0.919622     0.445466
59363.744718 -0.131572 0.932653     0.281071
59363.782328 -0.093962 0.945683     0.111655
59363.819938 -0.056352 0.958714    -0.062424
59363.857548 -0.018742 0.971745    -0.240748
59363.895158 0.018868 0.984775    -0.422831
59363.932768 0.056478 0.997806    -0.608099
59363.970378 0.094089 0.010836    -0.795882
59364.007989 0.131699 0.023867    -0.985390
59364.045599 0.169309 0.036898    -1.175701
59364.083209 0.206919 0.049928    -1.365739
59364.120819 0.244529 0.062959    -1.554256
59364.158429 0.282139 0.075989    -1.739814
59364.196039 0.319750 0.089020    -1.920769
59364.233650 0.357360 0.102050    -2.095256
59364.271260 0.394970 0.115081    -2.261188
59364.308870 0.432580 0.128112    -2.416254
59364.346480 0.470190 0.141142    -2.557938
59364.384090 0.507800 0.154173    -2.683552
59364.421700 0.545411 0.167203    -2.790284
59364.459310 0.583021 0.180234    -2.875279
59364.496921 0.620631 0.193264    -2.935735
59364.534531 0.658241 0.206295    -2.969028
59364.572141 0.695851 0.219326    -2.972854
59364.609751 0.733461 0.232356    -2.945384
59364.647361 0.771071 0.245387    -2.885413
59364.684971 0.808682 0.258417    -2.792499
59364.722582 0.846292 0.271448    -2.667059
59364.760192 0.883902 0.284478    -2.510422
59364.797802 0.921512 0.297509    -2.324819
59364.835412 0.959122 0.310540    -2.113307
59364.873022 0.996732 0.323570    -1.879629
59364.910632 1.034343 0.336601    -1.628039
59364.948242 1.071953 0.349631    -1.363090
59364.985853 1.109563 0.362662    -1.089416
59365.023463 1.147173 0.375692    -0.811536
59365.061073 1.184783 0.388723    -0.533685
59365.098683 1.222393 0.401754    -0.259684
59365.136293 1.260003 0.414784     0.007139
59365.173903 1.297614 0.427815     0.263990
59365.211514 1.335224 0.440845     0.508616
59365.249124 1.372834 0.453876     0.739277
59365.286734 1.410444 0.466907     0.954704
59365.324344 -1.438246 0.479937     1.154043
59365.361954 -1.400636 0.492968     1.336794
59365.399564 -1.363026 0.505998     1.502751
59365.437175 -1.325416 0.519029     1.651944
59365.474785 -1.287806 0.532059     1.784588
59365.512395 -1.250195 0.545090     1.901037
59365.550005 -1.212585 0.558121     2.001744
59365.587615 -1.174975 0.571151     2.087232
59365.625225 -1.137365 0.584182     2.158066
59365.662835 -1.099755 0.597212     2.214831
59365.700446 -1.062145 0.610243     2.258120
59365.738056 -1.024534 0.623273     2.288517
59365.775666 -0.986924 0.636304     2.306592
59365.813276 -0.949314 0.649335     2.312892
59365.850886 -0.911704 0.662365     2.307937
59365.888496 -0.874094 0.675396     2.292218
59365.926107 -0.836484 0.688426     2.266197
59365.963717 -0.798874 0.701457     2.230301
59366.001327 -0.761263 0.714487     2.184931
59366.038937 -0.723653 0.727518     2.130454
59366.076547 -0.686043 0.740549     2.067210
59366.114157 -0.648433 0.753579     1.995512
59366.151767 -0.610823 0.766610     1.915650
59366.189378 -0.573213 0.779640     1.827889
59366.226988 -0.535602 0.792671     1.732475
59366.264598 -0.497992 0.805701     1.629637
59366.302208 -0.460382 0.818732     1.519590
59366.339818 -0.422772 0.831763     1.402538
59366.377428 -0.385162 0.844793     1.278676
59366.415039 -0.347552 0.857824     1.148199
59366.452649 -0.309941 0.870854     1.011298
59366.490259 -0.272331 0.883885     0.868174
59366.527869 -0.234721 0.896916     0.719035
59366.565479 -0.197111 0.909946     0.564109
59366.603089 -0.159501 0.922977     0.403645
59366.640699 -0.121891 0.936007     0.237926
59366.678310 -0.084281 0.949038     0.067274
59366.715920 -0.046670 0.962068    -0.107940
59366.753530 -0.009060 0.975099    -0.287282
59366.791140 0.028550 0.988130    -0.470243
59366.828750 0.066160 0.001160    -0.656227
59366.866360 0.103770 0.014191    -0.844534
59366.903971 0.141380 0.027221    -1.034343
59366.941581 0.178991 0.040252    -1.224693
59366.979191 0.216601 0.053282    -1.414466
59367.016801 0.254211 0.066313    -1.602367
59367.054411 0.291821 0.079344    -1.786906
59367.092021 0.329431 0.092374    -1.966383
59367.129632 0.367041 0.105405    -2.138877
59367.167242 0.404651 0.118435    -2.302241
59367.204852 0.442262 0.131466    -2.454110
59367.242462 0.479872 0.144496    -2.591921
59367.280072 0.517482 0.157527    -2.712946
59367.317682 0.555092 0.170558    -2.814355
59367.355292 0.592702 0.183588    -2.893296
59367.392903 0.630312 0.196619    -2.947001
59367.430513 0.667923 0.209649    -2.972912
59367.468123 0.705533 0.222680    -2.968835
59367.505733 0.743143 0.235710    -2.933085
59367.543343 0.780753 0.248741    -2.864643
59367.580953 0.818363 0.261772    -2.763280
59367.618564 0.855973 0.274802    -2.629645
59367.656174 0.893583 0.287833    -2.465304
59367.693784 0.931194 0.300863    -2.272709
59367.731394 0.968804 0.313894    -2.055109
59367.769004 1.006414 0.326925    -1.816398
59367.806614 1.044024 0.339955    -1.560927
59367.844224 1.081634 0.352986    -1.293291
59367.881835 1.119244 0.366016    -1.018111
59367.919445 1.156855 0.379047    -0.739848
59367.957055 1.194465 0.392077    -0.462641
59367.994665 1.232075 0.405108    -0.190191
59368.032275 1.269685 0.418139     0.074310
59368.069885 1.307295 0.431169     0.328208
59368.107496 1.344905 0.444200     0.569386
59368.145106 1.382516 0.457230     0.796229
59368.182716 1.420126 0.470261     1.007581
59368.220326 -1.428565 0.483291     1.202685
59368.257936 -1.390954 0.496322     1.381122
59368.295546 -1.353344 0.509353     1.542752
59368.333156 -1.315734 0.522383     1.687659
59368.370767 -1.278124 0.535414     1.816095
59368.408377 -1.240514 0.548444     1.928445
59368.445987 -1.202904 0.561475     2.025183
59368.483597 -1.165293 0.574505     2.106844
59368.521207 -1.127683 0.587536     2.173999
59368.558817 -1.090073 0.600567     2.227239
59368.596428 -1.052463 0.613597     2.267154
59368.634038 -1.014853 0.626628     2.294325
59368.671648 -0.977243 0.639658     2.309318
59368.709258 -0.939633 0.652689     2.312672
59368.746868 -0.902022 0.665719     2.304900
59368.784478 -0.864412 0.678750     2.286487
59368.822089 -0.826802 0.691781     2.257884
59368.859699 -0.789192 0.704811     2.219512
59368.897309 -0.751582 0.717842     2.171764
59368.934919 -0.713972 0.730872     2.114998
59368.972529 -0.676361 0.743903     2.049550
59369.010139 -0.638751 0.756933     1.975724
59369.047749 -0.601141 0.769964     1.893803
59369.085360 -0.563531 0.782995     1.804049
59369.122970 -0.525921 0.796025     1.706703
59369.160580 -0.488311 0.809056     1.601989
59369.198190 -0.450701 0.822086     1.490120
59369.235800 -0.413090 0.835117     1.371296
59369.273410 -0.375480 0.848148     1.245714
59369.311021 -0.337870 0.861178     1.113564
59369.348631 -0.300260 0.874209     0.975042
59369.386241 -0.262650 0.887239     0.830349
59369.423851 -0.225040 0.900270     0.679698
59369.461461 -0.187429 0.913300     0.523321
59369.499071 -0.149819 0.926331     0.361476
59369.536681 -0.112209 0.939362     0.194455
59369.574292 -0.074599 0.952392     0.022590
59369.611902 -0.036989 0.965423    -0.153731
59369.649512 0.000621 0.978453    -0.334056
59369.687122 0.038231 0.991484    -0.517856
59369.724732 0.075842 0.004514    -0.704509
59369.762342 0.113452 0.017545    -0.893287
59369.799953 0.151062 0.030576    -1.083333
59369.837563 0.188672 0.043606    -1.273648
59369.875173 0.226282 0.056637    -1.463071
59369.912783 0.263892 0.069667    -1.650257
59369.950393 0.301503 0.082698    -1.833664
59369.988003 0.339113 0.095728    -2.011536
59370.025613 0.376723 0.108759    -2.181894
59370.063224 0.414333 0.121790    -2.342533
59370.100834 0.451943 0.134820    -2.491036
59370.138444 0.489553 0.147851    -2.624791
59370.176054 0.527164 0.160881    -2.741040
59370.213664 0.564774 0.173912    -2.836937
59370.251274 0.602384 0.186942    -2.909640
59370.288885 0.639994 0.199973    -2.956423
59370.326495 0.677604 0.213004    -2.974806
59370.364105 0.715214 0.226034    -2.962712
59370.401715 0.752824 0.239065    -2.918615
59370.439325 0.790435 0.252095    -2.841686
59370.476935 0.828045 0.265126    -2.731917
59370.514546 0.865655 0.278157    -2.590192
59370.552156 0.903265 0.291187    -2.418310
59370.589766 0.940875 0.304218    -2.218938
59370.627376 0.978485 0.317248    -1.995510
59370.664986 1.016096 0.330279    -1.752055
59370.702596 1.053706 0.343309    -1.493009
59370.740206 1.091316 0.356340    -1.222992
59370.777817 1.128926 0.369371    -0.946603
59370.815427 1.166536 0.382401    -0.668232
59370.853037 1.204146 0.395432    -0.391916
59370.890647 1.241756 0.408462    -0.121228
59370.928257 1.279367 0.421493     0.140775
59370.965867 1.316977 0.434523     0.391581
59371.003478 1.354587 0.447554     0.629204
59371.041088 1.392197 0.460585     0.852153
59371.078698 1.429807 0.473615     1.059380
59371.116308 -1.418883 0.486646     1.250221
59371.153918 -1.381273 0.499676     1.424335
59371.191528 -1.343663 0.512707     1.581645
59371.229138 -1.306053 0.525737     1.722282
59371.266749 -1.268442 0.538768     1.846536
59371.304359 -1.230832 0.551799     1.954819
59371.341969 -1.193222 0.564829     2.047623
59371.379579 -1.155612 0.577860     2.125494
59371.417189 -1.118002 0.590890     2.189011
59371.454799 -1.080392 0.603921     2.238764
59371.492410 -1.042781 0.616951     2.275343
59371.530020 -1.005171 0.629982     2.299327
59371.567630 -0.967561 0.643013     2.311272
59371.605240 -0.929951 0.656043     2.311714
59371.642850 -0.892341 0.669074     2.301159
59371.680460 -0.854731 0.682104     2.280080
59371.718070 -0.817121 0.695135     2.248924
59371.755681 -0.779510 0.708166     2.208102
59371.793291 -0.741900 0.721196     2.157999
59371.830901 -0.704290 0.734227     2.098968
59371.868511 -0.666680 0.747257     2.031334
59371.906121 -0.629070 0.760288     1.955399
59371.943731 -0.591460 0.773318     1.871438
59371.981342 -0.553849 0.786349     1.779707
59372.018952 -0.516239 0.799380     1.680443
59372.056562 -0.478629 0.812410     1.573868
59372.094172 -0.441019 0.825441     1.460189
59372.131782 -0.403409 0.838471     1.339607
59372.169392 -0.365799 0.851502     1.212316
59372.207003 -0.328189 0.864532     1.078507
59372.244613 -0.290578 0.877563     0.938377
59372.282223 -0.252968 0.890594     0.792129
59372.319833 -0.215358 0.903624     0.639981
59372.357443 -0.177748 0.916655     0.482171
59372.395053 -0.140138 0.929685     0.318964
59372.432663 -0.102528 0.942716     0.150662
59372.470274 -0.064917 0.955746    -0.022389
59372.507884 -0.027307 0.968777    -0.199787
59372.545494 0.010303 0.981808    -0.381061
59372.583104 0.047913 0.994838    -0.565659
59372.620714 0.085523 0.007869    -0.752933
59372.658324 0.123133 0.020899    -0.942124
59372.695935 0.160744 0.033930    -1.132341
59372.733545 0.198354 0.046960    -1.322545
59372.771155 0.235964 0.059991    -1.511528
