# time model 
59320.175522 -1.902987 
59320.210174 -1.834490 
59320.244826 -1.764949 
59320.279478 -1.694492 
59320.314130 -1.623217 
59320.348782 -1.551197 
59320.383434 -1.478482 
59320.418086 -1.405108 
59320.452738 -1.331095 
59320.487390 -1.256451 
59320.522042 -1.181174 
59320.556694 -1.105252 
59320.591346 -1.028665 
59320.625998 -0.951387 
59320.660650 -0.873384 
59320.695302 -0.794617 
59320.729954 -0.715042 
59320.764606 -0.634607 
59320.799258 -0.553144 
59320.833910 -0.470810 
59320.868562 -0.387428 
59320.903214 -0.302925 
59320.937866 -0.217225 
59320.972518 -0.130244 
59321.007170 -0.041896 
59321.041822 0.047916 
59321.076474 0.139292 
59321.111126 0.232340 
59321.145778 0.327175 
59321.180430 0.423921 
59321.215082 0.522708 
59321.249734 0.623675 
59321.284386 0.726968 
59321.319038 0.832745 
59321.353690 0.941169 
59321.388342 1.052412 
59321.422994 1.166655 
59321.457646 1.284082 
59321.492298 1.404880 
59321.526950 1.529236 
59321.561602 1.657329 
59321.596254 1.789321 
59321.630906 1.925341 
59321.665558 2.065468 
59321.700210 2.209698 
59321.734862 2.357900 
59321.769514 2.509748 
59321.804166 2.664629 
59321.838818 2.821495 
59321.873470 2.978658 
59321.908122 3.133479 
59321.942774 3.281930 
59321.977426 3.417962 
59322.012078 3.532654 
59322.046730 3.613143 
59322.081382 3.641514 
59322.116034 3.594183 
59322.150686 3.442975 
59322.185338 3.159857 
59322.219990 2.726928 
59322.254642 2.149903 
59322.289294 1.466049 
59322.323946 0.740267 
59322.358598 0.040419 
59322.393250 -0.581909 
59322.427902 -1.101325 
59322.462554 -1.514618 
59322.497206 -1.831661 
59322.531858 -2.067510 
59322.566510 -2.237649 
59322.601162 -2.355813 
59322.635814 -2.433337 
59322.670466 -2.479227 
59322.705118 -2.500501 
59322.739770 -2.502578 
59322.774422 -2.489629 
59322.809074 -2.464863 
59322.843726 -2.430761 
59322.878378 -2.389241 
59322.913030 -2.341798 
59322.947682 -2.289599 
59322.982334 -2.233559 
59323.016986 -2.174399 
59323.051638 -2.112687 
59323.086290 -2.048872 
59323.120942 -1.983310 
59323.155594 -1.916281 
59323.190246 -1.848006 
59323.224898 -1.778658 
59323.259550 -1.708373 
59323.294202 -1.637252 
59323.328854 -1.565373 
59323.363506 -1.492791 
59323.398158 -1.419544 
59323.432810 -1.345655 
59323.467462 -1.271135 
59323.502114 -1.195983 
59323.536766 -1.120188 
59323.571418 -1.043734 
59323.606070 -0.966594 
59323.640722 -0.888736 
59323.675374 -0.810122 
59323.710026 -0.730709 
59323.744678 -0.650446 
59323.779330 -0.569168 
59323.813982 -0.487032 
59323.848634 -0.403861 
59323.883286 -0.319584 
59323.917938 -0.234124 
59323.952590 -0.147402 
59323.987242 -0.059329 
59324.021894 0.030188 
59324.056546 0.121249 
59324.091198 0.213960 
59324.125850 0.308436 
59324.160502 0.404797 
59324.195154 0.503173 
59324.229806 0.603701 
59324.264458 0.706527 
59324.299110 0.811804 
59324.333762 0.919695 
59324.368414 1.030372 
59324.403066 1.144012 
59324.437718 1.260800 
59324.472370 1.380923 
59324.507022 1.504567 
59324.541674 1.631914 
59324.576326 1.763130 
59324.610978 1.898352 
59324.645630 2.037671 
59324.680282 2.181102 
59324.714934 2.328543 
59324.749586 2.479714 
59324.784238 2.634067 
59324.818890 2.790654 
59324.853542 2.947931 
59324.888194 3.103478 
59324.922846 3.253580 
59324.957498 3.392646 
59324.992150 3.512395 
59325.026802 3.600828 
59325.061454 3.641098 
59325.096106 3.610722 
59325.130758 3.482200 
59325.165410 3.226856 
59325.200062 2.823777 
59325.234714 2.273044 
59325.269366 1.605561 
59325.304018 0.882540 
59325.338670 0.172776 
59325.373322 -0.467579 
59325.407974 -1.007998 
59325.442626 -1.441601 
59325.477278 -1.776403 
59325.511930 -2.026919 
59325.546582 -2.208788 
59325.581234 -2.336171 
59325.615886 -2.420884 
59325.650538 -2.472365 
59325.685190 -2.497993 
59325.719842 -2.503471 
59325.754494 -2.493188 
59325.789146 -2.470524 
59325.823798 -2.438085 
59325.858450 -2.397889 
59325.893102 -2.351507 
59325.927754 -2.300161 
59325.962406 -2.244812 
59325.997058 -2.186214 
59326.031710 -2.124964 
59326.066362 -2.061531 
59326.101014 -1.996287 
59326.135666 -1.929526 
59326.170318 -1.861481 
59326.204970 -1.792332 
59326.239622 -1.722221 
59326.274274 -1.651257 
59326.308926 -1.579522 
59326.343578 -1.507074 
59326.378230 -1.433955 
59326.412882 -1.360191 
59326.447534 -1.285794 
59326.482186 -1.210767 
59326.516838 -1.135099 
59326.551490 -1.058776 
59326.586142 -0.981773 
59326.620794 -0.904058 
59326.655446 -0.825596 
59326.690098 -0.746343 
59326.724750 -0.666251 
59326.759402 -0.585155 
59326.794054 -0.503215 
59326.828706 -0.420252 
59326.863358 -0.336197 
59326.898010 -0.250976 
59326.932662 -0.164508 
59326.967314 -0.076707 
59327.001966 0.012519 
59327.036618 0.103270 
59327.071270 0.195649 
59327.105922 0.289769 
59327.140574 0.385751 
59327.175226 0.483721 
59327.209878 0.583816 
59327.244530 0.686179 
59327.279182 0.790963 
59327.313834 0.898329 
59327.348486 1.008446 
59327.383138 1.121491 
59327.417790 1.237647 
59327.452442 1.357101 
59327.487094 1.480040 
59327.521746 1.606647 
59327.556398 1.737093 
59327.591050 1.871520 
59327.625702 2.010032 
59327.660354 2.152661 
59327.695006 2.299331 
59327.729658 2.449804 
59327.764310 2.603593 
59327.798962 2.759841 
59327.833614 2.917142 
59327.868266 3.073272 
59327.902918 3.224814 
59327.937570 3.366598 
59327.972222 3.490947 
59328.006874 3.586680 
59328.041526 3.637982 
59328.076178 3.623494 
59328.110830 3.516528 
59328.145482 3.288112 
59328.180134 2.914847 
59328.214786 2.391630 
59328.249438 1.743603 
59328.284090 1.025370 
59328.318742 0.307886 
59328.353394 -0.349332 
59328.388046 -0.910521 
59328.422698 -1.364766 
59328.457350 -1.717902 
59328.492002 -1.983695 
59328.526654 -2.177840 
59328.561306 -2.314897 
59328.595958 -2.407159 
59328.630610 -2.464515 
59328.665262 -2.494715 
59328.699914 -2.503761 
59328.734566 -2.496274 
59328.769218 -2.475810 
59328.803870 -2.445112 
59328.838522 -2.406301 
59328.873174 -2.361025 
59328.907826 -2.310570 
59328.942478 -2.255940 
59328.977130 -2.197928 
59329.011782 -2.137158 
59329.046434 -2.074120 
59329.081086 -2.009206 
59329.115738 -1.942723 
59329.150390 -1.874913 
59329.185042 -1.805968 
59329.219694 -1.736037 
59329.254346 -1.665233 
59329.288998 -1.593643 
59329.323650 -1.521331 
59329.358302 -1.448342 
59329.392954 -1.374703 
59329.427606 -1.300430 
59329.462258 -1.225526 
59329.496910 -1.149985 
59329.531562 -1.073792 
59329.566214 -0.996924 
59329.600866 -0.919352 
59329.635518 -0.841040 
59329.670170 -0.761945 
59329.704822 -0.682022 
59329.739474 -0.601217 
59329.774126 -0.519358 
59329.808778 -0.436600 
59329.843430 -0.352766 
59329.878082 -0.267779 
59329.912734 -0.181562 
59329.947386 -0.094030 
59329.982038 -0.005090 
59330.016690 0.085353 
59330.051342 0.177404 
59330.085994 0.271174 
59330.120646 0.366781 
59330.155298 0.464351 
59330.189950 0.564018 
59330.224602 0.665925 
59330.259254 0.770222 
59330.293906 0.877068 
59330.328558 0.986632 
59330.363210 1.099089 
59330.397862 1.214620 
59330.432514 1.333413 
59330.467166 1.455654 
59330.501818 1.581528 
59330.536470 1.711209 
59330.571122 1.844846 
59330.605774 1.982552 
59330.640426 2.124375 
59330.675078 2.270266 
59330.709730 2.420023 
59330.744382 2.573216 
59330.779034 2.729072 
59330.813686 2.886311 
59330.848338 3.042896 
59330.882990 3.195680 
59330.917642 3.339891 
59330.952294 3.468413 
59330.986946 3.570841 
59331.021598 3.632356 
59331.056250 3.632721 
59331.090902 3.546174 
59331.125554 3.343743 
59331.160206 3.000056 
59331.194858 2.505317 
59331.229510 1.878189 
59331.264162 1.168235 
59331.298814 0.445395 
59331.333466 -0.227314 
59331.368118 -0.808882 
59331.402770 -1.284023 
59331.437422 -1.656040 
59331.472074 -1.937721 
59331.506726 -2.144705 
59331.541378 -2.291908 
59331.576030 -2.392100 
59331.610682 -2.455627 
59331.645334 -2.490629 
59331.679986 -2.503419 
59331.714638 -2.498863 
59331.749290 -2.480705 
59331.783942 -2.451829 
59331.818594 -2.414466 
59331.853246 -2.370346 
59331.887898 -2.320819 
59331.922550 -2.266939 
59331.957202 -2.209537 
59331.991854 -2.149264 
59332.026506 -2.086638 
59332.061158 -2.022065 
59332.095810 -1.955868 
59332.130462 -1.888302 
59332.165114 -1.819567 
59332.199766 -1.749819 
59332.234418 -1.679178 
59332.269070 -1.607737 
59332.303722 -1.535563 
59332.338374 -1.462703 
59332.373026 -1.389190 
59332.407678 -1.315041 
59332.442330 -1.240261 
59332.476982 -1.164846 
59332.511634 -1.088782 
59332.546286 -1.012049 
59332.580938 -0.934617 
59332.615590 -0.856453 
59332.650242 -0.777516 
59332.684894 -0.697759 
59332.719546 -0.617131 
59332.754198 -0.535462 
59332.788850 -0.452908 
59332.823502 -0.369290 
59332.858154 -0.284535 
59332.892806 -0.198566 
59332.927458 -0.111299 
59332.962110 -0.022643 
59332.996762 0.067498 
59333.031414 0.159225 
59333.066066 0.252649 
59333.100718 0.347886 
59333.135370 0.445061 
59333.170022 0.544306 
59333.204674 0.645762 
59333.239326 0.749578 
59333.273978 0.855912 
59333.308630 0.964930 
59333.343282 1.076805 
59333.377934 1.191719 
59333.412586 1.309857 
59333.447238 1.431408 
59333.481890 1.556556 
59333.516542 1.685477 
59333.551194 1.818328 
59333.585846 1.955230 
59333.620498 2.096247 
59333.655150 2.241350 
59333.689802 2.390374 
59333.724454 2.542942 
59333.759106 2.698358 
59333.793758 2.855458 
59333.828410 3.012378 
59333.863062 3.166224 
59333.897714 3.312591 
59333.932366 3.444891 
59333.967018 3.553447 
59334.001670 3.624397 
59334.036322 3.638619 
59334.070974 3.571356 
59334.105626 3.393899 
59334.140278 3.079367 
59334.174930 2.613808 
59334.209582 2.009569 
59334.244234 1.310595 
59334.278886 0.584908 
59334.313538 -0.101709 
59334.348190 -0.703094 
59334.382842 -1.199288 
59334.417494 -1.590698 
59334.452146 -1.888880 
59334.486798 -2.109279 
59334.521450 -2.267120 
59334.556102 -2.375639 
59334.590754 -2.445648 
59334.625406 -2.485692 
59334.660058 -2.502414 
59334.694710 -2.500932 
59334.729362 -2.485190 
59334.764014 -2.458221 
59334.798666 -2.422372 
59334.833318 -2.379460 
59334.867970 -2.330901 
59334.902622 -2.277803 
59334.937274 -2.221035 
59334.971926 -2.161281 
59335.006578 -2.099081 
59335.041230 -2.034862 
59335.075882 -1.968961 
59335.110534 -1.901646 
59335.145186 -1.833127 
59335.179838 -1.763567 
59335.214490 -1.693093 
59335.249142 -1.621803 
59335.283794 -1.549768 
59335.318446 -1.477040 
59335.353098 -1.403653 
59335.387750 -1.329628 
59335.422402 -1.254971 
59335.457054 -1.179682 
59335.491706 -1.103747 
59335.526358 -1.027147 
59335.561010 -0.949854 
59335.595662 -0.871837 
59335.630314 -0.793055 
59335.664966 -0.713462 
59335.699618 -0.633010 
59335.734270 -0.551528 
59335.768922 -0.469174 
59335.803574 -0.385771 
59335.838226 -0.301245 
59335.872878 -0.215520 
59335.907530 -0.128514 
59335.942182 -0.040138 
59335.976834 0.049704 
59336.011486 0.141112 
59336.046138 0.234194 
59336.080790 0.329066 
59336.115442 0.425851 
59336.150094 0.524680 
59336.184746 0.625691 
59336.219398 0.729032 
59336.254050 0.834859 
59336.288702 0.943337 
59336.323354 1.054638 
59336.358006 1.168941 
59336.392658 1.286433 
59336.427310 1.407300 
59336.461962 1.531728 
59336.496614 1.659897 
59336.531266 1.791966 
59336.565918 1.928067 
59336.600570 2.068275 
59336.635222 2.212586 
59336.669874 2.360863 
59336.704526 2.512779 
59336.739178 2.667711 
59336.773830 2.824602 
59336.808482 2.981747 
59336.843134 3.136487 
59336.877786 3.284760 
59336.912438 3.420468 
59336.947090 3.534624 
59336.981742 3.614275 
59337.016394 3.641399 
59337.051046 3.592300 
59337.085698 3.438747 
59337.120350 3.152790 
59337.155002 2.716861 
59337.189654 2.137267 
59337.224306 1.451901 
59337.258958 0.725993 
59337.293610 0.027258 
59337.328262 -0.593199 
59337.362914 -1.110492 
59337.397566 -1.521763 
59337.432218 -1.837050 
59337.466870 -2.071455 
59337.501522 -2.240444 
59337.536174 -2.357704 
59337.570826 -2.434523 
59337.605478 -2.479864 
59337.640130 -2.500712 
59337.674782 -2.502456 
59337.709434 -2.489245 
59337.744086 -2.464274 
59337.778738 -2.430007 
59337.813390 -2.388357 
59337.848042 -2.340810 
59337.882694 -2.288527 
59337.917346 -2.232419 
59337.951998 -2.173204 
59337.986650 -2.111446 
59338.021302 -2.047594 
59338.055954 -1.982000 
59338.090606 -1.914944 
59338.125258 -1.846647 
59338.159910 -1.777280 
59338.194562 -1.706977 
59338.229214 -1.635840 
59338.263866 -1.563946 
59338.298518 -1.491351 
59338.333170 -1.418091 
59338.367822 -1.344190 
59338.402474 -1.269658 
59338.437126 -1.194493 
59338.471778 -1.118686 
59338.506430 -1.042218 
59338.541082 -0.965064 
59338.575734 -0.887191 
59338.610386 -0.808562 
59338.645038 -0.729133 
59338.679690 -0.648853 
59338.714342 -0.567556 
59338.748994 -0.485401 
59338.783646 -0.402208 
59338.818298 -0.317908 
59338.852950 -0.232425 
59338.887602 -0.145677 
59338.922254 -0.057576 
59338.956906 0.031970 
59338.991558 0.123063 
59339.026210 0.215808 
59339.060862 0.310320 
59339.095514 0.406719 
59339.130166 0.505137 
59339.164818 0.605708 
59339.199470 0.708580 
59339.234122 0.813908 
59339.268774 0.921852 
59339.303426 1.032586 
59339.338078 1.146287 
59339.372730 1.263138 
59339.407382 1.383329 
59339.442034 1.507044 
59339.476686 1.634466 
59339.511338 1.765760 
59339.545990 1.901062 
59339.580642 2.040462 
59339.615294 2.183974 
59339.649946 2.331493 
59339.684598 2.482733 
59339.719250 2.637141 
59339.753902 2.793758 
59339.788554 2.951028 
59339.823206 3.106508 
59339.857858 3.256454 
59339.892510 3.395229 
59339.927162 3.514490 
59339.961814 3.602153 
59339.996466 3.641265 
59340.031118 3.609231 
59340.065770 3.478476 
59340.100422 3.220372 
59340.135074 2.814286 
59340.169726 2.260846 
59340.204378 1.591605 
59340.239030 0.868181 
59340.273682 0.159319 
59340.308334 -0.479270 
59340.342986 -1.017582 
59340.377638 -1.449123 
59340.412290 -1.782111 
59340.446942 -2.031123 
59340.481594 -2.211787 
59340.516246 -2.338222 
59340.550898 -2.422194 
59340.585550 -2.473100 
59340.620202 -2.498280 
59340.654854 -2.503408 
59340.689506 -2.492851 
59340.724158 -2.469970 
59340.758810 -2.437360 
59340.793462 -2.397029 
59340.828114 -2.350537 
59340.862766 -2.299104 
59340.897418 -2.243684 
59340.932070 -2.185029 
59340.966722 -2.123732 
59341.001374 -2.060259 
59341.036026 -1.994983 
59341.070678 -1.928195 
59341.105330 -1.860126 
59341.139982 -1.790957 
59341.174634 -1.720828 
59341.209286 -1.649848 
59341.243938 -1.578098 
59341.278590 -1.505637 
59341.313242 -1.432505 
59341.347894 -1.358729 
59341.382546 -1.284320 
59341.417198 -1.209279 
59341.451850 -1.133599 
59341.486502 -1.057263 
59341.521154 -0.980245 
59341.555806 -0.902517 
59341.590458 -0.824039 
59341.625110 -0.744770 
59341.659762 -0.664662 
59341.694414 -0.583547 
59341.729066 -0.501587 
59341.763718 -0.418603 
59341.798370 -0.334526 
59341.833022 -0.249281 
59341.867674 -0.162788 
59341.902326 -0.074960 
59341.936978 0.014296 
59341.971630 0.105077 
59342.006282 0.197489 
59342.040934 0.291646 
59342.075586 0.387665 
59342.110238 0.485676 
59342.144890 0.585814 
59342.179542 0.688224 
59342.214194 0.793057 
59342.248846 0.900475 
59342.283498 1.010648 
59342.318150 1.123753 
59342.352802 1.239972 
59342.387454 1.359493 
59342.422106 1.482503 
59342.456758 1.609185 
59342.491410 1.739707 
59342.526062 1.874215 
59342.560714 2.012808 
59342.595366 2.155517 
59342.630018 2.302266 
59342.664670 2.452810 
59342.699322 2.606657 
59342.733974 2.762942 
59342.768626 2.920244 
59342.803278 3.076322 
59342.837930 3.227728 
59342.872582 3.369252 
59342.907234 3.493157 
59342.941886 3.588183 
59342.976538 3.638413 
59343.011190 3.622372 
59343.045842 3.513287 
59343.080494 3.282201 
59343.115146 2.905942 
59343.149798 2.379907 
59343.184450 1.729894 
59343.219102 1.010979 
59343.253754 0.294168 
59343.288406 -0.361411 
59343.323058 -0.920524 
59343.357710 -1.372678 
59343.392362 -1.723943 
59343.427014 -1.988170 
59343.461666 -2.181053 
59343.496318 -2.317115 
59343.530970 -2.408601 
59343.565622 -2.465352 
59343.600274 -2.495081 
59343.634926 -2.503760 
59343.669578 -2.495985 
59343.704230 -2.475295 
59343.738882 -2.444418 
59343.773534 -2.405465 
59343.808186 -2.360076 
59343.842838 -2.309529 
59343.877490 -2.254826 
59343.912142 -2.196754 
59343.946794 -2.135934 
59343.981446 -2.072856 
59344.016098 -2.007908 
59344.050750 -1.941396 
59344.085402 -1.873563 
59344.120054 -1.804597 
59344.154706 -1.734647 
59344.189358 -1.663827 
59344.224010 -1.592223 
59344.258662 -1.519897 
59344.293314 -1.446894 
59344.327966 -1.373243 
59344.362618 -1.298957 
59344.397270 -1.224041 
59344.431922 -1.148487 
59344.466574 -1.072281 
59344.501226 -0.995400 
59344.535878 -0.917813 
59344.570530 -0.839486 
59344.605182 -0.760376 
59344.639834 -0.680436 
59344.674486 -0.599613 
59344.709138 -0.517734 
59344.743790 -0.434956 
59344.778442 -0.351099 
59344.813094 -0.266090 
59344.847746 -0.179847 
59344.882398 -0.092288 
59344.917050 -0.003320 
59344.951702 0.087154 
59344.986354 0.179238 
59345.021006 0.273043 
59345.055658 0.368688 
59345.090310 0.466298 
59345.124962 0.566008 
59345.159614 0.667960 
59345.194266 0.772306 
59345.228918 0.879204 
59345.263570 0.988823 
59345.298222 1.101339 
59345.332874 1.216933 
59345.367526 1.335792 
59345.402178 1.458103 
59345.436830 1.584051 
59345.471482 1.713808 
59345.506134 1.847525 
59345.540786 1.985312 
59345.575438 2.127216 
59345.610090 2.273186 
59345.644742 2.423015 
59345.679394 2.576270 
59345.714046 2.732168 
59345.748698 2.889416 
59345.783350 3.045961 
59345.818002 3.198629 
59345.852654 3.342608 
59345.887306 3.470728 
59345.921958 3.572508 
59345.956610 3.633031 
59345.991262 3.631946 
59346.025914 3.543394 
59346.060566 3.338393 
59346.095218 2.991744 
59346.129870 2.494101 
59346.164522 1.864775 
59346.199174 1.153864 
59346.233826 0.431453 
59346.268478 -0.239765 
59346.303130 -0.819303 
59346.337782 -1.292332 
59346.372434 -1.662424 
59346.407086 -1.942478 
59346.441738 -2.148143 
59346.476390 -2.294303 
59346.511042 -2.393679 
59346.545694 -2.456570 
59346.580346 -2.491078 
59346.614998 -2.503483 
59346.649650 -2.498626 
59346.684302 -2.480230 
59346.718954 -2.451167 
59346.753606 -2.413655 
59346.788258 -2.369417 
59346.822910 -2.319794 
59346.857562 -2.265838 
59346.892214 -2.208373 
59346.926866 -2.148049 
59346.961518 -2.085381 
59346.996170 -2.020773 
59347.030822 -1.954547 
59347.065474 -1.886956 
59347.100126 -1.818200 
59347.134778 -1.748433 
59347.169430 -1.677776 
59347.204082 -1.606319 
59347.238734 -1.534131 
59347.273386 -1.461258 
59347.308038 -1.387733 
59347.342690 -1.313571 
59347.377342 -1.238778 
59347.411994 -1.163351 
59347.446646 -1.087274 
59347.481298 -1.010527 
59347.515950 -0.933082 
59347.550602 -0.854903 
59347.585254 -0.775949 
59347.619906 -0.696176 
59347.654558 -0.615531 
59347.689210 -0.533842 
59347.723862 -0.451268 
59347.758514 -0.367628 
59347.793166 -0.282850 
59347.827818 -0.196856 
59347.862470 -0.109562 
59347.897122 -0.020878 
59347.931774 0.069293 
59347.966426 0.161053 
59348.001078 0.254511 
59348.035730 0.349785 
59348.070382 0.447000 
59348.105034 0.546287 
59348.139686 0.647788 
59348.174338 0.751652 
59348.208990 0.858037 
59348.243642 0.967110 
59348.278294 1.079043 
59348.312946 1.194019 
59348.347598 1.312223 
59348.382250 1.433843 
59348.416902 1.559063 
59348.451554 1.688061 
59348.486206 1.820991 
59348.520858 1.957974 
59348.555510 2.099072 
59348.590162 2.244255 
59348.624814 2.393353 
59348.659466 2.545985 
59348.694118 2.701448 
59348.728770 2.858565 
59348.763422 3.015457 
59348.798074 3.169203 
59348.832726 3.315365 
59348.867378 3.447301 
59348.902030 3.555265 
59348.936682 3.625299 
59348.971334 3.638170 
59349.005986 3.569016 
59349.040638 3.389092 
59349.075290 3.071649 
59349.109942 2.603127 
59349.144594 1.996500 
59349.179246 1.296300 
59349.213898 0.570783 
59349.248550 -0.114512 
59349.283202 -0.713932 
59349.317854 -1.208002 
59349.352506 -1.597438 
59349.387158 -1.893930 
59349.421810 -2.112953 
59349.456462 -2.269700 
59349.491114 -2.377361 
59349.525766 -2.446703 
59349.560418 -2.486229 
59349.595070 -2.502546 
59349.629722 -2.500748 
59349.664374 -2.484757 
59349.699026 -2.457593 
59349.733678 -2.421588 
59349.768330 -2.378552 
59349.802982 -2.329894 
59349.837634 -2.276716 
59349.872286 -2.219883 
59349.906938 -2.160075 
59349.941590 -2.097831 
59349.976242 -2.033576 
59350.010894 -1.967645 
59350.045546 -1.900305 
59350.080198 -1.831763 
59350.114850 -1.762184 
59350.149502 -1.691694 
59350.184154 -1.620388 
59350.218806 -1.548339 
59350.253458 -1.475597 
59350.288110 -1.402198 
59350.322762 -1.328160 
59350.357414 -1.253491 
59350.392066 -1.178189 
59350.426718 -1.102241 
59350.461370 -1.025628 
59350.496022 -0.948322 
59350.530674 -0.870289 
59350.565326 -0.791492 
59350.599978 -0.711883 
59350.634630 -0.631413 
59350.669282 -0.549912 
59350.703934 -0.467539 
59350.738586 -0.384113 
59350.773238 -0.299565 
59350.807890 -0.213816 
59350.842542 -0.126783 
59350.877194 -0.038379 
59350.911846 0.051493 
59350.946498 0.142933 
59350.981150 0.236049 
59351.015802 0.330958 
59351.050454 0.427782 
59351.085106 0.526652 
59351.119758 0.627707 
59351.154410 0.731096 
59351.189062 0.836974 
59351.223714 0.945506 
59351.258366 1.056864 
59351.293018 1.171229 
59351.327670 1.288785 
59351.362322 1.409721 
59351.396974 1.534221 
59351.431626 1.662465 
59351.466278 1.794614 
59351.500930 1.930795 
59351.535582 2.071085 
59351.570234 2.215475 
59351.604886 2.363828 
59351.639538 2.515810 
59351.674190 2.670793 
59351.708842 2.827708 
59351.743494 2.984836 
59351.778146 3.139493 
59351.812798 3.287584 
59351.847450 3.422965 
59351.882102 3.536580 
59351.916754 3.615388 
59351.951406 3.641255 
59351.986058 3.590377 
59352.020710 3.434466 
59352.055362 3.145663 
59352.090014 2.706737 
59352.124666 2.124590 
59352.159318 1.437737 
59352.193970 0.711729 
59352.228622 0.014128 
59352.263274 -0.604448 
59352.297926 -1.119618 
59352.332578 -1.528869 
59352.367230 -1.842407 
59352.401882 -2.075375 
59352.436534 -2.243218 
59352.471186 -2.359578 
59352.505838 -2.435696 
59352.540490 -2.480493 
59352.575142 -2.500916 
59352.609794 -2.502328 
59352.644446 -2.488857 
59352.679098 -2.463680 
59352.713750 -2.429251 
59352.748402 -2.387471 
59352.783054 -2.339820 
59352.817706 -2.287454 
59352.852358 -2.231278 
59352.887010 -2.172008 
59352.921662 -2.110205 
59352.956314 -2.046315 
59352.990966 -1.980690 
59353.025618 -1.913608 
59353.060270 -1.845287 
59353.094922 -1.775901 
59353.129574 -1.705580 
59353.164226 -1.634428 
59353.198878 -1.562520 
59353.233530 -1.489911 
59353.268182 -1.416639 
59353.302834 -1.342725 
59353.337486 -1.268180 
59353.372138 -1.193003 
59353.406790 -1.117183 
59353.441442 -1.040701 
59353.476094 -0.963534 
59353.510746 -0.885647 
59353.545398 -0.807002 
59353.580050 -0.727556 
59353.614702 -0.647259 
59353.649354 -0.565944 
59353.684006 -0.483769 
59353.718658 -0.400555 
59353.753310 -0.316233 
59353.787962 -0.230725 
59353.822614 -0.143951 
59353.857266 -0.055823 
59353.891918 0.033753 
59353.926570 0.124877 
59353.961222 0.217656 
59353.995874 0.312204 
59354.030526 0.408642 
59354.065178 0.507100 
59354.099830 0.607716 
59354.134482 0.710635 
59354.169134 0.816013 
59354.203786 0.924011 
59354.238438 1.034801 
59354.273090 1.148562 
59354.307742 1.265478 
59354.342394 1.385736 
59354.377046 1.509523 
59354.411698 1.637020 
59354.446350 1.768391 
59354.481002 1.903774 
59354.515654 2.043256 
59354.550306 2.186848 
59354.584958 2.334443 
59354.619610 2.485753 
59354.654262 2.640215 
59354.688914 2.796863 
59354.723566 2.954124 
59354.758218 3.109537 
59354.792870 3.259324 
59354.827522 3.397805 
59354.862174 3.516573 
59354.896826 3.603460 
59354.931478 3.641405 
59354.966130 3.607701 
59355.000782 3.474702 
59355.035434 3.213830 
59355.070086 2.804736 
59355.104738 2.248602 
59355.139390 1.577628 
59355.174042 0.853829 
59355.208694 0.145891 
59355.243346 -0.490921 
59355.277998 -1.027124 
59355.312650 -1.456608 
59355.347302 -1.787787 
59355.381954 -2.035301 
59355.416606 -2.214764 
59355.451258 -2.340256 
59355.485910 -2.423491 
59355.520562 -2.473825 
59355.555214 -2.498559 
59355.589866 -2.503339 
59355.624518 -2.492509 
59355.659170 -2.469413 
59355.693822 -2.436633 
59355.728474 -2.396167 
59355.763126 -2.349566 
59355.797778 -2.298046 
59355.832430 -2.242556 
59355.867082 -2.183843 
59355.901734 -2.122498 
59355.936386 -2.058987 
59355.971038 -1.993678 
59356.005690 -1.926863 
59356.040342 -1.858771 
59356.074994 -1.789581 
59356.109646 -1.719435 
59356.144298 -1.648439 
59356.178950 -1.576675 
59356.213602 -1.504200 
59356.248254 -1.431055 
59356.282906 -1.357266 
59356.317558 -1.282844 
59356.352210 -1.207791 
59356.386862 -1.132099 
59356.421514 -1.055749 
59356.456166 -0.978718 
59356.490818 -0.900975 
59356.525470 -0.822483 
59356.560122 -0.743197 
59356.594774 -0.663071 
59356.629426 -0.581939 
59356.664078 -0.499959 
59356.698730 -0.416954 
59356.733382 -0.332855 
59356.768034 -0.247586 
59356.802686 -0.161067 
59356.837338 -0.073212 
59356.871990 0.016073 
59356.906642 0.106885 
59356.941294 0.199331 
59356.975946 0.293522 
59357.010598 0.389580 
59357.045250 0.487632 
59357.079902 0.587813 
59357.114554 0.690269 
59357.149206 0.795152 
59357.183858 0.902623 
59357.218510 1.012852 
59357.253162 1.126016 
59357.287814 1.242299 
59357.322466 1.361887 
59357.357118 1.484968 
59357.391770 1.611723 
59357.426422 1.742323 
59357.461074 1.876911 
59357.495726 2.015585 
59357.530378 2.158375 
59357.565030 2.305202 
59357.599682 2.455817 
59357.634334 2.609722 
59357.668986 2.766043 
59357.703638 2.923346 
59357.738290 3.079370 
59357.772942 3.230638 
59357.807594 3.371899 
59357.842246 3.495356 
59357.876898 3.589669 
59357.911550 3.638817 
59357.946202 3.621214 
59357.980854 3.509999 
59358.015506 3.276233 
59358.050158 2.896978 
59358.084810 2.368134 
59358.119462 1.715425 
59358.154114 0.996588 
59358.188766 0.280474 
59358.223418 -0.373452 
59358.258070 -0.930485 
59358.292722 -1.380550 
59358.327374 -1.729949 
59358.362026 -1.992616 
59358.396678 -2.184244 
59358.431330 -2.319316 
59358.465982 -2.410028 
59358.500634 -2.466178 
59358.535286 -2.495439 
59358.569938 -2.503753 
59358.604590 -2.495692 
59358.639242 -2.474776 
59358.673894 -2.443721 
59358.708546 -2.404627 
59358.743198 -2.359124 
59358.777850 -2.308486 
59358.812502 -2.253710 
59358.847154 -2.195578 
59358.881806 -2.134709 
59358.916458 -2.071591 
59358.951110 -2.006609 
59358.985762 -1.940069 
59359.020414 -1.872212 
59359.055066 -1.803225 
59359.089718 -1.733257 
59359.124370 -1.662421 
59359.159022 -1.590802 
59359.193674 -1.518462 
59359.228326 -1.445447 
59359.262978 -1.371783 
59359.297630 -1.297485 
59359.332282 -1.222556 
59359.366934 -1.146989 
59359.401586 -1.070770 
59359.436238 -0.993875 
59359.470890 -0.916275 
59359.505542 -0.837932 
59359.540194 -0.758806 
59359.574846 -0.678849 
59359.609498 -0.598008 
59359.644150 -0.516110 
59359.678802 -0.433312 
59359.713454 -0.349433 
59359.748106 -0.264399 
59359.782758 -0.178132 
59359.817410 -0.090546 
59359.852062 -0.001549 
59359.886714 0.088956 
59359.921366 0.181073 
59359.956018 0.274913 
59359.990670 0.370595 
59360.025322 0.468245 
59360.059974 0.567998 
59360.094626 0.669996 
59360.129278 0.774391 
59360.163930 0.881341 
59360.198582 0.991016 
59360.233234 1.103590 
59360.267886 1.219247 
59360.302538 1.338172 
59360.337190 1.460553 
59360.371842 1.586575 
59360.406494 1.716409 
59360.441146 1.850205 
59360.475798 1.988073 
59360.510450 2.130058 
59360.545102 2.276107 
59360.579754 2.426009 
59360.614406 2.579325 
59360.649058 2.735264 
59360.683710 2.892521 
59360.718362 3.049025 
59360.753014 3.201574 
59360.787666 3.345319 
59360.822318 3.473033 
59360.856970 3.574160 
59360.891622 3.633682 
59360.926274 3.631138 
59360.960926 3.540570 
59360.995578 3.332986 
59361.030230 2.983371 
59361.064882 2.482833 
59361.099534 1.851329 
59361.134186 1.139489 
59361.168838 0.417531 
59361.203490 -0.252179 
59361.238142 -0.829683 
59361.272794 -1.300601 
59361.307446 -1.668773 
59361.342098 -1.947206 
59361.376750 -2.151558 
59361.411402 -2.296679 
59361.446054 -2.395243 
59361.480706 -2.457503 
59361.515358 -2.491518 
59361.550010 -2.503540 
59361.584662 -2.498383 
59361.619314 -2.479751 
59361.653966 -2.450502 
59361.688618 -2.412842 
59361.723270 -2.368485 
59361.757922 -2.318768 
59361.792574 -2.264735 
59361.827226 -2.207208 
59361.861878 -2.146834 
59361.896530 -2.084123 
59361.931182 -2.019480 
59361.965834 -1.953225 
59362.000486 -1.885610 
59362.035138 -1.816832 
59362.069790 -1.747046 
59362.104442 -1.676373 
59362.139094 -1.604901 
59362.173746 -1.532699 
59362.208398 -1.459813 
59362.243050 -1.386275 
59362.277702 -1.312101 
59362.312354 -1.237296 
59362.347006 -1.161855 
59362.381658 -1.085766 
59362.416310 -1.009005 
59362.450962 -0.931546 
59362.485614 -0.853352 
59362.520266 -0.774383 
59362.554918 -0.694593 
59362.589570 -0.613930 
59362.624222 -0.532222 
59362.658874 -0.449627 
59362.693526 -0.365966 
59362.728178 -0.281165 
59362.762830 -0.195146 
59362.797482 -0.107825 
59362.832134 -0.019113 
59362.866786 0.071088 
59362.901438 0.162881 
59362.936090 0.256374 
59362.970742 0.351685 
59363.005394 0.448939 
59363.040046 0.548269 
59363.074698 0.649815 
59363.109350 0.753727 
59363.144002 0.860164 
59363.178654 0.969291 
59363.213306 1.081283 
59363.247958 1.196320 
59363.282610 1.314590 
59363.317262 1.436279 
59363.351914 1.561573 
59363.386566 1.690646 
59363.421218 1.823656 
59363.455870 1.960719 
59363.490522 2.101898 
59363.525174 2.247161 
59363.559826 2.396334 
59363.594478 2.549029 
59363.629130 2.704538 
59363.663782 2.861672 
59363.698434 3.018534 
59363.733086 3.172180 
59363.767738 3.318133 
59363.802390 3.449702 
59363.837042 3.557068 
59363.871694 3.626179 
59363.906346 3.637689 
59363.940998 3.566633 
59363.975650 3.384231 
59364.010302 3.063871 
59364.044954 2.592391 
59364.079606 1.983394 
59364.114258 1.281994 
59364.148910 0.556674 
59364.183562 -0.127280 
59364.218214 -0.724728 
59364.252866 -1.216676 
59364.287518 -1.604142 
59364.322170 -1.898951 
59364.356822 -2.116602 
59364.391474 -2.272260 
59364.426126 -2.379070 
59364.460778 -2.447747 
59364.495430 -2.486757 
59364.530082 -2.502671 
59364.564734 -2.500559 
59364.599386 -2.484320 
59364.634038 -2.456961 
59364.668690 -2.420801 
59364.703342 -2.377642 
59364.737994 -2.328885 
59364.772646 -2.275627 
59364.807298 -2.218729 
59364.841950 -2.158869 
59364.876602 -2.096581 
59364.911254 -2.032290 
59364.945906 -1.966329 
59364.980558 -1.898963 
59365.015210 -1.830400 
59365.049862 -1.760801 
59365.084514 -1.690294 
59365.119166 -1.618973 
59365.153818 -1.546910 
59365.188470 -1.474155 
59365.223122 -1.400743 
59365.257774 -1.326692 
59365.292426 -1.252011 
59365.327078 -1.176696 
59365.361730 -1.100735 
59365.396382 -1.024108 
59365.431034 -0.946788 
59365.465686 -0.868741 
59365.500338 -0.789928 
59365.534990 -0.710303 
59365.569642 -0.629815 
59365.604294 -0.548296 
59365.638946 -0.465902 
59365.673598 -0.382455 
59365.708250 -0.297884 
59365.742902 -0.212110 
59365.777554 -0.125052 
59365.812206 -0.036619 
59365.846858 0.053282 
59365.881510 0.144754 
59365.916162 0.237905 
59365.950814 0.332850 
59365.985466 0.429713 
59366.020118 0.528625 
59366.054770 0.629725 
59366.089422 0.733161 
59366.124074 0.839090 
59366.158726 0.947676 
59366.193378 1.059092 
59366.228030 1.173518 
59366.262682 1.291139 
59366.297334 1.412143 
59366.331986 1.536716 
59366.366638 1.665036 
59366.401290 1.797262 
59366.435942 1.933524 
59366.470594 2.073895 
59366.505246 2.218366 
59366.539898 2.366795 
59366.574550 2.518843 
59366.609202 2.673876 
59366.643854 2.830815 
59366.678506 2.987923 
59366.713158 3.142496 
59366.747810 3.290404 
59366.782462 3.425454 
59366.817114 3.538523 
59366.851766 3.616480 
59366.886418 3.641080 
59366.921070 3.588413 
59366.955722 3.430134 
59366.990374 3.138476 
59367.025026 2.696557 
59367.059678 2.111871 
59367.094330 1.423558 
59367.128982 0.697478 
59367.163634 0.001029 
59367.198286 -0.615656 
59367.232938 -1.128702 
59367.267590 -1.535939 
59367.302242 -1.847733 
59367.336894 -2.079270 
59367.371546 -2.245972 
59367.406198 -2.361437 
59367.440850 -2.436858 
59367.475502 -2.481112 
59367.510154 -2.501112 
59367.544806 -2.502194 
59367.579458 -2.488464 
59367.614110 -2.463083 
59367.648762 -2.428492 
59367.683414 -2.386583 
59367.718066 -2.338829 
59367.752718 -2.286379 
59367.787370 -2.230136 
59367.822022 -2.170811 
59367.856674 -2.108963 
59367.891326 -2.045035 
59367.925978 -1.979379 
59367.960630 -1.912270 
59367.995282 -1.843928 
59368.029934 -1.774521 
59368.064586 -1.704184 
59368.099238 -1.633016 
59368.133890 -1.561093 
59368.168542 -1.488471 
59368.203194 -1.415186 
59368.237846 -1.341260 
59368.272498 -1.266702 
59368.307150 -1.191512 
59368.341802 -1.115679 
59368.376454 -1.039185 
59368.411106 -0.962003 
59368.445758 -0.884102 
59368.480410 -0.805442 
59368.515062 -0.725980 
59368.549714 -0.645666 
59368.584366 -0.564332 
59368.619018 -0.482136 
59368.653670 -0.398902 
59368.688322 -0.314556 
59368.722974 -0.229025 
59368.757626 -0.142225 
59368.792278 -0.054069 
59368.826930 0.035536 
59368.861582 0.126692 
59368.896234 0.219505 
59368.930886 0.314089 
59368.965538 0.410566 
59369.000190 0.509065 
59369.034842 0.609725 
59369.069494 0.712691 
59369.104146 0.818118 
59369.138798 0.926170 
59369.173450 1.037017 
59369.208102 1.150839 
59369.242754 1.267819 
59369.277406 1.388145 
59369.312058 1.512003 
59369.346710 1.639575 
59369.381362 1.771025 
59369.416014 1.906487 
59369.450666 2.046050 
59369.485318 2.189723 
59369.519970 2.337395 
59369.554622 2.488774 
59369.589274 2.643290 
59369.623926 2.799967 
59369.658578 2.957220 
59369.693230 3.112563 
59369.727882 3.262190 
59369.762534 3.400373 
59369.797186 3.518644 
59369.831838 3.604748 
59369.866490 3.641517 
59369.901142 3.606133 
59369.935794 3.470878 
59369.970446 3.207229 
59370.005098 2.795127 
59370.039750 2.236312 
59370.074402 1.563628 
59370.109054 0.839484 
59370.143706 0.132491 
59370.178358 -0.502531 
59370.213010 -1.036624 
59370.247662 -1.464054 
59370.282314 -1.793430 
59370.316966 -2.039452 
59370.351618 -2.217721 
59370.386270 -2.342273 
59370.420922 -2.424776 
59370.455574 -2.474540 
59370.490226 -2.498830 
59370.524878 -2.503264 
59370.559530 -2.492162 
59370.594182 -2.468853 
59370.628834 -2.435903 
59370.663486 -2.395302 
59370.698138 -2.348594 
59370.732790 -2.296986 
59370.767442 -2.241426 
59370.802094 -2.182656 
59370.836746 -2.121264 
59370.871398 -2.057714 
59370.906050 -1.992373 
59370.940702 -1.925531 
59370.975354 -1.857415 
59371.010006 -1.788206 
59371.044658 -1.718042 
59371.079310 -1.647030 
59371.113962 -1.575251 
59371.148614 -1.502762 
59371.183266 -1.429605 
59371.217918 -1.355803 
59371.252570 -1.281369 
59371.287222 -1.206304 
59371.321874 -1.130598 
59371.356526 -1.054235 
59371.391178 -0.977191 
59371.425830 -0.899433 
59371.460482 -0.820925 
59371.495134 -0.741624 
59371.529786 -0.661481 
59371.564438 -0.580330 
59371.599090 -0.498331 
59371.633742 -0.415305 
59371.668394 -0.331184 
59371.703046 -0.245891 
59371.737698 -0.159346 
59371.772350 -0.071464 
59371.807002 0.017850 
59371.841654 0.108694 
59371.876306 0.201173 
59371.910958 0.295400 
59371.945610 0.391496 
59371.980262 0.489588 
59372.014914 0.589813 
59372.049566 0.692315 
59372.084218 0.797248 
59372.118870 0.904772 
