# time Tc_folded Tref_folded value value_err offset model full_model val_compare val_compare_err residuals residuals_err jitter jitter_flag offset_flag subset_flag 
59333.151961 0.000000 0.000000 -4.733000 0.950000 0.162169 -2.645469 -2.483300 -4.895169 0.950000 -2.249700 0.950000 1.840605  -1  -1  -1 
59333.152667 0.000000 0.000000 -7.000000 0.950000 0.162169 -2.645212 -2.483044 -7.162169 0.950000 -4.516956 0.950000 1.840605  -1  -1  -1 
59333.153373 0.000000 0.000000 -6.950000 0.950000 0.162169 -2.644956 -2.482788 -7.112169 0.950000 -4.467212 0.950000 1.840605  -1  -1  -1 
59336.044295 0.000000 0.000000 -0.567000 0.950000 0.162169 -1.588682 -1.426513 -0.729169 0.950000 0.859513 0.950000 1.840605  -1  -1  -1 
59336.045745 0.000000 0.000000 -2.333000 0.950000 0.162169 -1.588168 -1.426000 -2.495169 0.950000 -0.907000 0.950000 1.840605  -1  -1  -1 
59336.046451 0.000000 0.000000 -1.117000 0.950000 0.162169 -1.587918 -1.425749 -1.279169 0.950000 0.308749 0.950000 1.840605  -1  -1  -1 
59337.054588 0.000000 0.000000 -0.450000 0.950000 0.162169 -1.240810 -1.078642 -0.612169 0.950000 0.628642 0.950000 1.840605  -1  -1  -1 
59337.055294 0.000000 0.000000 -0.317000 0.950000 0.162169 -1.240575 -1.078407 -0.479169 0.950000 0.761407 0.950000 1.840605  -1  -1  -1 
59337.055999 0.000000 0.000000 2.117000 0.950000 0.162169 -1.240341 -1.078172 1.954831 0.950000 3.195172 0.950000 1.840605  -1  -1  -1 
59338.142666 0.000000 0.000000 -1.183000 0.950000 0.162169 -0.895594 -0.733425 -1.345169 0.950000 -0.449575 0.950000 1.840605  -1  -1  -1 
59338.143375 0.000000 0.000000 -0.900000 0.950000 0.162169 -0.895381 -0.733212 -1.062169 0.950000 -0.166788 0.950000 1.840605  -1  -1  -1 
59338.144784 0.000000 0.000000 0.033000 0.950000 0.162169 -0.894958 -0.732789 -0.129169 0.950000 0.765789 0.950000 1.840605  -1  -1  -1 
59339.164449 0.000000 0.000000 -0.200000 0.950000 0.162169 -0.607545 -0.445377 -0.362169 0.950000 0.245377 0.950000 1.840605  -1  -1  -1 
59339.165155 0.000000 0.000000 0.400000 0.950000 0.162169 -0.607360 -0.445191 0.237831 0.950000 0.845191 0.950000 1.840605  -1  -1  -1 
59339.166567 0.000000 0.000000 -2.583000 0.950000 0.162169 -0.606989 -0.444821 -2.745169 0.950000 -2.138179 0.950000 1.840605  -1  -1  -1 
59340.102238 0.000000 0.000000 1.250000 0.950000 0.162169 -0.379321 -0.217152 1.087831 0.950000 1.467152 0.950000 1.840605  -1  -1  -1 
59340.103650 0.000000 0.000000 0.800000 0.950000 0.162169 -0.379005 -0.216836 0.637831 0.950000 1.016836 0.950000 1.840605  -1  -1  -1 
59340.104356 0.000000 0.000000 -1.067000 0.950000 0.162169 -0.378847 -0.216678 -1.229169 0.950000 -0.850322 0.950000 1.840605  -1  -1  -1 
59341.060305 0.000000 0.000000 3.300000 0.950000 0.162169 -0.185100 -0.022932 3.137831 0.950000 3.322932 0.950000 1.840605  -1  -1  -1 
59341.061717 0.000000 0.000000 1.233000 0.950000 0.162169 -0.184844 -0.022676 1.070831 0.950000 1.255676 0.950000 1.840605  -1  -1  -1 
59341.062423 0.000000 0.000000 -1.517000 0.950000 0.162169 -0.184716 -0.022547 -1.679169 0.950000 -1.494453 0.950000 1.840605  -1  -1  -1 
59342.127214 0.000000 0.000000 1.233000 0.950000 0.162169 -0.016479 0.145689 1.070831 0.950000 1.087311 0.950000 1.840605  -1  -1  -1 
59342.128626 0.000000 0.000000 0.950000 0.950000 0.162169 -0.016289 0.145880 0.787831 0.950000 0.804120 0.950000 1.840605  -1  -1  -1 
59342.129333 0.000000 0.000000 0.567000 0.950000 0.162169 -0.016194 0.145975 0.404831 0.950000 0.421025 0.950000 1.840605  -1  -1  -1 
59343.096509 0.000000 0.000000 2.600000 0.950000 0.162169 0.094392 0.256561 2.437831 0.950000 2.343439 0.950000 1.840605  -1  -1  -1 
59343.097921 0.000000 0.000000 -0.367000 0.950000 0.162169 0.094526 0.256694 -0.529169 0.950000 -0.623694 0.950000 1.840605  -1  -1  -1 
59343.098626 0.000000 0.000000 -2.567000 0.950000 0.162169 0.094593 0.256761 -2.729169 0.950000 -2.823761 0.950000 1.840605  -1  -1  -1 
59345.087496 0.000000 0.000000 0.333000 0.950000 0.162169 0.213007 0.375176 0.170831 0.950000 -0.042176 0.950000 1.840605  -1  -1  -1 
59345.088908 0.000000 0.000000 4.900000 0.950000 0.162169 0.213049 0.375217 4.737831 0.950000 4.524783 0.950000 1.840605  -1  -1  -1 
59345.089615 0.000000 0.000000 2.783000 0.950000 0.162169 0.213069 0.375238 2.620831 0.950000 2.407762 0.950000 1.840605  -1  -1  -1 
59347.165174 0.000000 0.000000 0.850000 0.950000 0.162169 0.234319 0.396488 0.687831 0.950000 0.453512 0.950000 1.840605  -1  -1  -1 
59347.165880 0.000000 0.000000 0.000000 0.950000 0.162169 0.234318 0.396487 -0.162169 0.950000 -0.396487 0.950000 1.840605  -1  -1  -1 
59347.166589 0.000000 0.000000 1.283000 0.950000 0.162169 0.234317 0.396486 1.120831 0.950000 0.886514 0.950000 1.840605  -1  -1  -1 
59349.156919 0.000000 0.000000 -1.800000 0.950000 0.162169 0.237904 0.400073 -1.962169 0.950000 -2.200073 0.950000 1.840605  -1  -1  -1 
59349.159037 0.000000 0.000000 -0.733000 0.950000 0.162169 0.237930 0.400098 -0.895169 0.950000 -1.133098 0.950000 1.840605  -1  -1  -1 
59349.159743 0.000000 0.000000 -0.400000 0.950000 0.162169 0.237938 0.400107 -0.562169 0.950000 -0.800107 0.950000 1.840605  -1  -1  -1 
59351.095299 0.000000 0.000000 2.000000 0.950000 0.162169 0.304096 0.466265 1.837831 0.950000 1.533735 0.950000 1.840605  -1  -1  -1 
59351.096005 0.000000 0.000000 0.883000 0.950000 0.162169 0.304140 0.466308 0.720831 0.950000 0.416692 0.950000 1.840605  -1  -1  -1 
59351.097417 0.000000 0.000000 4.433000 0.950000 0.162169 0.304227 0.466395 4.270831 0.950000 3.966605 0.950000 1.840605  -1  -1  -1 
59352.132027 0.000000 0.000000 3.117000 0.950000 0.162169 0.386758 0.548926 2.954831 0.950000 2.568074 0.950000 1.840605  -1  -1  -1 
59352.134142 0.000000 0.000000 -1.783000 0.950000 0.162169 0.386967 0.549136 -1.945169 0.950000 -2.332136 0.950000 1.840605  -1  -1  -1 
59352.134848 0.000000 0.000000 4.000000 0.950000 0.162169 0.387037 0.549205 3.837831 0.950000 3.450795 0.950000 1.840605  -1  -1  -1 
59358.106134 0.000000 0.000000 1.417000 0.950000 0.162169 1.698177 1.860345 1.254831 0.950000 -0.443345 0.950000 1.840605  -1  -1  -1 
59358.106840 0.000000 0.000000 -0.817000 0.950000 0.162169 1.698407 1.860575 -0.979169 0.950000 -2.677575 0.950000 1.840605  -1  -1  -1 
59358.108959 0.000000 0.000000 -2.000000 0.950000 0.162169 1.699097 1.861266 -2.162169 0.950000 -3.861266 0.950000 1.840605  -1  -1  -1 
59359.054266 0.000000 0.000000 -1.517000 0.950000 0.162169 2.017271 2.179439 -1.679169 0.950000 -3.696439 0.950000 1.840605  -1  -1  -1 
59359.056384 0.000000 0.000000 -0.600000 0.950000 0.162169 2.018004 2.180172 -0.762169 0.950000 -2.780172 0.950000 1.840605  -1  -1  -1 
59359.057090 0.000000 0.000000 1.600000 0.950000 0.162169 2.018248 2.180417 1.437831 0.950000 -0.580417 0.950000 1.840605  -1  -1  -1 
59360.145042 0.000000 0.000000 4.633000 0.950000 0.162169 2.403098 2.565267 4.470831 0.950000 2.067733 0.950000 1.840605  -1  -1  -1 
59360.146454 0.000000 0.000000 4.300000 0.950000 0.162169 2.403606 2.565774 4.137831 0.950000 1.734226 0.950000 1.840605  -1  -1  -1 
59360.147195 0.000000 0.000000 -0.550000 0.950000 0.162169 2.403872 2.566041 -0.712169 0.950000 -3.116041 0.950000 1.840605  -1  -1  -1 
